{
  "model": "meta-llama/Meta-Llama-3.1-70B-Instruct",
  "sign": "positive",
  "percentage": 0.1,
  "component": "neurons",
  "tasks": [
    "MD/add_sub_2op_symbolic",
    "MD/add_sub_2op_verbal",
    "MD/add_sub_3op_symbolic",
    "MD/add_sub_3op_verbal",
    "MD/code_A",
    "MD/code_B",
    "MD/code_conditional",
    "MD/code_list",
    "MD/code_loop",
    "MD/logic_propositional_1",
    "MD/logic_propositional_symbolic",
    "MD/logic_syllogism_1",
    "MD/logic_syllogism_symbolic",
    "MD/mul_div_2op_symbolic",
    "MD/mul_div_2op_verbal",
    "MD/mul_div_3op_symbolic",
    "MD/number_sorting",
    "MD/simple_equation",
    "ToM/agent",
    "ToM/desires_goals",
    "ToM/emotion_fewshot",
    "ToM/norm_appropriate",
    "ToM/norm_moral",
    "ToM/primary_emotions",
    "ToM/secondary_emotions",
    "ToM/social_interactions",
    "ToM/social_relations",
    "phys/phys_newton",
    "phys/phys_prost",
    "phys/physics_brightness",
    "phys/physics_buoyancy",
    "phys/physics_elasticity",
    "phys/physics_solubility",
    "phys/physics_speed",
    "phys/physics_stability",
    "phys/physics_temperature",
    "Lan/anaphor_gender_agreement",
    "Lan/det_noun_agreement_irregular",
    "Lan/det_noun_agreement_regular",
    "Lan/det_noun_agreement_with_adjective",
    "Lan/hypernymy",
    "Lan/npi",
    "Lan/wug"
  ],
  "overlap_matrix": [
    [
      1.0,
      0.23855211513301353,
      0.7466201482773659,
      0.20671609245529873,
      0.19886611426079373,
      0.0776275621456607,
      0.047099869167030094,
      0.06149149585695595,
      0.1774967291757523,
      0.0,
      0.0017444395987788923,
      0.01744439598778892,
      0.01875272568687309,
      0.610989969472307,
      0.22764936764064544,
      0.46925425207152205,
      0.0030527692978630614,
      0.37679895333624075,
      0.0004361098996947231,
      0.0026166593981683385,
      0.007849978194505015,
      0.01003052769297863,
      0.0113388573920628,
      0.0008722197993894462,
      0.0039249890972525075,
      0.0026166593981683385,
      0.004797208896641954,
      0.0226777147841256,
      0.02573048408198866,
      0.016136066288704752,
      0.00872219799389446,
      0.007849978194505015,
      0.0113388573920628,
      0.010466637592673354,
      0.010466637592673354,
      0.014827736589620584,
      0.0030527692978630614,
      0.006105538595726123,
      0.005233318796336677,
      0.0056694286960314,
      0.0056694286960314,
      0.0030527692978630614,
      0.02703881378107283
    ],
    [
      0.23855211513301353,
      1.0,
      0.1910161360662887,
      0.44832097688617534,
      0.23026602703881377,
      0.1513301351940689,
      0.11469690361971217,
      0.1378107283035325,
      0.18578281726995202,
      0.009594417793283908,
      0.0034888791975577847,
      0.04840819886611426,
      0.02006105538595726,
      0.2341910161360663,
      0.6127344090710859,
      0.2594853903183602,
      0.007849978194505015,
      0.26384648931530746,
      0.0056694286960314,
      0.01569995638901003,
      0.05931094635848234,
      0.04797208896641954,
      0.029219363279546447,
      0.0056694286960314,
      0.016572176188399478,
      0.017880505887483647,
      0.019188835586567816,
      0.1020497165285652,
      0.10902747492368077,
      0.044483209768861755,
      0.07195813344962931,
      0.03794156127344091,
      0.06628870475359791,
      0.07588312254688181,
      0.05364151766245094,
      0.07108591365023986,
      0.02442215438290449,
      0.031836022677714786,
      0.02878325337985172,
      0.029219363279546447,
      0.03881378107283035,
      0.01439162668992586,
      0.03270824247710423
    ],
    [
      0.7466201482773659,
      0.1910161360662887,
      1.0,
      0.18360226777147842,
      0.13301351940689055,
      0.051897078063672046,
      0.033144352376798955,
      0.04143044047099869,
      0.12036633231574356,
      0.0,
      0.0026166593981683385,
      0.01003052769297863,
      0.01744439598778892,
      0.5586567815089403,
      0.19319668556476233,
      0.42782381160052335,
      0.0013083296990841692,
      0.34627126035761013,
      0.0004361098996947231,
      0.002180549498473615,
      0.007413868294810292,
      0.0056694286960314,
      0.010466637592673354,
      0.0008722197993894462,
      0.0039249890972525075,
      0.0039249890972525075,
      0.00436109899694723,
      0.01875272568687309,
      0.02006105538595726,
      0.01003052769297863,
      0.005233318796336677,
      0.006977758395115569,
      0.0113388573920628,
      0.006977758395115569,
      0.007413868294810292,
      0.012211077191452245,
      0.0030527692978630614,
      0.0034888791975577847,
      0.00436109899694723,
      0.0056694286960314,
      0.004797208896641954,
      0.0008722197993894462,
      0.016572176188399478
    ],
    [
      0.20671609245529873,
      0.44832097688617534,
      0.18360226777147842,
      1.0,
      0.15787178368948976,
      0.08242477104230266,
      0.06454426515481901,
      0.06367204535542957,
      0.14827736589620585,
      0.013083296990841693,
      0.006977758395115569,
      0.04143044047099869,
      0.0170082860880942,
      0.20322721325774096,
      0.42607937200174445,
      0.2307021369385085,
      0.01264718709114697,
      0.23113824683820322,
      0.010902747492368076,
      0.015263846489315308,
      0.04273877017008286,
      0.04012211077191452,
      0.0226777147841256,
      0.010466637592673354,
      0.014827736589620584,
      0.0226777147841256,
      0.0226777147841256,
      0.05146096816397732,
      0.0510248582642826,
      0.03663323157435674,
      0.042302660270388134,
      0.02529437418229394,
      0.04753597906672481,
      0.040558220671609246,
      0.03750545137374618,
      0.04404709986916703,
      0.017880505887483647,
      0.024858264282599216,
      0.023549934583515047,
      0.024858264282599216,
      0.02965547317924117,
      0.013083296990841693,
      0.021805494984736152
    ],
    [
      0.19886611426079373,
      0.23026602703881377,
      0.13301351940689055,
      0.15787178368948976,
      1.0,
      0.24901875272568688,
      0.4247710423026603,
      0.20715220235499346,
      0.39598778892280856,
      0.023549934583515047,
      0.019188835586567816,
      0.085041430440471,
      0.0396860008722198,
      0.18273004797208897,
      0.1949411251635412,
      0.22416048844308767,
      0.04143044047099869,
      0.2642825992150022,
      0.02136938508504143,
      0.01569995638901003,
      0.07064980375054514,
      0.07239424334932403,
      0.05233318796336677,
      0.009594417793283908,
      0.019188835586567816,
      0.02311382468382032,
      0.054513737461840385,
      0.14914958569559528,
      0.15263846489315308,
      0.06977758395115569,
      0.06628870475359791,
      0.05146096816397732,
      0.06323593545573485,
      0.07413868294810293,
      0.06890536415176625,
      0.06367204535542957,
      0.01569995638901003,
      0.019188835586567816,
      0.02136938508504143,
      0.0170082860880942,
      0.02136938508504143,
      0.012211077191452245,
      0.029219363279546447
    ],
    [
      0.0776275621456607,
      0.1513301351940689,
      0.051897078063672046,
      0.08242477104230266,
      0.24901875272568688,
      1.0,
      0.376362843436546,
      0.647187091146969,
      0.05887483645878761,
      0.028347143480157,
      0.020497165285651986,
      0.06454426515481901,
      0.06759703445268207,
      0.06149149585695595,
      0.12865242040994332,
      0.05364151766245094,
      0.02703881378107283,
      0.0340165721761884,
      0.02311382468382032,
      0.0170082860880942,
      0.11382468382032272,
      0.08547754034016572,
      0.09158307893589185,
      0.006977758395115569,
      0.027911033580462277,
      0.043610989969472304,
      0.06934147405146097,
      0.340165721761884,
      0.3689489751417357,
      0.11382468382032272,
      0.13126907980811164,
      0.08198866114260794,
      0.13388573920627997,
      0.10292193632795464,
      0.10641081552551243,
      0.12123855211513301,
      0.013083296990841693,
      0.016136066288704752,
      0.0170082860880942,
      0.016572176188399478,
      0.02311382468382032,
      0.006977758395115569,
      0.06149149585695595
    ],
    [
      0.047099869167030094,
      0.11469690361971217,
      0.033144352376798955,
      0.06454426515481901,
      0.4247710423026603,
      0.376362843436546,
      1.0,
      0.3406018316615787,
      0.051897078063672046,
      0.03706934147405146,
      0.027474923680767552,
      0.1264718709114697,
      0.057130396860008724,
      0.043174880069777585,
      0.08765808983863933,
      0.0340165721761884,
      0.0226777147841256,
      0.02703881378107283,
      0.031836022677714786,
      0.028347143480157,
      0.09899694723070214,
      0.10641081552551243,
      0.07413868294810293,
      0.012211077191452245,
      0.03270824247710423,
      0.03532490187527257,
      0.06846925425207152,
      0.2158744003488879,
      0.23375490623637157,
      0.10335804622764937,
      0.09332751853467074,
      0.07631923244657654,
      0.0907108591365024,
      0.10248582642825992,
      0.1020497165285652,
      0.09201918883558657,
      0.0226777147841256,
      0.02878325337985172,
      0.028347143480157,
      0.02529437418229394,
      0.042302660270388134,
      0.0170082860880942,
      0.0641081552551243
    ],
    [
      0.06149149585695595,
      0.1378107283035325,
      0.04143044047099869,
      0.06367204535542957,
      0.20715220235499346,
      0.647187091146969,
      0.3406018316615787,
      1.0,
      0.043610989969472304,
      0.027474923680767552,
      0.02006105538595726,
      0.06890536415176625,
      0.06716092455298735,
      0.04884430876580898,
      0.11077191452245966,
      0.0396860008722198,
      0.028347143480157,
      0.030963802878325338,
      0.02529437418229394,
      0.01744439598778892,
      0.12559965111208024,
      0.09332751853467074,
      0.09550806803314435,
      0.007413868294810292,
      0.029219363279546447,
      0.04143044047099869,
      0.07108591365023986,
      0.34627126035761013,
      0.37941561273440905,
      0.11600523331879634,
      0.14042738770170082,
      0.09158307893589185,
      0.14871347579590058,
      0.09725250763192324,
      0.11469690361971217,
      0.13344962930658527,
      0.017880505887483647,
      0.02398604448320977,
      0.026602703881378108,
      0.024858264282599216,
      0.035761011774967294,
      0.012211077191452245,
      0.06018316615787178
    ],
    [
      0.1774967291757523,
      0.18578281726995202,
      0.12036633231574356,
      0.14827736589620585,
      0.39598778892280856,
      0.05887483645878761,
      0.051897078063672046,
      0.043610989969472304,
      1.0,
      0.007413868294810292,
      0.009158307893589184,
      0.03924989097252508,
      0.017880505887483647,
      0.18229393807239425,
      0.1665939816833842,
      0.226777147841256,
      0.016136066288704752,
      0.2865242040994331,
      0.01003052769297863,
      0.01439162668992586,
      0.01962494548626254,
      0.02311382468382032,
      0.010902747492368076,
      0.006105538595726123,
      0.012211077191452245,
      0.015263846489315308,
      0.017880505887483647,
      0.02878325337985172,
      0.027474923680767552,
      0.01744439598778892,
      0.026166593981683386,
      0.020933275185346708,
      0.02398604448320977,
      0.020933275185346708,
      0.021805494984736152,
      0.026602703881378108,
      0.02703881378107283,
      0.02529437418229394,
      0.03009158307893589,
      0.02442215438290449,
      0.028347143480157,
      0.01962494548626254,
      0.02311382468382032
    ],
    [
      0.0,
      0.009594417793283908,
      0.0,
      0.013083296990841693,
      0.023549934583515047,
      0.028347143480157,
      0.03706934147405146,
      0.027474923680767552,
      0.007413868294810292,
      1.0,
      0.08547754034016572,
      0.041866550370693416,
      0.13344962930658527,
      0.0,
      0.007413868294810292,
      0.0013083296990841692,
      0.014827736589620584,
      0.0034888791975577847,
      0.03750545137374618,
      0.016136066288704752,
      0.022241604884430877,
      0.030527692978630616,
      0.0226777147841256,
      0.013519406890536415,
      0.01569995638901003,
      0.033580462276493674,
      0.03924989097252508,
      0.12385521151330135,
      0.10117749672917575,
      0.01962494548626254,
      0.02006105538595726,
      0.017880505887483647,
      0.0170082860880942,
      0.0226777147841256,
      0.02573048408198866,
      0.01569995638901003,
      0.0039249890972525075,
      0.0013083296990841692,
      0.0004361098996947231,
      0.0004361098996947231,
      0.0013083296990841692,
      0.00436109899694723,
      0.0039249890972525075
    ],
    [
      0.0017444395987788923,
      0.0034888791975577847,
      0.0026166593981683385,
      0.006977758395115569,
      0.019188835586567816,
      0.020497165285651986,
      0.027474923680767552,
      0.02006105538595726,
      0.009158307893589184,
      0.08547754034016572,
      1.0,
      0.0340165721761884,
      0.06061927605756651,
      0.0004361098996947231,
      0.0034888791975577847,
      0.006977758395115569,
      0.01569995638901003,
      0.007849978194505015,
      0.05843872655909289,
      0.030963802878325338,
      0.011774967291757523,
      0.014827736589620584,
      0.013083296990841693,
      0.02703881378107283,
      0.031836022677714786,
      0.04840819886611426,
      0.056694286960314,
      0.07283035324901875,
      0.05756650675970344,
      0.01264718709114697,
      0.0113388573920628,
      0.010466637592673354,
      0.012211077191452245,
      0.012211077191452245,
      0.013955516790231139,
      0.008286088094199739,
      0.0056694286960314,
      0.002180549498473615,
      0.0017444395987788923,
      0.0008722197993894462,
      0.0026166593981683385,
      0.0030527692978630614,
      0.0008722197993894462
    ],
    [
      0.01744439598778892,
      0.04840819886611426,
      0.01003052769297863,
      0.04143044047099869,
      0.085041430440471,
      0.06454426515481901,
      0.1264718709114697,
      0.06890536415176625,
      0.03924989097252508,
      0.041866550370693416,
      0.0340165721761884,
      1.0,
      0.042302660270388134,
      0.016572176188399478,
      0.04012211077191452,
      0.023549934583515047,
      0.017880505887483647,
      0.020497165285651986,
      0.043610989969472304,
      0.017880505887483647,
      0.03924989097252508,
      0.06105538595726123,
      0.04143044047099869,
      0.0113388573920628,
      0.027911033580462277,
      0.03750545137374618,
      0.057130396860008724,
      0.07283035324901875,
      0.07326646314871348,
      0.033580462276493674,
      0.040558220671609246,
      0.026602703881378108,
      0.03270824247710423,
      0.047099869167030094,
      0.054513737461840385,
      0.03488879197557784,
      0.019188835586567816,
      0.023549934583515047,
      0.022241604884430877,
      0.0226777147841256,
      0.026166593981683386,
      0.024858264282599216,
      0.02311382468382032
    ],
    [
      0.01875272568687309,
      0.02006105538595726,
      0.01744439598778892,
      0.0170082860880942,
      0.0396860008722198,
      0.06759703445268207,
      0.057130396860008724,
      0.06716092455298735,
      0.017880505887483647,
      0.13344962930658527,
      0.06061927605756651,
      0.042302660270388134,
      1.0,
      0.01264718709114697,
      0.024858264282599216,
      0.0170082860880942,
      0.034452682075883125,
      0.01831661578717837,
      0.035761011774967294,
      0.010466637592673354,
      0.03488879197557784,
      0.04012211077191452,
      0.044483209768861755,
      0.010466637592673354,
      0.01744439598778892,
      0.035761011774967294,
      0.05364151766245094,
      0.15089402529437418,
      0.13737461840383777,
      0.03706934147405146,
      0.04012211077191452,
      0.03794156127344091,
      0.03663323157435674,
      0.033580462276493674,
      0.04928041866550371,
      0.02442215438290449,
      0.0034888791975577847,
      0.0013083296990841692,
      0.0013083296990841692,
      0.0008722197993894462,
      0.002180549498473615,
      0.0039249890972525075,
      0.004797208896641954
    ],
    [
      0.610989969472307,
      0.2341910161360663,
      0.5586567815089403,
      0.20322721325774096,
      0.18273004797208897,
      0.06149149585695595,
      0.043174880069777585,
      0.04884430876580898,
      0.18229393807239425,
      0.0,
      0.0004361098996947231,
      0.016572176188399478,
      0.01264718709114697,
      1.0,
      0.24465765372873965,
      0.6000872219799389,
      0.0039249890972525075,
      0.36371565634539904,
      0.002180549498473615,
      0.006105538595726123,
      0.013955516790231139,
      0.01264718709114697,
      0.01264718709114697,
      0.0034888791975577847,
      0.006105538595726123,
      0.007413868294810292,
      0.006977758395115569,
      0.022241604884430877,
      0.024858264282599216,
      0.01744439598778892,
      0.009594417793283908,
      0.01264718709114697,
      0.020497165285651986,
      0.01569995638901003,
      0.013519406890536415,
      0.01875272568687309,
      0.007849978194505015,
      0.014827736589620584,
      0.013519406890536415,
      0.01439162668992586,
      0.014827736589620584,
      0.007849978194505015,
      0.01962494548626254
    ],
    [
      0.22764936764064544,
      0.6127344090710859,
      0.19319668556476233,
      0.42607937200174445,
      0.1949411251635412,
      0.12865242040994332,
      0.08765808983863933,
      0.11077191452245966,
      0.1665939816833842,
      0.007413868294810292,
      0.0034888791975577847,
      0.04012211077191452,
      0.024858264282599216,
      0.24465765372873965,
      1.0,
      0.27126035761011774,
      0.0065416484954208464,
      0.26384648931530746,
      0.004797208896641954,
      0.016572176188399478,
      0.054949847361535104,
      0.03881378107283035,
      0.02965547317924117,
      0.005233318796336677,
      0.019188835586567816,
      0.016136066288704752,
      0.01962494548626254,
      0.08286088094199738,
      0.0867858700392499,
      0.04666375926733537,
      0.06149149585695595,
      0.03139991277802006,
      0.061927605756650676,
      0.06018316615787178,
      0.04971652856519843,
      0.06672481465329264,
      0.020933275185346708,
      0.020497165285651986,
      0.021805494984736152,
      0.02006105538595726,
      0.02398604448320977,
      0.0170082860880942,
      0.02529437418229394
    ],
    [
      0.46925425207152205,
      0.2594853903183602,
      0.42782381160052335,
      0.2307021369385085,
      0.22416048844308767,
      0.05364151766245094,
      0.0340165721761884,
      0.0396860008722198,
      0.226777147841256,
      0.0013083296990841692,
      0.006977758395115569,
      0.023549934583515047,
      0.0170082860880942,
      0.6000872219799389,
      0.27126035761011774,
      1.0,
      0.008286088094199739,
      0.4012211077191452,
      0.0034888791975577847,
      0.007849978194505015,
      0.017880505887483647,
      0.014827736589620584,
      0.014827736589620584,
      0.00436109899694723,
      0.013519406890536415,
      0.009594417793283908,
      0.011774967291757523,
      0.019188835586567816,
      0.01962494548626254,
      0.016136066288704752,
      0.013519406890536415,
      0.016572176188399478,
      0.020933275185346708,
      0.016572176188399478,
      0.015263846489315308,
      0.023549934583515047,
      0.01264718709114697,
      0.016572176188399478,
      0.015263846489315308,
      0.013955516790231139,
      0.01875272568687309,
      0.011774967291757523,
      0.013519406890536415
    ],
    [
      0.0030527692978630614,
      0.007849978194505015,
      0.0013083296990841692,
      0.01264718709114697,
      0.04143044047099869,
      0.02703881378107283,
      0.0226777147841256,
      0.028347143480157,
      0.016136066288704752,
      0.014827736589620584,
      0.01569995638901003,
      0.017880505887483647,
      0.034452682075883125,
      0.0039249890972525075,
      0.0065416484954208464,
      0.008286088094199739,
      1.0,
      0.01264718709114697,
      0.01439162668992586,
      0.011774967291757523,
      0.02398604448320977,
      0.026166593981683386,
      0.026602703881378108,
      0.00872219799389446,
      0.009158307893589184,
      0.017880505887483647,
      0.0226777147841256,
      0.033144352376798955,
      0.03139991277802006,
      0.02006105538595726,
      0.022241604884430877,
      0.02006105538595726,
      0.021805494984736152,
      0.02529437418229394,
      0.02529437418229394,
      0.01439162668992586,
      0.0030527692978630614,
      0.0030527692978630614,
      0.0008722197993894462,
      0.0017444395987788923,
      0.0026166593981683385,
      0.0017444395987788923,
      0.0026166593981683385
    ],
    [
      0.37679895333624075,
      0.26384648931530746,
      0.34627126035761013,
      0.23113824683820322,
      0.2642825992150022,
      0.0340165721761884,
      0.02703881378107283,
      0.030963802878325338,
      0.2865242040994331,
      0.0034888791975577847,
      0.007849978194505015,
      0.020497165285651986,
      0.01831661578717837,
      0.36371565634539904,
      0.26384648931530746,
      0.4012211077191452,
      0.01264718709114697,
      1.0,
      0.006105538595726123,
      0.008286088094199739,
      0.016572176188399478,
      0.016572176188399478,
      0.010466637592673354,
      0.00436109899694723,
      0.009158307893589184,
      0.01439162668992586,
      0.014827736589620584,
      0.019188835586567816,
      0.01875272568687309,
      0.016136066288704752,
      0.013519406890536415,
      0.014827736589620584,
      0.020497165285651986,
      0.016136066288704752,
      0.014827736589620584,
      0.020933275185346708,
      0.014827736589620584,
      0.016136066288704752,
      0.012211077191452245,
      0.013083296990841693,
      0.013083296990841693,
      0.009594417793283908,
      0.01264718709114697
    ],
    [
      0.0004361098996947231,
      0.0056694286960314,
      0.0004361098996947231,
      0.010902747492368076,
      0.02136938508504143,
      0.02311382468382032,
      0.031836022677714786,
      0.02529437418229394,
      0.01003052769297863,
      0.03750545137374618,
      0.05843872655909289,
      0.043610989969472304,
      0.035761011774967294,
      0.002180549498473615,
      0.004797208896641954,
      0.0034888791975577847,
      0.01439162668992586,
      0.006105538595726123,
      1.0,
      0.08198866114260794,
      0.02573048408198866,
      0.027911033580462277,
      0.026602703881378108,
      0.06628870475359791,
      0.0737025730484082,
      0.17313563017880507,
      0.13868294810292195,
      0.04928041866550371,
      0.04753597906672481,
      0.020497165285651986,
      0.02573048408198866,
      0.01962494548626254,
      0.0170082860880942,
      0.02573048408198866,
      0.02878325337985172,
      0.012211077191452245,
      0.009158307893589184,
      0.0065416484954208464,
      0.005233318796336677,
      0.0056694286960314,
      0.0056694286960314,
      0.01003052769297863,
      0.005233318796336677
    ],
    [
      0.0026166593981683385,
      0.01569995638901003,
      0.002180549498473615,
      0.015263846489315308,
      0.01569995638901003,
      0.0170082860880942,
      0.028347143480157,
      0.01744439598778892,
      0.01439162668992586,
      0.016136066288704752,
      0.030963802878325338,
      0.017880505887483647,
      0.010466637592673354,
      0.006105538595726123,
      0.016572176188399478,
      0.007849978194505015,
      0.011774967291757523,
      0.008286088094199739,
      0.08198866114260794,
      1.0,
      0.01744439598778892,
      0.02573048408198866,
      0.01569995638901003,
      0.06105538595726123,
      0.13344962930658527,
      0.09725250763192324,
      0.08591365023986045,
      0.022241604884430877,
      0.02442215438290449,
      0.013519406890536415,
      0.016572176188399478,
      0.014827736589620584,
      0.022241604884430877,
      0.016136066288704752,
      0.017880505887483647,
      0.01569995638901003,
      0.01831661578717837,
      0.0113388573920628,
      0.00872219799389446,
      0.01264718709114697,
      0.0170082860880942,
      0.011774967291757523,
      0.01003052769297863
    ],
    [
      0.007849978194505015,
      0.05931094635848234,
      0.007413868294810292,
      0.04273877017008286,
      0.07064980375054514,
      0.11382468382032272,
      0.09899694723070214,
      0.12559965111208024,
      0.01962494548626254,
      0.022241604884430877,
      0.011774967291757523,
      0.03924989097252508,
      0.03488879197557784,
      0.013955516790231139,
      0.054949847361535104,
      0.017880505887483647,
      0.02398604448320977,
      0.016572176188399478,
      0.02573048408198866,
      0.01744439598778892,
      1.0,
      0.113388573920628,
      0.09943305713039687,
      0.02878325337985172,
      0.04971652856519843,
      0.04753597906672481,
      0.05146096816397732,
      0.11687745311818579,
      0.11382468382032272,
      0.08111644134321849,
      0.10074138682948103,
      0.07413868294810293,
      0.08373310074138683,
      0.10728303532490188,
      0.11120802442215438,
      0.07806367204535543,
      0.02965547317924117,
      0.030963802878325338,
      0.03619712167466201,
      0.031836022677714786,
      0.053205407762756216,
      0.01962494548626254,
      0.020933275185346708
    ],
    [
      0.01003052769297863,
      0.04797208896641954,
      0.0056694286960314,
      0.04012211077191452,
      0.07239424334932403,
      0.08547754034016572,
      0.10641081552551243,
      0.09332751853467074,
      0.02311382468382032,
      0.030527692978630616,
      0.014827736589620584,
      0.06105538595726123,
      0.04012211077191452,
      0.01264718709114697,
      0.03881378107283035,
      0.014827736589620584,
      0.026166593981683386,
      0.016572176188399478,
      0.027911033580462277,
      0.02573048408198866,
      0.113388573920628,
      1.0,
      0.16048844308765808,
      0.0170082860880942,
      0.0340165721761884,
      0.047099869167030094,
      0.04622764936764064,
      0.10117749672917575,
      0.09201918883558657,
      0.07326646314871348,
      0.07893589184474488,
      0.06977758395115569,
      0.06149149585695595,
      0.09289140863497601,
      0.1705189707806367,
      0.06585259485390318,
      0.019188835586567816,
      0.02573048408198866,
      0.024858264282599216,
      0.026602703881378108,
      0.03270824247710423,
      0.019188835586567816,
      0.02398604448320977
    ],
    [
      0.0113388573920628,
      0.029219363279546447,
      0.010466637592673354,
      0.0226777147841256,
      0.05233318796336677,
      0.09158307893589185,
      0.07413868294810293,
      0.09550806803314435,
      0.010902747492368076,
      0.0226777147841256,
      0.013083296990841693,
      0.04143044047099869,
      0.044483209768861755,
      0.01264718709114697,
      0.02965547317924117,
      0.014827736589620584,
      0.026602703881378108,
      0.010466637592673354,
      0.026602703881378108,
      0.01569995638901003,
      0.09943305713039687,
      0.16048844308765808,
      1.0,
      0.01264718709114697,
      0.023549934583515047,
      0.040558220671609246,
      0.04971652856519843,
      0.09507195813344962,
      0.10379415612734409,
      0.07021369385085041,
      0.06890536415176625,
      0.0623637156563454,
      0.05756650675970344,
      0.07501090274749236,
      0.1321412996075011,
      0.09419973833406019,
      0.011774967291757523,
      0.015263846489315308,
      0.0170082860880942,
      0.01831661578717837,
      0.017880505887483647,
      0.005233318796336677,
      0.01569995638901003
    ],
    [
      0.0008722197993894462,
      0.0056694286960314,
      0.0008722197993894462,
      0.010466637592673354,
      0.009594417793283908,
      0.006977758395115569,
      0.012211077191452245,
      0.007413868294810292,
      0.006105538595726123,
      0.013519406890536415,
      0.02703881378107283,
      0.0113388573920628,
      0.010466637592673354,
      0.0034888791975577847,
      0.005233318796336677,
      0.00436109899694723,
      0.00872219799389446,
      0.00436109899694723,
      0.06628870475359791,
      0.06105538595726123,
      0.02878325337985172,
      0.0170082860880942,
      0.01264718709114697,
      1.0,
      0.23288268643698212,
      0.07501090274749236,
      0.0623637156563454,
      0.01264718709114697,
      0.010902747492368076,
      0.00872219799389446,
      0.01003052769297863,
      0.009594417793283908,
      0.006977758395115569,
      0.01003052769297863,
      0.016136066288704752,
      0.007413868294810292,
      0.00872219799389446,
      0.0056694286960314,
      0.004797208896641954,
      0.00436109899694723,
      0.006105538595726123,
      0.007849978194505015,
      0.0026166593981683385
    ],
    [
      0.0039249890972525075,
      0.016572176188399478,
      0.0039249890972525075,
      0.014827736589620584,
      0.019188835586567816,
      0.027911033580462277,
      0.03270824247710423,
      0.029219363279546447,
      0.012211077191452245,
      0.01569995638901003,
      0.031836022677714786,
      0.027911033580462277,
      0.01744439598778892,
      0.006105538595726123,
      0.019188835586567816,
      0.013519406890536415,
      0.009158307893589184,
      0.009158307893589184,
      0.0737025730484082,
      0.13344962930658527,
      0.04971652856519843,
      0.0340165721761884,
      0.023549934583515047,
      0.23288268643698212,
      1.0,
      0.12429132141299608,
      0.08024422154382904,
      0.0340165721761884,
      0.03270824247710423,
      0.01569995638901003,
      0.01962494548626254,
      0.016572176188399478,
      0.02311382468382032,
      0.02136938508504143,
      0.027911033580462277,
      0.0226777147841256,
      0.01439162668992586,
      0.011774967291757523,
      0.010466637592673354,
      0.011774967291757523,
      0.01439162668992586,
      0.013519406890536415,
      0.009594417793283908
    ],
    [
      0.0026166593981683385,
      0.017880505887483647,
      0.0039249890972525075,
      0.0226777147841256,
      0.02311382468382032,
      0.043610989969472304,
      0.03532490187527257,
      0.04143044047099869,
      0.015263846489315308,
      0.033580462276493674,
      0.04840819886611426,
      0.03750545137374618,
      0.035761011774967294,
      0.007413868294810292,
      0.016136066288704752,
      0.009594417793283908,
      0.017880505887483647,
      0.01439162668992586,
      0.17313563017880507,
      0.09725250763192324,
      0.04753597906672481,
      0.047099869167030094,
      0.040558220671609246,
      0.07501090274749236,
      0.12429132141299608,
      1.0,
      0.12778020061055387,
      0.05974705625817706,
      0.06367204535542957,
      0.026602703881378108,
      0.033144352376798955,
      0.030963802878325338,
      0.02878325337985172,
      0.027474923680767552,
      0.04143044047099869,
      0.028347143480157,
      0.01831661578717837,
      0.01744439598778892,
      0.013083296990841693,
      0.013955516790231139,
      0.013955516790231139,
      0.01264718709114697,
      0.010466637592673354
    ],
    [
      0.004797208896641954,
      0.019188835586567816,
      0.00436109899694723,
      0.0226777147841256,
      0.054513737461840385,
      0.06934147405146097,
      0.06846925425207152,
      0.07108591365023986,
      0.017880505887483647,
      0.03924989097252508,
      0.056694286960314,
      0.057130396860008724,
      0.05364151766245094,
      0.006977758395115569,
      0.01962494548626254,
      0.011774967291757523,
      0.0226777147841256,
      0.014827736589620584,
      0.13868294810292195,
      0.08591365023986045,
      0.05146096816397732,
      0.04622764936764064,
      0.04971652856519843,
      0.0623637156563454,
      0.08024422154382904,
      0.12778020061055387,
      1.0,
      0.09463584823375491,
      0.09027474923680767,
      0.0453554295682512,
      0.04143044047099869,
      0.043610989969472304,
      0.03794156127344091,
      0.032272132577409504,
      0.04012211077191452,
      0.03881378107283035,
      0.014827736589620584,
      0.01569995638901003,
      0.01439162668992586,
      0.013955516790231139,
      0.01831661578717837,
      0.016572176188399478,
      0.01003052769297863
    ],
    [
      0.0226777147841256,
      0.1020497165285652,
      0.01875272568687309,
      0.05146096816397732,
      0.14914958569559528,
      0.340165721761884,
      0.2158744003488879,
      0.34627126035761013,
      0.02878325337985172,
      0.12385521151330135,
      0.07283035324901875,
      0.07283035324901875,
      0.15089402529437418,
      0.022241604884430877,
      0.08286088094199738,
      0.019188835586567816,
      0.033144352376798955,
      0.019188835586567816,
      0.04928041866550371,
      0.022241604884430877,
      0.11687745311818579,
      0.10117749672917575,
      0.09507195813344962,
      0.01264718709114697,
      0.0340165721761884,
      0.05974705625817706,
      0.09463584823375491,
      1.0,
      0.5918011338857392,
      0.1059747056258177,
      0.12908853030963802,
      0.08809419973833406,
      0.12385521151330135,
      0.08634976013955517,
      0.12123855211513301,
      0.10423026602703882,
      0.014827736589620584,
      0.012211077191452245,
      0.013083296990841693,
      0.013519406890536415,
      0.021805494984736152,
      0.005233318796336677,
      0.030527692978630616
    ],
    [
      0.02573048408198866,
      0.10902747492368077,
      0.02006105538595726,
      0.0510248582642826,
      0.15263846489315308,
      0.3689489751417357,
      0.23375490623637157,
      0.37941561273440905,
      0.027474923680767552,
      0.10117749672917575,
      0.05756650675970344,
      0.07326646314871348,
      0.13737461840383777,
      0.024858264282599216,
      0.0867858700392499,
      0.01962494548626254,
      0.03139991277802006,
      0.01875272568687309,
      0.04753597906672481,
      0.02442215438290449,
      0.11382468382032272,
      0.09201918883558657,
      0.10379415612734409,
      0.010902747492368076,
      0.03270824247710423,
      0.06367204535542957,
      0.09027474923680767,
      0.5918011338857392,
      1.0,
      0.10466637592673354,
      0.13126907980811164,
      0.09463584823375491,
      0.1229829917139119,
      0.09376362843436546,
      0.12167466201482774,
      0.12211077191452246,
      0.014827736589620584,
      0.01264718709114697,
      0.0170082860880942,
      0.016572176188399478,
      0.026602703881378108,
      0.007849978194505015,
      0.033144352376798955
    ],
    [
      0.016136066288704752,
      0.044483209768861755,
      0.01003052769297863,
      0.03663323157435674,
      0.06977758395115569,
      0.11382468382032272,
      0.10335804622764937,
      0.11600523331879634,
      0.01744439598778892,
      0.01962494548626254,
      0.01264718709114697,
      0.033580462276493674,
      0.03706934147405146,
      0.01744439598778892,
      0.04666375926733537,
      0.016136066288704752,
      0.02006105538595726,
      0.016136066288704752,
      0.020497165285651986,
      0.013519406890536415,
      0.08111644134321849,
      0.07326646314871348,
      0.07021369385085041,
      0.00872219799389446,
      0.01569995638901003,
      0.026602703881378108,
      0.0453554295682512,
      0.1059747056258177,
      0.10466637592673354,
      1.0,
      0.07849978194505015,
      0.06628870475359791,
      0.09114696903619712,
      0.07719145224596598,
      0.0832969908416921,
      0.07021369385085041,
      0.010902747492368076,
      0.02311382468382032,
      0.028347143480157,
      0.027474923680767552,
      0.03139991277802006,
      0.014827736589620584,
      0.030527692978630616
    ],
    [
      0.00872219799389446,
      0.07195813344962931,
      0.005233318796336677,
      0.042302660270388134,
      0.06628870475359791,
      0.13126907980811164,
      0.09332751853467074,
      0.14042738770170082,
      0.026166593981683386,
      0.02006105538595726,
      0.0113388573920628,
      0.040558220671609246,
      0.04012211077191452,
      0.009594417793283908,
      0.06149149585695595,
      0.013519406890536415,
      0.022241604884430877,
      0.013519406890536415,
      0.02573048408198866,
      0.016572176188399478,
      0.10074138682948103,
      0.07893589184474488,
      0.06890536415176625,
      0.01003052769297863,
      0.01962494548626254,
      0.033144352376798955,
      0.04143044047099869,
      0.12908853030963802,
      0.13126907980811164,
      0.07849978194505015,
      1.0,
      0.11120802442215438,
      0.12036633231574356,
      0.10466637592673354,
      0.0963802878325338,
      0.11513301351940688,
      0.01569995638901003,
      0.020933275185346708,
      0.02311382468382032,
      0.02442215438290449,
      0.030963802878325338,
      0.012211077191452245,
      0.040558220671609246
    ],
    [
      0.007849978194505015,
      0.03794156127344091,
      0.006977758395115569,
      0.02529437418229394,
      0.05146096816397732,
      0.08198866114260794,
      0.07631923244657654,
      0.09158307893589185,
      0.020933275185346708,
      0.017880505887483647,
      0.010466637592673354,
      0.026602703881378108,
      0.03794156127344091,
      0.01264718709114697,
      0.03139991277802006,
      0.016572176188399478,
      0.02006105538595726,
      0.014827736589620584,
      0.01962494548626254,
      0.014827736589620584,
      0.07413868294810293,
      0.06977758395115569,
      0.0623637156563454,
      0.009594417793283908,
      0.016572176188399478,
      0.030963802878325338,
      0.043610989969472304,
      0.08809419973833406,
      0.09463584823375491,
      0.06628870475359791,
      0.11120802442215438,
      1.0,
      0.09158307893589185,
      0.06498037505451373,
      0.07283035324901875,
      0.0776275621456607,
      0.01569995638901003,
      0.02136938508504143,
      0.02398604448320977,
      0.026166593981683386,
      0.028347143480157,
      0.013083296990841693,
      0.029219363279546447
    ],
    [
      0.0113388573920628,
      0.06628870475359791,
      0.0113388573920628,
      0.04753597906672481,
      0.06323593545573485,
      0.13388573920627997,
      0.0907108591365024,
      0.14871347579590058,
      0.02398604448320977,
      0.0170082860880942,
      0.012211077191452245,
      0.03270824247710423,
      0.03663323157435674,
      0.020497165285651986,
      0.061927605756650676,
      0.020933275185346708,
      0.021805494984736152,
      0.020497165285651986,
      0.0170082860880942,
      0.022241604884430877,
      0.08373310074138683,
      0.06149149585695595,
      0.05756650675970344,
      0.006977758395115569,
      0.02311382468382032,
      0.02878325337985172,
      0.03794156127344091,
      0.12385521151330135,
      0.1229829917139119,
      0.09114696903619712,
      0.12036633231574356,
      0.09158307893589185,
      1.0,
      0.08155255124291322,
      0.08068033144352377,
      0.1003052769297863,
      0.01831661578717837,
      0.0226777147841256,
      0.02703881378107283,
      0.03009158307893589,
      0.034452682075883125,
      0.01003052769297863,
      0.02965547317924117
    ],
    [
      0.010466637592673354,
      0.07588312254688181,
      0.006977758395115569,
      0.040558220671609246,
