{
  "model": "meta-llama/Meta-Llama-3.1-70B-Instruct",
  "sign": "positive",
  "percentage": 0.05,
  "component": "neurons",
  "tasks": [
    "MD/add_sub_2op_symbolic",
    "MD/add_sub_2op_verbal",
    "MD/add_sub_3op_symbolic",
    "MD/add_sub_3op_verbal",
    "MD/code_A",
    "MD/code_B",
    "MD/code_conditional",
    "MD/code_list",
    "MD/code_loop",
    "MD/logic_propositional_1",
    "MD/logic_propositional_symbolic",
    "MD/logic_syllogism_1",
    "MD/logic_syllogism_symbolic",
    "MD/mul_div_2op_symbolic",
    "MD/mul_div_2op_verbal",
    "MD/mul_div_3op_symbolic",
    "MD/number_sorting",
    "MD/simple_equation",
    "ToM/agent",
    "ToM/desires_goals",
    "ToM/emotion_fewshot",
    "ToM/norm_appropriate",
    "ToM/norm_moral",
    "ToM/primary_emotions",
    "ToM/secondary_emotions",
    "ToM/social_interactions",
    "ToM/social_relations",
    "phys/phys_newton",
    "phys/phys_prost",
    "phys/physics_brightness",
    "phys/physics_buoyancy",
    "phys/physics_elasticity",
    "phys/physics_solubility",
    "phys/physics_speed",
    "phys/physics_stability",
    "phys/physics_temperature",
    "Lan/anaphor_gender_agreement",
    "Lan/det_noun_agreement_irregular",
    "Lan/det_noun_agreement_regular",
    "Lan/det_noun_agreement_with_adjective",
    "Lan/hypernymy",
    "Lan/npi",
    "Lan/wug"
  ],
  "overlap_matrix": [
    [
      1.0,
      0.17452006980802792,
      0.7068062827225131,
      0.18411867364746945,
      0.16404886561954624,
      0.030541012216404886,
      0.020942408376963352,
      0.02530541012216405,
      0.1457242582897033,
      0.0,
      0.0,
      0.006108202443280977,
      0.013089005235602094,
      0.5698080279232112,
      0.19546247818499127,
      0.42757417102966844,
      0.0008726003490401396,
      0.3307155322862129,
      0.0,
      0.0,
      0.0008726003490401396,
      0.0034904013961605585,
      0.004363001745200698,
      0.0,
      0.0,
      0.0,
      0.0,
      0.0034904013961605585,
      0.006108202443280977,
      0.0034904013961605585,
      0.0,
      0.0,
      0.005235602094240838,
      0.004363001745200698,
      0.002617801047120419,
      0.006108202443280977,
      0.0008726003490401396,
      0.0008726003490401396,
      0.0008726003490401396,
      0.0008726003490401396,
      0.0,
      0.0,
      0.007853403141361256
    ],
    [
      0.17452006980802792,
      1.0,
      0.13961605584642234,
      0.5008726003490401,
      0.20767888307155322,
      0.1300174520069808,
      0.08202443280977312,
      0.1143106457242583,
      0.16928446771378708,
      0.002617801047120419,
      0.0,
      0.027923211169284468,
      0.014834205933682374,
      0.19109947643979058,
      0.6745200698080279,
      0.2356020942408377,
      0.006980802792321117,
      0.2582897033158813,
      0.002617801047120419,
      0.005235602094240838,
      0.04101221640488656,
      0.020942408376963352,
      0.02181500872600349,
      0.0008726003490401396,
      0.006108202443280977,
      0.006108202443280977,
      0.007853403141361256,
      0.08289703315881326,
      0.08551483420593368,
      0.030541012216404886,
      0.06631762652705062,
      0.017452006980802792,
      0.04799301919720768,
      0.06980802792321117,
      0.034904013961605584,
      0.055846422338568937,
      0.0034904013961605585,
      0.006108202443280977,
      0.005235602094240838,
      0.0008726003490401396,
      0.004363001745200698,
      0.0,
      0.005235602094240838
    ],
    [
      0.7068062827225131,
      0.13961605584642234,
      1.0,
      0.1631762652705061,
      0.09424083769633508,
      0.013961605584642234,
      0.007853403141361256,
      0.012216404886561954,
      0.08115183246073299,
      0.0,
      0.0,
      0.0017452006980802793,
      0.009598603839441536,
      0.47469458987783597,
      0.1544502617801047,
      0.34293193717277487,
      0.0008726003490401396,
      0.3010471204188482,
      0.0,
      0.0,
      0.0,
      0.002617801047120419,
      0.0008726003490401396,
      0.0,
      0.0,
      0.0,
      0.0,
      0.002617801047120419,
      0.004363001745200698,
      0.002617801047120419,
      0.0,
      0.0008726003490401396,
      0.0034904013961605585,
      0.0034904013961605585,
      0.0017452006980802793,
      0.004363001745200698,
      0.0,
      0.0008726003490401396,
      0.0008726003490401396,
      0.0008726003490401396,
      0.0,
      0.0,
      0.0017452006980802793
    ],
    [
      0.18411867364746945,
      0.5008726003490401,
      0.1631762652705061,
      1.0,
      0.14223385689354276,
      0.04886561954624782,
      0.03926701570680628,
      0.03315881326352531,
      0.14834205933682373,
      0.010471204188481676,
      0.006108202443280977,
      0.02617801047120419,
      0.010471204188481676,
      0.19284467713787085,
      0.4851657940663176,
      0.2268760907504363,
      0.009598603839441536,
      0.23821989528795812,
      0.004363001745200698,
      0.007853403141361256,
      0.02443280977312391,
      0.028795811518324606,
      0.010471204188481676,
      0.004363001745200698,
      0.009598603839441536,
      0.013089005235602094,
      0.013089005235602094,
      0.02443280977312391,
      0.029668411867364748,
      0.02530541012216405,
      0.02181500872600349,
      0.012216404886561954,
      0.02443280977312391,
      0.027050610820244327,
      0.02268760907504363,
      0.027923211169284468,
      0.008726003490401396,
      0.010471204188481676,
      0.009598603839441536,
      0.012216404886561954,
      0.013089005235602094,
      0.0034904013961605585,
      0.005235602094240838
    ],
    [
      0.16404886561954624,
      0.20767888307155322,
      0.09424083769633508,
      0.14223385689354276,
      1.0,
      0.19982547993019198,
      0.39092495636998253,
      0.17015706806282724,
      0.39267015706806285,
      0.02181500872600349,
      0.02006980802792321,
      0.07504363001745201,
      0.03315881326352531,
      0.15881326352530542,
      0.1736474694589878,
      0.19109947643979058,
      0.04712041884816754,
      0.2792321116928447,
      0.02356020942408377,
      0.006108202443280977,
      0.06195462478184991,
      0.05148342059336824,
      0.04537521815008726,
      0.004363001745200698,
      0.006980802792321117,
      0.016579406631762654,
      0.04886561954624782,
      0.1169284467713787,
      0.11954624781849912,
      0.05846422338568935,
      0.05148342059336824,
      0.04450261780104712,
      0.060209424083769635,
      0.06719022687609075,
      0.0549738219895288,
      0.0462478184991274,
      0.0017452006980802793,
      0.0008726003490401396,
      0.002617801047120419,
      0.0017452006980802793,
      0.004363001745200698,
      0.0017452006980802793,
      0.007853403141361256
    ],
    [
      0.030541012216404886,
      0.1300174520069808,
      0.013961605584642234,
      0.04886561954624782,
      0.19982547993019198,
      1.0,
      0.36910994764397903,
      0.6684118673647469,
      0.027923211169284468,
      0.03315881326352531,
      0.019197207678883072,
      0.056719022687609075,
      0.07678883071553229,
      0.02530541012216405,
      0.09075043630017451,
      0.013961605584642234,
      0.03315881326352531,
      0.011343804537521814,
      0.02356020942408377,
      0.007853403141361256,
      0.12827225130890052,
      0.07853403141361257,
      0.09424083769633508,
      0.005235602094240838,
      0.020942408376963352,
      0.04013961605584642,
      0.08551483420593368,
      0.34642233856893545,
      0.3743455497382199,
      0.13263525305410123,
      0.15270506108202445,
      0.08638743455497382,
      0.15532286212914484,
      0.11169284467713787,
      0.11343804537521815,
      0.1300174520069808,
      0.004363001745200698,
      0.0,
      0.0008726003490401396,
      0.0008726003490401396,
      0.006108202443280977,
      0.0,
      0.03577661431064572
    ],
    [
      0.020942408376963352,
      0.08202443280977312,
      0.007853403141361256,
      0.03926701570680628,
      0.39092495636998253,
      0.36910994764397903,
      1.0,
      0.33420593368237345,
      0.02268760907504363,
      0.034031413612565446,
      0.027050610820244327,
      0.1256544502617801,
      0.0506108202443281,
      0.014834205933682374,
      0.0506108202443281,
      0.007853403141361256,
      0.02443280977312391,
      0.004363001745200698,
      0.034031413612565446,
      0.013961605584642234,
      0.09336823734729494,
      0.08638743455497382,
      0.06631762652705062,
      0.009598603839441536,
      0.013089005235602094,
      0.027923211169284468,
      0.06893542757417102,
      0.19720767888307156,
      0.20855148342059338,
      0.11169284467713787,
      0.09075043630017451,
      0.06719022687609075,
      0.10471204188481675,
      0.1055846422338569,
      0.1012216404886562,
      0.0881326352530541,
      0.006980802792321117,
      0.011343804537521814,
      0.016579406631762654,
      0.012216404886561954,
      0.017452006980802792,
      0.005235602094240838,
      0.03664921465968586
    ],
    [
      0.02530541012216405,
      0.1143106457242583,
      0.012216404886561954,
      0.03315881326352531,
      0.17015706806282724,
      0.6684118673647469,
      0.33420593368237345,
      1.0,
      0.017452006980802792,
      0.029668411867364748,
      0.02181500872600349,
      0.059336823734729496,
      0.07678883071553229,
      0.02268760907504363,
      0.08202443280977312,
      0.011343804537521814,
      0.03315881326352531,
      0.004363001745200698,
      0.02530541012216405,
      0.009598603839441536,
      0.1273996509598604,
      0.07940663176265271,
      0.10034904013961606,
      0.005235602094240838,
      0.016579406631762654,
      0.04101221640488656,
      0.08289703315881326,
      0.34554973821989526,
      0.36910994764397903,
      0.12827225130890052,
      0.14659685863874344,
      0.09075043630017451,
      0.16230366492146597,
      0.10645724258289703,
      0.1256544502617801,
      0.13612565445026178,
      0.006108202443280977,
      0.006108202443280977,
      0.006108202443280977,
      0.005235602094240838,
      0.008726003490401396,
      0.002617801047120419,
      0.03664921465968586
    ],
    [
      0.1457242582897033,
      0.16928446771378708,
      0.08115183246073299,
      0.14834205933682373,
      0.39267015706806285,
      0.027923211169284468,
      0.02268760907504363,
      0.017452006980802792,
      1.0,
      0.002617801047120419,
      0.002617801047120419,
      0.027050610820244327,
      0.008726003490401396,
      0.1518324607329843,
      0.15357766143106458,
      0.19720767888307156,
      0.013089005235602094,
      0.29842931937172773,
      0.005235602094240838,
      0.008726003490401396,
      0.011343804537521814,
      0.012216404886561954,
      0.006980802792321117,
      0.002617801047120419,
      0.004363001745200698,
      0.0034904013961605585,
      0.009598603839441536,
      0.006980802792321117,
      0.009598603839441536,
      0.007853403141361256,
      0.013961605584642234,
      0.009598603839441536,
      0.010471204188481676,
      0.011343804537521814,
      0.009598603839441536,
      0.013961605584642234,
      0.009598603839441536,
      0.010471204188481676,
      0.012216404886561954,
      0.012216404886561954,
      0.012216404886561954,
      0.012216404886561954,
      0.006108202443280977
    ],
    [
      0.0,
      0.002617801047120419,
      0.0,
      0.010471204188481676,
      0.02181500872600349,
      0.03315881326352531,
      0.034031413612565446,
      0.029668411867364748,
      0.002617801047120419,
      1.0,
      0.09860383944153578,
      0.055846422338568937,
      0.17015706806282724,
      0.0,
      0.0017452006980802793,
      0.0,
      0.020942408376963352,
      0.0,
      0.04013961605584642,
      0.012216404886561954,
      0.02443280977312391,
      0.04013961605584642,
      0.030541012216404886,
      0.008726003490401396,
      0.013089005235602094,
      0.03577661431064572,
      0.04450261780104712,
      0.1273996509598604,
      0.10907504363001745,
      0.02356020942408377,
      0.020942408376963352,
      0.02443280977312391,
      0.02617801047120419,
      0.027050610820244327,
      0.034904013961605584,
      0.01832460732984293,
      0.0017452006980802793,
      0.0008726003490401396,
      0.0,
      0.0,
      0.0017452006980802793,
      0.002617801047120419,
      0.002617801047120419
    ],
    [
      0.0,
      0.0,
      0.0,
      0.006108202443280977,
      0.02006980802792321,
      0.019197207678883072,
      0.027050610820244327,
      0.02181500872600349,
      0.002617801047120419,
      0.09860383944153578,
      1.0,
      0.041884816753926704,
      0.07940663176265271,
      0.0,
      0.0008726003490401396,
      0.0,
      0.015706806282722512,
      0.005235602094240838,
      0.0636998254799302,
      0.02530541012216405,
      0.009598603839441536,
      0.017452006980802792,
      0.016579406631762654,
      0.02443280977312391,
      0.02443280977312391,
      0.05148342059336824,
      0.056719022687609075,
      0.07417102966841187,
      0.059336823734729496,
      0.013089005235602094,
      0.012216404886561954,
      0.008726003490401396,
      0.013089005235602094,
      0.010471204188481676,
      0.013961605584642234,
      0.007853403141361256,
      0.005235602094240838,
      0.0008726003490401396,
      0.0008726003490401396,
      0.0,
      0.0,
      0.0008726003490401396,
      0.0
    ],
    [
      0.006108202443280977,
      0.027923211169284468,
      0.0017452006980802793,
      0.02617801047120419,
      0.07504363001745201,
      0.056719022687609075,
      0.1256544502617801,
      0.059336823734729496,
      0.027050610820244327,
      0.055846422338568937,
      0.041884816753926704,
      1.0,
      0.053228621291448515,
      0.0034904013961605585,
      0.029668411867364748,
      0.004363001745200698,
      0.019197207678883072,
      0.008726003490401396,
      0.049738219895287955,
      0.011343804537521814,
      0.038394415357766144,
      0.06457242582897033,
      0.04886561954624782,
      0.008726003490401396,
      0.016579406631762654,
      0.04013961605584642,
      0.049738219895287955,
      0.0636998254799302,
      0.0636998254799302,
      0.034031413612565446,
      0.03577661431064572,
      0.02181500872600349,
      0.031413612565445025,
      0.055846422338568937,
      0.06195462478184991,
      0.031413612565445025,
      0.011343804537521814,
      0.016579406631762654,
      0.014834205933682374,
      0.015706806282722512,
      0.01832460732984293,
      0.02356020942408377,
      0.011343804537521814
    ],
    [
      0.013089005235602094,
      0.014834205933682374,
      0.009598603839441536,
      0.010471204188481676,
      0.03315881326352531,
      0.07678883071553229,
      0.0506108202443281,
      0.07678883071553229,
      0.008726003490401396,
      0.17015706806282724,
      0.07940663176265271,
      0.053228621291448515,
      1.0,
      0.009598603839441536,
      0.017452006980802792,
      0.007853403141361256,
      0.041884816753926704,
      0.013961605584642234,
      0.04363001745200698,
      0.006980802792321117,
      0.03926701570680628,
      0.04799301919720768,
      0.06282722513089005,
      0.006980802792321117,
      0.013961605584642234,
      0.03577661431064572,
      0.06544502617801047,
      0.1762652705061082,
      0.15881326352530542,
      0.049738219895287955,
      0.056719022687609075,
      0.04450261780104712,
      0.04537521815008726,
      0.034904013961605584,
      0.06719022687609075,
      0.029668411867364748,
      0.002617801047120419,
      0.0008726003490401396,
      0.0008726003490401396,
      0.0008726003490401396,
      0.0017452006980802793,
      0.004363001745200698,
      0.002617801047120419
    ],
    [
      0.5698080279232112,
      0.19109947643979058,
      0.47469458987783597,
      0.19284467713787085,
      0.15881326352530542,
      0.02530541012216405,
      0.014834205933682374,
      0.02268760907504363,
      0.1518324607329843,
      0.0,
      0.0,
      0.0034904013961605585,
      0.009598603839441536,
      1.0,
      0.2268760907504363,
      0.6282722513089005,
      0.0008726003490401396,
      0.34642233856893545,
      0.0,
      0.0,
      0.0008726003490401396,
      0.0034904013961605585,
      0.002617801047120419,
      0.0,
      0.0008726003490401396,
      0.0,
      0.0008726003490401396,
      0.005235602094240838,
      0.007853403141361256,
      0.002617801047120419,
      0.0008726003490401396,
      0.0,
      0.002617801047120419,
      0.005235602094240838,
      0.0034904013961605585,
      0.005235602094240838,
      0.0,
      0.0,
      0.0008726003490401396,
      0.0,
      0.0,
      0.0,
      0.0008726003490401396
    ],
    [
      0.19546247818499127,
      0.6745200698080279,
      0.1544502617801047,
      0.4851657940663176,
      0.1736474694589878,
      0.09075043630017451,
      0.0506108202443281,
      0.08202443280977312,
      0.15357766143106458,
      0.0017452006980802793,
      0.0008726003490401396,
      0.029668411867364748,
      0.017452006980802792,
      0.2268760907504363,
      1.0,
      0.27225130890052357,
      0.0034904013961605585,
      0.268760907504363,
      0.0017452006980802793,
      0.006980802792321117,
      0.027923211169284468,
      0.01832460732984293,
      0.02006980802792321,
      0.0,
      0.011343804537521814,
      0.005235602094240838,
      0.006980802792321117,
      0.06282722513089005,
      0.0636998254799302,
      0.027923211169284468,
      0.05410122164048865,
      0.013961605584642234,
      0.04450261780104712,
      0.04799301919720768,
      0.02356020942408377,
      0.041884816753926704,
      0.0034904013961605585,
      0.004363001745200698,
      0.004363001745200698,
      0.0017452006980802793,
      0.004363001745200698,
      0.0,
      0.0008726003490401396
    ],
    [
      0.42757417102966844,
      0.2356020942408377,
      0.34293193717277487,
      0.2268760907504363,
      0.19109947643979058,
      0.013961605584642234,
      0.007853403141361256,
      0.011343804537521814,
      0.19720767888307156,
      0.0,
      0.0,
      0.004363001745200698,
      0.007853403141361256,
      0.6282722513089005,
      0.27225130890052357,
      1.0,
      0.002617801047120419,
      0.4083769633507853,
      0.0008726003490401396,
      0.0,
      0.002617801047120419,
      0.005235602094240838,
      0.004363001745200698,
      0.0,
      0.0008726003490401396,
      0.0008726003490401396,
      0.0017452006980802793,
      0.0034904013961605585,
      0.004363001745200698,
      0.005235602094240838,
      0.0,
      0.0008726003490401396,
      0.005235602094240838,
      0.005235602094240838,
      0.002617801047120419,
      0.005235602094240838,
      0.0008726003490401396,
      0.0,
      0.0,
      0.0008726003490401396,
      0.0008726003490401396,
      0.0017452006980802793,
      0.0
    ],
    [
      0.0008726003490401396,
      0.006980802792321117,
      0.0008726003490401396,
      0.009598603839441536,
      0.04712041884816754,
      0.03315881326352531,
      0.02443280977312391,
      0.03315881326352531,
      0.013089005235602094,
      0.020942408376963352,
      0.015706806282722512,
      0.019197207678883072,
      0.041884816753926704,
      0.0008726003490401396,
      0.0034904013961605585,
      0.002617801047120419,
      1.0,
      0.005235602094240838,
      0.017452006980802792,
      0.006108202443280977,
      0.03315881326352531,
      0.03577661431064572,
      0.03315881326352531,
      0.006980802792321117,
      0.012216404886561954,
      0.01832460732984293,
      0.028795811518324606,
      0.04363001745200698,
      0.04013961605584642,
      0.02530541012216405,
      0.03228621291448516,
      0.02530541012216405,
      0.02617801047120419,
      0.031413612565445025,
      0.029668411867364748,
      0.019197207678883072,
      0.002617801047120419,
      0.002617801047120419,
      0.0008726003490401396,
      0.0017452006980802793,
      0.0008726003490401396,
      0.0008726003490401396,
      0.0017452006980802793
    ],
    [
      0.3307155322862129,
      0.2582897033158813,
      0.3010471204188482,
      0.23821989528795812,
      0.2792321116928447,
      0.011343804537521814,
      0.004363001745200698,
      0.004363001745200698,
      0.29842931937172773,
      0.0,
      0.005235602094240838,
      0.008726003490401396,
      0.013961605584642234,
      0.34642233856893545,
      0.268760907504363,
      0.4083769633507853,
      0.005235602094240838,
      1.0,
      0.0,
      0.0017452006980802793,
      0.0017452006980802793,
      0.005235602094240838,
      0.002617801047120419,
      0.0017452006980802793,
      0.004363001745200698,
      0.002617801047120419,
      0.004363001745200698,
      0.002617801047120419,
      0.0008726003490401396,
      0.004363001745200698,
      0.0017452006980802793,
      0.004363001745200698,
      0.007853403141361256,
      0.0034904013961605585,
      0.002617801047120419,
      0.006108202443280977,
      0.0017452006980802793,
      0.0017452006980802793,
      0.0,
      0.0017452006980802793,
      0.0008726003490401396,
      0.0017452006980802793,
      0.0017452006980802793
    ],
    [
      0.0,
      0.002617801047120419,
      0.0,
      0.004363001745200698,
      0.02356020942408377,
      0.02356020942408377,
      0.034031413612565446,
      0.02530541012216405,
      0.005235602094240838,
      0.04013961605584642,
      0.0636998254799302,
      0.049738219895287955,
      0.04363001745200698,
      0.0,
      0.0017452006980802793,
      0.0008726003490401396,
      0.017452006980802792,
      0.0,
      1.0,
      0.07853403141361257,
      0.017452006980802792,
      0.030541012216404886,
      0.029668411867364748,
      0.06282722513089005,
      0.07242582897033159,
      0.18760907504363003,
      0.14223385689354276,
      0.053228621291448515,
      0.0506108202443281,
      0.016579406631762654,
      0.020942408376963352,
      0.019197207678883072,
      0.02181500872600349,
      0.027050610820244327,
      0.029668411867364748,
      0.013961605584642234,
      0.006108202443280977,
      0.0034904013961605585,
      0.0034904013961605585,
      0.004363001745200698,
      0.002617801047120419,
      0.006108202443280977,
      0.005235602094240838
    ],
    [
      0.0,
      0.005235602094240838,
      0.0,
      0.007853403141361256,
      0.006108202443280977,
      0.007853403141361256,
      0.013961605584642234,
      0.009598603839441536,
      0.008726003490401396,
      0.012216404886561954,
      0.02530541012216405,
      0.011343804537521814,
      0.006980802792321117,
      0.0,
      0.006980802792321117,
      0.0,
      0.006108202443280977,
      0.0017452006980802793,
      0.07853403141361257,
      1.0,
      0.014834205933682374,
      0.020942408376963352,
      0.013961605584642234,
      0.056719022687609075,
      0.13787085514834205,
      0.09598603839441536,
      0.09162303664921466,
      0.019197207678883072,
      0.014834205933682374,
      0.013089005235602094,
      0.014834205933682374,
      0.013089005235602094,
      0.016579406631762654,
      0.013961605584642234,
      0.011343804537521814,
      0.017452006980802792,
      0.011343804537521814,
      0.007853403141361256,
      0.006980802792321117,
      0.007853403141361256,
      0.013089005235602094,
      0.009598603839441536,
      0.004363001745200698
    ],
    [
      0.0008726003490401396,
      0.04101221640488656,
      0.0,
      0.02443280977312391,
      0.06195462478184991,
      0.12827225130890052,
      0.09336823734729494,
      0.1273996509598604,
      0.011343804537521814,
      0.02443280977312391,
      0.009598603839441536,
      0.038394415357766144,
      0.03926701570680628,
      0.0008726003490401396,
      0.027923211169284468,
      0.002617801047120419,
      0.03315881326352531,
      0.0017452006980802793,
      0.017452006980802792,
      0.014834205933682374,
      1.0,
      0.1273996509598604,
      0.112565445026178,
      0.029668411867364748,
      0.04363001745200698,
      0.04013961605584642,
      0.053228621291448515,
      0.11780104712041885,
      0.11954624781849912,
      0.09336823734729494,
      0.1055846422338569,
      0.06719022687609075,
      0.08987783595113438,
      0.12914485165794065,
      0.12478184991273997,
      0.08376963350785341,
      0.02530541012216405,
      0.028795811518324606,
      0.03228621291448516,
      0.028795811518324606,
      0.034031413612565446,
      0.014834205933682374,
      0.015706806282722512
    ],
    [
      0.0034904013961605585,
      0.020942408376963352,
      0.002617801047120419,
      0.028795811518324606,
      0.05148342059336824,
      0.07853403141361257,
      0.08638743455497382,
      0.07940663176265271,
      0.012216404886561954,
      0.04013961605584642,
      0.017452006980802792,
      0.06457242582897033,
      0.04799301919720768,
      0.0034904013961605585,
      0.01832460732984293,
      0.005235602094240838,
      0.03577661431064572,
      0.005235602094240838,
      0.030541012216404886,
      0.020942408376963352,
      0.1273996509598604,
      1.0,
      0.19982547993019198,
      0.017452006980802792,
      0.02530541012216405,
      0.0549738219895288,
      0.04886561954624782,
      0.09773123909249563,
      0.0881326352530541,
      0.08464223385689354,
      0.08376963350785341,
      0.08289703315881326,
      0.060209424083769635,
      0.10645724258289703,
      0.2111692844677138,
      0.06631762652705062,
      0.017452006980802792,
      0.019197207678883072,
      0.02268760907504363,
      0.02443280977312391,
      0.02443280977312391,
      0.015706806282722512,
      0.009598603839441536
    ],
    [
      0.004363001745200698,
      0.02181500872600349,
      0.0008726003490401396,
      0.010471204188481676,
      0.04537521815008726,
      0.09424083769633508,
      0.06631762652705062,
      0.10034904013961606,
      0.006980802792321117,
      0.030541012216404886,
      0.016579406631762654,
      0.04886561954624782,
      0.06282722513089005,
      0.002617801047120419,
      0.02006980802792321,
      0.004363001745200698,
      0.03315881326352531,
      0.002617801047120419,
      0.029668411867364748,
      0.013961605584642234,
      0.112565445026178,
      0.19982547993019198,
      1.0,
      0.011343804537521814,
      0.02006980802792321,
      0.04799301919720768,
      0.059336823734729496,
      0.11518324607329843,
      0.12216404886561955,
      0.08027923211169284,
      0.08289703315881326,
      0.08551483420593368,
      0.06893542757417102,
      0.09075043630017451,
      0.1736474694589878,
      0.1143106457242583,
      0.010471204188481676,
      0.013961605584642234,
      0.015706806282722512,
      0.015706806282722512,
      0.013089005235602094,
      0.002617801047120419,
      0.011343804537521814
    ],
    [
      0.0,
      0.0008726003490401396,
      0.0,
      0.004363001745200698,
      0.004363001745200698,
      0.005235602094240838,
      0.009598603839441536,
      0.005235602094240838,
      0.002617801047120419,
      0.008726003490401396,
      0.02443280977312391,
      0.008726003490401396,
      0.006980802792321117,
      0.0,
      0.0,
      0.0,
      0.006980802792321117,
      0.0017452006980802793,
      0.06282722513089005,
      0.056719022687609075,
      0.029668411867364748,
      0.017452006980802792,
      0.011343804537521814,
      1.0,
      0.2268760907504363,
      0.07329842931937172,
      0.06980802792321117,
      0.006108202443280977,
      0.004363001745200698,
      0.007853403141361256,
      0.009598603839441536,
      0.008726003490401396,
      0.004363001745200698,
      0.009598603839441536,
      0.014834205933682374,
      0.008726003490401396,
      0.0017452006980802793,
      0.004363001745200698,
      0.002617801047120419,
      0.004363001745200698,
      0.006108202443280977,
      0.005235602094240838,
      0.002617801047120419
    ],
    [
      0.0,
      0.006108202443280977,
      0.0,
      0.009598603839441536,
      0.006980802792321117,
      0.020942408376963352,
      0.013089005235602094,
      0.016579406631762654,
      0.004363001745200698,
      0.013089005235602094,
      0.02443280977312391,
      0.016579406631762654,
      0.013961605584642234,
      0.0008726003490401396,
      0.011343804537521814,
      0.0008726003490401396,
      0.012216404886561954,
      0.004363001745200698,
      0.07242582897033159,
      0.13787085514834205,
      0.04363001745200698,
      0.02530541012216405,
      0.02006980802792321,
      0.2268760907504363,
      1.0,
      0.1169284467713787,
      0.07242582897033159,
      0.029668411867364748,
      0.02530541012216405,
      0.009598603839441536,
      0.02006980802792321,
      0.013961605584642234,
      0.019197207678883072,
      0.02181500872600349,
      0.02530541012216405,
      0.02006980802792321,
      0.002617801047120419,
      0.006980802792321117,
      0.006108202443280977,
      0.006108202443280977,
      0.005235602094240838,
      0.006980802792321117,
      0.0034904013961605585
    ],
    [
      0.0,
      0.006108202443280977,
      0.0,
      0.013089005235602094,
      0.016579406631762654,
      0.04013961605584642,
      0.027923211169284468,
      0.04101221640488656,
      0.0034904013961605585,
      0.03577661431064572,
      0.05148342059336824,
      0.04013961605584642,
      0.03577661431064572,
      0.0,
      0.005235602094240838,
      0.0008726003490401396,
      0.01832460732984293,
      0.002617801047120419,
      0.18760907504363003,
      0.09598603839441536,
      0.04013961605584642,
      0.0549738219895288,
      0.04799301919720768,
      0.07329842931937172,
      0.1169284467713787,
      1.0,
      0.14485165794066318,
      0.05846422338568935,
      0.05846422338568935,
      0.02530541012216405,
      0.034904013961605584,
      0.038394415357766144,
      0.03315881326352531,
      0.031413612565445025,
      0.04363001745200698,
      0.02356020942408377,
      0.008726003490401396,
      0.008726003490401396,
      0.006108202443280977,
      0.006980802792321117,
      0.008726003490401396,
      0.007853403141361256,
      0.005235602094240838
    ],
    [
      0.0,
      0.007853403141361256,
      0.0,
      0.013089005235602094,
      0.04886561954624782,
      0.08551483420593368,
      0.06893542757417102,
      0.08289703315881326,
      0.009598603839441536,
      0.04450261780104712,
      0.056719022687609075,
      0.049738219895287955,
      0.06544502617801047,
      0.0008726003490401396,
      0.006980802792321117,
      0.0017452006980802793,
      0.028795811518324606,
      0.004363001745200698,
      0.14223385689354276,
      0.09162303664921466,
      0.053228621291448515,
      0.04886561954624782,
      0.059336823734729496,
      0.06980802792321117,
      0.07242582897033159,
      0.14485165794066318,
      1.0,
      0.10645724258289703,
      0.10383944153577661,
      0.053228621291448515,
      0.04013961605584642,
      0.04799301919720768,
      0.04450261780104712,
      0.030541012216404886,
      0.04712041884816754,
      0.04537521815008726,
      0.009598603839441536,
      0.010471204188481676,
      0.008726003490401396,
      0.006108202443280977,
      0.012216404886561954,
      0.006980802792321117,
      0.006980802792321117
    ],
    [
      0.0034904013961605585,
      0.08289703315881326,
      0.002617801047120419,
      0.02443280977312391,
      0.1169284467713787,
      0.34642233856893545,
      0.19720767888307156,
      0.34554973821989526,
      0.006980802792321117,
      0.1273996509598604,
      0.07417102966841187,
      0.0636998254799302,
      0.1762652705061082,
      0.005235602094240838,
      0.06282722513089005,
      0.0034904013961605585,
      0.04363001745200698,
      0.002617801047120419,
      0.053228621291448515,
      0.019197207678883072,
      0.11780104712041885,
      0.09773123909249563,
      0.11518324607329843,
      0.006108202443280977,
      0.029668411867364748,
      0.05846422338568935,
      0.10645724258289703,
      1.0,
      0.6221640488656196,
      0.1212914485165794,
      0.14834205933682373,
      0.10471204188481675,
      0.1457242582897033,
      0.09424083769633508,
      0.13089005235602094,
      0.11082024432809773,
      0.007853403141361256,
      0.002617801047120419,
      0.002617801047120419,
      0.0017452006980802793,
      0.006980802792321117,
      0.0008726003490401396,
      0.008726003490401396
    ],
    [
      0.006108202443280977,
      0.08551483420593368,
      0.004363001745200698,
      0.029668411867364748,
      0.11954624781849912,
      0.3743455497382199,
      0.20855148342059338,
      0.36910994764397903,
      0.009598603839441536,
      0.10907504363001745,
      0.059336823734729496,
      0.0636998254799302,
      0.15881326352530542,
      0.007853403141361256,
      0.0636998254799302,
      0.004363001745200698,
      0.04013961605584642,
      0.0008726003490401396,
      0.0506108202443281,
      0.014834205933682374,
      0.11954624781849912,
      0.0881326352530541,
      0.12216404886561955,
      0.004363001745200698,
      0.02530541012216405,
      0.05846422338568935,
      0.10383944153577661,
      0.6221640488656196,
      1.0,
      0.11867364746945899,
      0.1474694589877836,
      0.1143106457242583,
      0.14048865619546247,
      0.10296684118673648,
      0.13350785340314136,
      0.12914485165794065,
      0.004363001745200698,
      0.0017452006980802793,
      0.0034904013961605585,
      0.0034904013961605585,
      0.006980802792321117,
      0.0,
      0.011343804537521814
    ],
    [
      0.0034904013961605585,
      0.030541012216404886,
      0.002617801047120419,
      0.02530541012216405,
      0.05846422338568935,
      0.13263525305410123,
      0.11169284467713787,
      0.12827225130890052,
      0.007853403141361256,
      0.02356020942408377,
      0.013089005235602094,
      0.034031413612565446,
      0.049738219895287955,
      0.002617801047120419,
      0.027923211169284468,
      0.005235602094240838,
      0.02530541012216405,
      0.004363001745200698,
      0.016579406631762654,
      0.013089005235602094,
      0.09336823734729494,
      0.08464223385689354,
      0.08027923211169284,
      0.007853403141361256,
      0.009598603839441536,
      0.02530541012216405,
      0.053228621291448515,
      0.1212914485165794,
      0.11867364746945899,
      1.0,
      0.10034904013961606,
      0.07678883071553229,
      0.1082024432809773,
      0.08289703315881326,
      0.10296684118673648,
      0.08464223385689354,
      0.010471204188481676,
      0.02006980802792321,
      0.02356020942408377,
      0.02443280977312391,
      0.02443280977312391,
      0.013961605584642234,
      0.02268760907504363
    ],
    [
      0.0,
      0.06631762652705062,
      0.0,
      0.02181500872600349,
      0.05148342059336824,
      0.15270506108202445,
      0.09075043630017451,
      0.14659685863874344,
      0.013961605584642234,
      0.020942408376963352,
      0.012216404886561954,
      0.03577661431064572,
      0.056719022687609075,
      0.0008726003490401396,
      0.05410122164048865,
      0.0,
      0.03228621291448516,
      0.0017452006980802793,
      0.020942408376963352,
      0.014834205933682374,
      0.1055846422338569,
      0.08376963350785341,
      0.08289703315881326,
      0.009598603839441536,
      0.02006980802792321,
      0.034904013961605584,
      0.04013961605584642,
      0.14834205933682373,
      0.1474694589877836,
      0.10034904013961606,
      1.0,
      0.12041884816753927,
      0.14921465968586387,
      0.1343804537521815,
      0.11169284467713787,
      0.1387434554973822,
      0.015706806282722512,
      0.013089005235602094,
      0.017452006980802792,
      0.015706806282722512,
      0.019197207678883072,
      0.007853403141361256,
      0.02443280977312391
    ],
    [
      0.0,
      0.017452006980802792,
      0.0008726003490401396,
      0.012216404886561954,
      0.04450261780104712,
      0.08638743455497382,
      0.06719022687609075,
      0.09075043630017451,
      0.009598603839441536,
      0.02443280977312391,
      0.008726003490401396,
      0.02181500872600349,
      0.04450261780104712,
      0.0,
      0.013961605584642234,
      0.0008726003490401396,
      0.02530541012216405,
      0.004363001745200698,
      0.019197207678883072,
      0.013089005235602094,
      0.06719022687609075,
      0.08289703315881326,
      0.08551483420593368,
      0.008726003490401396,
      0.013961605584642234,
      0.038394415357766144,
      0.04799301919720768,
      0.10471204188481675,
      0.1143106457242583,
      0.07678883071553229,
      0.12041884816753927,
      1.0,
      0.10296684118673648,
      0.0636998254799302,
      0.07766143106457242,
      0.08987783595113438,
      0.010471204188481676,
      0.016579406631762654,
      0.019197207678883072,
      0.020942408376963352,
      0.013961605584642234,
      0.006108202443280977,
      0.02006980802792321
    ],
    [
      0.005235602094240838,
      0.04799301919720768,
      0.0034904013961605585,
      0.02443280977312391,
      0.060209424083769635,
      0.15532286212914484,
      0.10471204188481675,
      0.16230366492146597,
      0.010471204188481676,
      0.02617801047120419,
      0.013089005235602094,
      0.031413612565445025,
      0.04537521815008726,
      0.002617801047120419,
      0.04450261780104712,
      0.005235602094240838,
      0.02617801047120419,
      0.007853403141361256,
      0.02181500872600349,
      0.016579406631762654,
      0.08987783595113438,
      0.060209424083769635,
      0.06893542757417102,
      0.004363001745200698,
      0.019197207678883072,
      0.03315881326352531,
      0.04450261780104712,
      0.1457242582897033,
      0.14048865619546247,
      0.1082024432809773,
      0.14921465968586387,
      0.10296684118673648,
      1.0,
      0.09511343804537521,
      0.09860383944153578,
      0.112565445026178,
      0.012216404886561954,
      0.015706806282722512,
      0.016579406631762654,
      0.016579406631762654,
      0.02181500872600349,
      0.006980802792321117,
      0.01832460732984293
    ],
    [
      0.004363001745200698,
      0.06980802792321117,
      0.0034904013961605585,
      0.027050610820244327,
      0.06719022687609075,
      0.11169284467713787,
      0.1055846422338569,
      0.10645724258289703,
      0.011343804537521814,
      0.027050610820244327,
      0.010471204188481676,
      0.055846422338568937,
      0.034904013961605584,
      0.005235602094240838,
      0.04799301919720768,
      0.005235602094240838,
      0.031413612565445025,
      0.0034904013961605585,
      0.027050610820244327,
      0.013961605584642234,
      0.12914485165794065,
      0.10645724258289703,
      0.09075043630017451,
      0.009598603839441536,
      0.02181500872600349,
      0.031413612565445025,
      0.030541012216404886,
      0.09424083769633508,
      0.10296684118673648,
      0.08289703315881326,
      0.1343804537521815,
      0.0636998254799302,
      0.09511343804537521,
      1.0,
      0.15357766143106458,
      0.08987783595113438,
      0.013089005235602094,
      0.01832460732984293,
      0.017452006980802792,
      0.017452006980802792,
      0.03315881326352531,
      0.013961605584642234,
      0.008726003490401396
    ],
    [
      0.002617801047120419,
      0.034904013961605584,
      0.0017452006980802793,
