{
  "model": "meta-llama/Meta-Llama-3.1-70B-Instruct",
  "sign": "positive",
  "percentage": 5.0,
  "component": "neurons",
  "tasks": [
    "MD/add_sub_2op_symbolic",
    "MD/add_sub_2op_verbal",
    "MD/add_sub_3op_symbolic",
    "MD/add_sub_3op_verbal",
    "MD/code_A",
    "MD/code_B",
    "MD/code_conditional",
    "MD/code_list",
    "MD/code_loop",
    "MD/logic_propositional_1",
    "MD/logic_propositional_symbolic",
    "MD/logic_syllogism_1",
    "MD/logic_syllogism_symbolic",
    "MD/mul_div_2op_symbolic",
    "MD/mul_div_2op_verbal",
    "MD/mul_div_3op_symbolic",
    "MD/number_sorting",
    "MD/simple_equation",
    "ToM/agent",
    "ToM/desires_goals",
    "ToM/emotion_fewshot",
    "ToM/norm_appropriate",
    "ToM/norm_moral",
    "ToM/primary_emotions",
    "ToM/secondary_emotions",
    "ToM/social_interactions",
    "ToM/social_relations",
    "phys/phys_newton",
    "phys/phys_prost",
    "phys/physics_brightness",
    "phys/physics_buoyancy",
    "phys/physics_elasticity",
    "phys/physics_solubility",
    "phys/physics_speed",
    "phys/physics_stability",
    "phys/physics_temperature",
    "Lan/anaphor_gender_agreement",
    "Lan/det_noun_agreement_irregular",
    "Lan/det_noun_agreement_regular",
    "Lan/det_noun_agreement_with_adjective",
    "Lan/hypernymy",
    "Lan/npi",
    "Lan/wug"
  ],
  "overlap_matrix": [
    [
      1.0,
      0.21718924386160715,
      0.3321533203125,
      0.19161551339285715,
      0.19882638113839285,
      0.22133091517857142,
      0.18861607142857142,
      0.22396414620535715,
      0.16123744419642858,
      0.025059291294642856,
      0.04206194196428571,
      0.11048235212053571,
      0.08814348493303571,
      0.2833164760044643,
      0.21384974888392858,
      0.21101597377232142,
      0.07591029575892858,
      0.18628801618303573,
      0.06146240234375,
      0.06392124720982142,
      0.13854108537946427,
      0.12753731863839285,
      0.12736293247767858,
      0.0540771484375,
      0.07192557198660714,
      0.07406180245535714,
      0.07431466238839286,
      0.107666015625,
      0.13371930803571427,
      0.13768659319196427,
      0.14060756138392858,
      0.14544677734375,
      0.15460205078125,
      0.13066755022321427,
      0.12787737165178573,
      0.1524658203125,
      0.07710484095982142,
      0.13149588448660715,
      0.12309919084821429,
      0.11847795758928571,
      0.12281145368303571,
      0.0626220703125,
      0.1668701171875
    ],
    [
      0.21718924386160715,
      1.0,
      0.19419642857142858,
      0.28456333705357145,
      0.17842320033482142,
      0.20845249720982142,
      0.17972237723214285,
      0.20918491908482142,
      0.14192417689732142,
      0.03386579241071429,
      0.047607421875,
      0.10943603515625,
      0.09365408761160714,
      0.19185093470982142,
      0.3582763671875,
      0.16888427734375,
      0.07907540457589286,
      0.16889299665178573,
      0.06618826729910714,
      0.06880405970982142,
      0.13955252511160715,
      0.12958635602678573,
      0.13014439174107142,
      0.059169224330357144,
      0.07802908761160714,
      0.080322265625,
      0.080810546875,
      0.11085728236607142,
      0.13487897600446427,
      0.13677106584821427,
      0.13941301618303573,
      0.14448765345982142,
      0.15327671595982142,
      0.13092912946428573,
      0.13051932198660715,
      0.14923967633928573,
      0.07418387276785714,
      0.12502615792410715,
      0.11672537667410714,
      0.11060442243303571,
      0.11423165457589286,
      0.06296212332589286,
      0.15169852120535715
    ],
    [
      0.3321533203125,
      0.19419642857142858,
      1.0,
      0.17601667131696427,
      0.17418561662946427,
      0.19847760881696427,
      0.170654296875,
      0.19867815290178573,
      0.14397321428571427,
      0.026994977678571428,
      0.04473005022321429,
      0.10600062779017858,
      0.08493477957589286,
      0.23941476004464285,
      0.19230433872767858,
      0.19504220145089285,
      0.07976422991071429,
      0.16948590959821427,
      0.06277901785714286,
      0.06475830078125,
      0.13374546595982142,
      0.12165178571428571,
      0.12044852120535714,
      0.0574951171875,
      0.073486328125,
      0.07640729631696429,
      0.076416015625,
      0.10271344866071429,
      0.12660435267857142,
      0.12961251395089285,
      0.133056640625,
      0.13600376674107142,
      0.14404296875,
      0.12574114118303573,
      0.12267194475446429,
      0.14104352678571427,
      0.07225690569196429,
      0.12180873325892858,
      0.11328996930803571,
      0.1085205078125,
      0.11672537667410714,
      0.05988420758928571,
      0.15045166015625
    ],
    [
      0.19161551339285715,
      0.28456333705357145,
      0.17601667131696427,
      1.0,
      0.15747942243303573,
      0.18053327287946427,
      0.15757533482142858,
      0.18191964285714285,
      0.13078962053571427,
      0.03590611049107143,
      0.05393763950892857,
      0.10565185546875,
      0.09612165178571429,
      0.17367117745535715,
      0.2716587611607143,
      0.15843854631696427,
      0.08523123604910714,
      0.15815080915178573,
      0.07209995814732142,
      0.07231794084821429,
      0.13008335658482142,
      0.12152099609375,
      0.12449428013392858,
      0.06360735212053571,
      0.07890973772321429,
      0.08188302176339286,
      0.08315604073660714,
      0.09724644252232142,
      0.11790248325892858,
      0.12772914341517858,
      0.12993512834821427,
      0.13631766183035715,
      0.14325823102678573,
      0.12328229631696429,
      0.12297712053571429,
      0.13961356026785715,
      0.06910923549107142,
      0.11483328683035714,
      0.10702950613839286,
      0.10164097377232142,
      0.10402134486607142,
      0.05991908482142857,
      0.13341413225446427
    ],
    [
      0.19882638113839285,
      0.17842320033482142,
      0.17418561662946427,
      0.15747942243303573,
      1.0,
      0.23534284319196427,
      0.4171055385044643,
      0.21660505022321427,
      0.3118896484375,
      0.05628313337053571,
      0.06461007254464286,
      0.12607247488839285,
      0.09676688058035714,
      0.17744663783482142,
      0.17417689732142858,
      0.16206577845982142,
      0.08993094308035714,
      0.16360037667410715,
      0.07695661272321429,
      0.07488141741071429,
      0.12758091517857142,
      0.12302071707589286,
      0.11953299386160714,
      0.06707763671875,
      0.08214460100446429,
      0.08585902622767858,
      0.08942522321428571,
      0.13288225446428573,
      0.15406145368303573,
      0.12376185825892858,
      0.12839181082589285,
      0.13002232142857142,
      0.13499232700892858,
      0.12384905133928571,
      0.12376185825892858,
      0.13068498883928573,
      0.07442801339285714,
      0.11798095703125,
      0.11036900111607142,
      0.10570417131696429,
      0.10683768136160714,
      0.06691196986607142,
      0.13956124441964285
    ],
    [
      0.22133091517857142,
      0.20845249720982142,
      0.19847760881696427,
      0.18053327287946427,
      0.23534284319196427,
      1.0,
      0.2743007114955357,
      0.44546944754464285,
      0.15308489118303573,
      0.058070591517857144,
      0.06154087611607143,
      0.12010846819196429,
      0.10022844587053571,
      0.19505964006696427,
      0.2039794921875,
      0.163818359375,
      0.07896205357142858,
      0.15436662946428573,
      0.07652064732142858,
      0.07571847098214286,
      0.14198521205357142,
      0.13200160435267858,
      0.13033621651785715,
      0.06218610491071429,
      0.08071463448660714,
      0.08719308035714286,
      0.090087890625,
      0.18642752511160715,
      0.21424211774553573,
      0.14101736886160715,
      0.14898681640625,
      0.14723423549107142,
      0.15687779017857142,
      0.13480050223214285,
      0.13480922154017858,
      0.15284075055803573,
      0.08899797712053571,
      0.140869140625,
      0.13323974609375,
      0.13190569196428573,
      0.13683210100446427,
      0.07187325613839286,
      0.18031529017857142
    ],
    [
      0.18861607142857142,
      0.17972237723214285,
      0.170654296875,
      0.15757533482142858,
      0.4171055385044643,
      0.2743007114955357,
      1.0,
      0.25008719308035715,
      0.13774762834821427,
      0.059788295200892856,
      0.06299700055803571,
      0.13897705078125,
      0.09769112723214286,
      0.16621616908482142,
      0.17613874162946427,
      0.14467075892857142,
      0.07960728236607142,
      0.13982282366071427,
      0.07872663225446429,
      0.07563127790178571,
      0.13207135881696427,
      0.12714494977678573,
      0.12273297991071429,
      0.06476702008928571,
      0.079833984375,
      0.0867919921875,
      0.09013148716517858,
      0.14745221819196427,
      0.17149135044642858,
      0.130615234375,
      0.13459123883928573,
      0.13710239955357142,
      0.14392961774553573,
      0.1280517578125,
      0.12812151227678573,
      0.13876778738839285,
      0.07911900111607142,
      0.12416294642857142,
      0.11707414899553571,
      0.11533028738839286,
      0.11756243024553571,
      0.06965855189732142,
      0.15371268136160715
    ],
    [
      0.22396414620535715,
      0.20918491908482142,
      0.19867815290178573,
      0.18191964285714285,
      0.21660505022321427,
      0.44546944754464285,
      0.25008719308035715,
      1.0,
      0.14873395647321427,
      0.04923793247767857,
      0.054844447544642856,
      0.11632428850446429,
      0.09891183035714286,
      0.19561767578125,
      0.20645577566964285,
      0.16557965959821427,
      0.07696533203125,
      0.15724400111607142,
      0.072021484375,
      0.07196044921875,
      0.14528982979910715,
      0.13286481584821427,
      0.13274274553571427,
      0.05934361049107143,
      0.07805524553571429,
      0.08392333984375,
      0.08792550223214286,
      0.17679268973214285,
      0.20887974330357142,
      0.14285714285714285,
      0.15087890625,
      0.15214320591517858,
      0.16244942801339285,
      0.13604736328125,
      0.13779994419642858,
      0.15718296595982142,
      0.08651297433035714,
      0.13927350725446427,
      0.13107735770089285,
      0.12993512834821427,
      0.13684953962053573,
      0.06878662109375,
      0.17805698939732142
    ],
    [
      0.16123744419642858,
      0.14192417689732142,
      0.14397321428571427,
      0.13078962053571427,
      0.3118896484375,
      0.15308489118303573,
      0.13774762834821427,
      0.14873395647321427,
      1.0,
      0.05204554966517857,
      0.06418282645089286,
      0.10392543247767858,
      0.08559744698660714,
      0.14903913225446427,
      0.13923863002232142,
      0.14270891462053573,
      0.08929443359375,
      0.13748604910714285,
      0.07386997767857142,
      0.07286725725446429,
      0.10725620814732142,
      0.10504150390625,
      0.1011962890625,
      0.06599644252232142,
      0.07732282366071429,
      0.08237130301339286,
      0.08231026785714286,
      0.09917340959821429,
      0.11414446149553571,
      0.10605294363839286,
      0.10824148995535714,
      0.10884312220982142,
      0.1116943359375,
      0.10518101283482142,
      0.10570417131696429,
      0.11070905412946429,
      0.06653703962053571,
      0.10259137834821429,
      0.09529331752232142,
      0.09052385602678571,
      0.09360177176339286,
      0.06304059709821429,
      0.11269705636160714
    ],
    [
      0.025059291294642856,
      0.03386579241071429,
      0.026994977678571428,
      0.03590611049107143,
      0.05628313337053571,
      0.058070591517857144,
      0.059788295200892856,
      0.04923793247767857,
      0.05204554966517857,
      1.0,
      0.14323207310267858,
      0.07049560546875,
      0.12807791573660715,
      0.02703857421875,
      0.027169363839285716,
      0.03208705357142857,
      0.054103306361607144,
      0.036228724888392856,
      0.1131591796875,
      0.10011509486607142,
      0.038487025669642856,
      0.04466029575892857,
      0.04096330915178571,
      0.09441266741071429,
      0.08921595982142858,
      0.09259033203125,
      0.09945242745535714,
      0.16868373325892858,
      0.13304792131696427,
      0.04365757533482143,
      0.04377964564732143,
      0.036891392299107144,
      0.03575788225446429,
      0.040257045200892856,
      0.04552350725446429,
      0.03257533482142857,
      0.07171630859375,
      0.05668422154017857,
      0.06129673549107143,
      0.06554303850446429,
      0.056910923549107144,
      0.08660016741071429,
      0.061192103794642856
    ],
    [
      0.04206194196428571,
      0.047607421875,
      0.04473005022321429,
      0.05393763950892857,
      0.06461007254464286,
      0.06154087611607143,
      0.06299700055803571,
      0.054844447544642856,
      0.06418282645089286,
      0.14323207310267858,
      1.0,
      0.08212716238839286,
      0.09612165178571429,
      0.044285365513392856,
      0.043491908482142856,
      0.05214146205357143,
      0.07113211495535714,
      0.05743408203125,
      0.11236572265625,
      0.10329764229910714,
      0.05907331194196429,
      0.06259591238839286,
      0.06053815569196429,
      0.09669712611607142,
      0.09439522879464286,
      0.09942626953125,
      0.10575648716517858,
      0.13047572544642858,
      0.1087646484375,
      0.060450962611607144,
      0.061427525111607144,
      0.054530552455357144,
      0.054234095982142856,
      0.060886928013392856,
      0.06317138671875,
      0.05369349888392857,
      0.06586565290178571,
      0.06046840122767857,
      0.06319754464285714,
      0.061924525669642856,
      0.059422084263392856,
      0.07579694475446429,
      0.06059047154017857
    ],
    [
      0.11048235212053571,
      0.10943603515625,
      0.10600062779017858,
      0.10565185546875,
      0.12607247488839285,
      0.12010846819196429,
      0.13897705078125,
      0.11632428850446429,
      0.10392543247767858,
      0.07049560546875,
      0.08212716238839286,
      1.0,
      0.09023611886160714,
      0.10585239955357142,
      0.10608782087053571,
      0.102294921875,
      0.08868408203125,
      0.10230364118303571,
      0.09099469866071429,
      0.08061872209821429,
      0.10016741071428571,
      0.102783203125,
      0.09922572544642858,
      0.07553536551339286,
      0.08509172712053571,
      0.09306989397321429,
      0.09389822823660714,
      0.10633196149553571,
      0.11649867466517858,
      0.09644426618303571,
      0.09866768973214286,
      0.09892054966517858,
      0.09901646205357142,
      0.09934779575892858,
      0.10130092075892858,
      0.09763881138392858,
      0.06158447265625,
      0.08838762555803571,
      0.0860595703125,
      0.08119419642857142,
      0.08149065290178571,
      0.06593540736607142,
      0.09388950892857142
    ],
    [
      0.08814348493303571,
      0.09365408761160714,
      0.08493477957589286,
      0.09612165178571429,
      0.09676688058035714,
      0.10022844587053571,
      0.09769112723214286,
      0.09891183035714286,
      0.08559744698660714,
      0.12807791573660715,
      0.09612165178571429,
      0.09023611886160714,
      1.0,
      0.09043666294642858,
      0.09442138671875,
      0.08895438058035714,
      0.08511788504464286,
      0.09314836774553571,
      0.09007045200892858,
      0.08367047991071429,
      0.08608572823660714,
      0.08707101004464286,
      0.09041922433035714,
      0.0784912109375,
      0.08387974330357142,
      0.08924211774553571,
      0.09072440011160714,
      0.11713518415178571,
      0.1102294921875,
      0.08944266183035714,
      0.09092494419642858,
      0.09128243582589286,
      0.08877999441964286,
      0.08392333984375,
      0.08774239676339286,
      0.08774239676339286,
      0.057041713169642856,
      0.07272774832589286,
      0.07084437779017858,
      0.06590924944196429,
      0.06572614397321429,
      0.06013706752232143,
      0.07618931361607142
    ],
    [
      0.2833164760044643,
      0.19185093470982142,
      0.23941476004464285,
      0.17367117745535715,
      0.17744663783482142,
      0.19505964006696427,
      0.16621616908482142,
      0.19561767578125,
      0.14903913225446427,
      0.02703857421875,
      0.044285365513392856,
      0.10585239955357142,
      0.09043666294642858,
      1.0,
      0.19693429129464285,
      0.2252197265625,
      0.08165631975446429,
      0.1737060546875,
      0.06092180524553571,
      0.06440080915178571,
      0.12858363560267858,
      0.12057931082589286,
      0.12213134765625,
      0.057407924107142856,
      0.07272774832589286,
      0.07553536551339286,
      0.0748291015625,
      0.09584263392857142,
      0.1195068359375,
      0.12894984654017858,
      0.13155691964285715,
      0.13704136439732142,
      0.14493233816964285,
      0.12318638392857142,
      0.12037004743303571,
      0.14226422991071427,
      0.07038225446428571,
      0.11953299386160714,
      0.11036028180803571,
      0.10562569754464286,
      0.11111014229910714,
      0.05796595982142857,
      0.14640590122767858
    ],
    [
      0.21384974888392858,
      0.3582763671875,
      0.19230433872767858,
      0.2716587611607143,
      0.17417689732142858,
      0.2039794921875,
      0.17613874162946427,
      0.20645577566964285,
      0.13923863002232142,
      0.027169363839285716,
      0.043491908482142856,
      0.10608782087053571,
      0.09442138671875,
      0.19693429129464285,
      1.0,
      0.17292131696428573,
      0.07712227957589286,
      0.16966029575892858,
      0.06379045758928571,
      0.06685965401785714,
      0.13798304966517858,
      0.12706647600446427,
      0.13079833984375,
      0.057529994419642856,
      0.07515171595982142,
      0.07779366629464286,
      0.07772391183035714,
      0.09996686662946429,
      0.12494768415178571,
      0.13740757533482142,
      0.14190673828125,
      0.14652797154017858,
      0.15626743861607142,
      0.12975202287946427,
      0.12931605747767858,
      0.1514892578125,
      0.07334681919642858,
      0.12353515625,
      0.11485944475446429,
      0.10889543805803571,
      0.11056954520089286,
      0.059605189732142856,
      0.14938790457589285
    ],
    [
      0.21101597377232142,
      0.16888427734375,
      0.19504220145089285,
      0.15843854631696427,
      0.16206577845982142,
      0.163818359375,
      0.14467075892857142,
      0.16557965959821427,
      0.14270891462053573,
      0.03208705357142857,
      0.05214146205357143,
      0.102294921875,
      0.08895438058035714,
      0.2252197265625,
      0.17292131696428573,
      1.0,
      0.08785574776785714,
      0.16908482142857142,
      0.06545584542410714,
      0.067626953125,
      0.12013462611607142,
      0.11366489955357142,
      0.11538260323660714,
      0.06059047154017857,
      0.07526506696428571,
      0.07842145647321429,
      0.07644217354910714,
      0.08579799107142858,
      0.10582624162946429,
      0.11844308035714286,
      0.123779296875,
      0.1248779296875,
      0.13185337611607142,
      0.1151123046875,
      0.11370849609375,
      0.12701416015625,
      0.06416538783482142,
      0.10558210100446429,
      0.10020228794642858,
      0.09378487723214286,
      0.09822300502232142,
      0.05644880022321429,
      0.12246268136160714
    ],
    [
      0.07591029575892858,
      0.07907540457589286,
      0.07976422991071429,
      0.08523123604910714,
      0.08993094308035714,
      0.07896205357142858,
      0.07960728236607142,
      0.07696533203125,
      0.08929443359375,
      0.054103306361607144,
      0.07113211495535714,
      0.08868408203125,
      0.08511788504464286,
      0.08165631975446429,
      0.07712227957589286,
      0.08785574776785714,
      1.0,
      0.09251185825892858,
      0.07567487444196429,
      0.07503836495535714,
      0.08594621930803571,
      0.08916364397321429,
      0.08887590680803571,
      0.07318987165178571,
      0.08021763392857142,
      0.0826416015625,
      0.08074079241071429,
      0.06719098772321429,
      0.07526506696428571,
      0.08560616629464286,
      0.08511788504464286,
      0.08338274274553571,
      0.08472551618303571,
      0.08796037946428571,
      0.08885846819196429,
      0.08287702287946429,
      0.04741559709821429,
      0.06735665457589286,
      0.06520298549107142,
      0.05836704799107143,
      0.06263078962053571,
      0.05193219866071429,
      0.06013706752232143
    ],
    [
      0.18628801618303573,
      0.16889299665178573,
      0.16948590959821427,
      0.15815080915178573,
      0.16360037667410715,
      0.15436662946428573,
      0.13982282366071427,
      0.15724400111607142,
      0.13748604910714285,
      0.036228724888392856,
      0.05743408203125,
      0.10230364118303571,
      0.09314836774553571,
      0.1737060546875,
      0.16966029575892858,
      0.16908482142857142,
      0.09251185825892858,
      1.0,
      0.07020786830357142,
      0.07218715122767858,
      0.12077113560267858,
      0.11641148158482142,
      0.1195068359375,
      0.06554303850446429,
      0.07972935267857142,
      0.08217075892857142,
      0.08055768694196429,
      0.08404541015625,
      0.10255650111607142,
      0.118896484375,
      0.12261962890625,
      0.12840924944196427,
      0.13011823381696427,
      0.11698695591517858,
      0.11632428850446429,
      0.12851388113839285,
      0.06040736607142857,
      0.09843226841517858,
      0.09373256138392858,
      0.08576311383928571,
      0.08951241629464286,
      0.05586460658482143,
      0.11271449497767858
    ],
    [
      0.06146240234375,
      0.06618826729910714,
      0.06277901785714286,
      0.07209995814732142,
      0.07695661272321429,
      0.07652064732142858,
      0.07872663225446429,
      0.072021484375,
      0.07386997767857142,
      0.1131591796875,
      0.11236572265625,
      0.09099469866071429,
      0.09007045200892858,
      0.06092180524553571,
      0.06379045758928571,
      0.06545584542410714,
      0.07567487444196429,
      0.07020786830357142,
      1.0,
      0.13795689174107142,
      0.07622419084821429,
      0.08040945870535714,
      0.07716587611607142,
      0.13071986607142858,
      0.12956891741071427,
      0.23351178850446427,
      0.18382045200892858,
      0.11703055245535714,
      0.10920933314732142,
      0.07530866350446429,
      0.07706996372767858,
      0.07150704520089286,
      0.07219587053571429,
      0.07598876953125,
      0.08078438895089286,
      0.06989397321428571,
      0.06721714564732142,
      0.07415771484375,
      0.0755615234375,
      0.07185581752232142,
      0.06706019810267858,
      0.0775146484375,
      0.07280622209821429
    ],
    [
      0.06392124720982142,
      0.06880405970982142,
      0.06475830078125,
      0.07231794084821429,
      0.07488141741071429,
      0.07571847098214286,
      0.07563127790178571,
      0.07196044921875,
      0.07286725725446429,
      0.10011509486607142,
      0.10329764229910714,
      0.08061872209821429,
      0.08367047991071429,
      0.06440080915178571,
      0.06685965401785714,
      0.067626953125,
      0.07503836495535714,
      0.07218715122767858,
      0.13795689174107142,
      1.0,
      0.07792445591517858,
      0.07896205357142858,
      0.07602364676339286,
      0.11765834263392858,
      0.13693673270089285,
      0.12942068917410715,
      0.13080705915178573,
      0.10517229352678571,
      0.09710693359375,
      0.07618931361607142,
      0.0782470703125,
      0.07346017020089286,
      0.07248360770089286,
      0.07578822544642858,
      0.07794189453125,
      0.07132393973214286,
      0.06772286551339286,
      0.07354736328125,
      0.07315499441964286,
      0.07235281808035714,
      0.069580078125,
      0.07332938058035714,
      0.07159423828125
    ],
    [
      0.13854108537946427,
      0.13955252511160715,
      0.13374546595982142,
      0.13008335658482142,
      0.12758091517857142,
      0.14198521205357142,
      0.13207135881696427,
      0.14528982979910715,
      0.10725620814732142,
      0.038487025669642856,
      0.05907331194196429,
      0.10016741071428571,
      0.08608572823660714,
      0.12858363560267858,
      0.13798304966517858,
      0.12013462611607142,
      0.08594621930803571,
      0.12077113560267858,
      0.07622419084821429,
      0.07792445591517858,
      1.0,
      0.143310546875,
      0.13996233258928573,
      0.07907540457589286,
      0.09230259486607142,
      0.08853585379464286,
      0.08561488560267858,
      0.09104701450892858,
      0.10804094587053571,
      0.13080705915178573,
      0.13186209542410715,
      0.13557652064732142,
      0.13674490792410715,
      0.13855852399553573,
      0.136474609375,
      0.13555036272321427,
      0.060023716517857144,
      0.09711565290178571,
      0.09214564732142858,
      0.08664376395089286,
      0.09614780970982142,
      0.05580357142857143,
      0.10526820591517858
    ],
    [
      0.12753731863839285,
      0.12958635602678573,
      0.12165178571428571,
      0.12152099609375,
      0.12302071707589286,
      0.13200160435267858,
      0.12714494977678573,
      0.13286481584821427,
      0.10504150390625,
      0.04466029575892857,
      0.06259591238839286,
      0.102783203125,
      0.08707101004464286,
      0.12057931082589286,
      0.12706647600446427,
      0.11366489955357142,
      0.08916364397321429,
      0.11641148158482142,
      0.08040945870535714,
      0.07896205357142858,
      0.143310546875,
      1.0,
      0.17603410993303573,
      0.07503836495535714,
      0.08769008091517858,
      0.09113420758928571,
      0.08758544921875,
      0.08894566127232142,
      0.10539027622767858,
      0.12043108258928571,
      0.12614222935267858,
      0.12608119419642858,
      0.12747628348214285,
      0.12874058314732142,
      0.16396658761160715,
      0.12647356305803573,
      0.059901646205357144,
      0.09495326450892858,
      0.08896309988839286,
      0.08442905970982142,
      0.0908203125,
      0.057041713169642856,
      0.10018484933035714
    ],
    [
      0.12736293247767858,
      0.13014439174107142,
      0.12044852120535714,
      0.12449428013392858,
      0.11953299386160714,
      0.13033621651785715,
      0.12273297991071429,
      0.13274274553571427,
      0.1011962890625,
      0.04096330915178571,
      0.06053815569196429,
      0.09922572544642858,
      0.09041922433035714,
      0.12213134765625,
      0.13079833984375,
      0.11538260323660714,
      0.08887590680803571,
      0.1195068359375,
      0.07716587611607142,
      0.07602364676339286,
      0.13996233258928573,
      0.17603410993303573,
      1.0,
      0.07245744977678571,
      0.08377511160714286,
      0.08942522321428571,
      0.08542306082589286,
      0.08340890066964286,
      0.09980991908482142,
      0.12236676897321429,
      0.12445068359375,
      0.13006591796875,
      0.12854875837053573,
      0.12752859933035715,
      0.14600481305803573,
      0.13297816685267858,
      0.05678013392857143,
      0.09153529575892858,
      0.08621651785714286,
      0.07986886160714286,
      0.08380126953125,
      0.053187779017857144,
      0.09815325055803571
    ],
    [
      0.0540771484375,
      0.059169224330357144,
      0.0574951171875,
      0.06360735212053571,
      0.06707763671875,
      0.06218610491071429,
      0.06476702008928571,
      0.05934361049107143,
      0.06599644252232142,
      0.09441266741071429,
      0.09669712611607142,
      0.07553536551339286,
      0.0784912109375,
      0.057407924107142856,
      0.057529994419642856,
      0.06059047154017857,
      0.07318987165178571,
      0.06554303850446429,
      0.13071986607142858,
      0.11765834263392858,
      0.07907540457589286,
      0.07503836495535714,
      0.07245744977678571,
      1.0,
      0.29024832589285715,
      0.13426862444196427,
      0.12514822823660715,
      0.09105573381696429,
      0.08196149553571429,
      0.07037353515625,
      0.06944056919642858,
      0.06656319754464286,
      0.0655517578125,
      0.06938825334821429,
      0.07285853794642858,
      0.06458391462053571,
      0.06432233537946429,
      0.06522042410714286,
      0.06710379464285714,
      0.06462751116071429,
      0.06276157924107142,
      0.06979806082589286,
      0.05956159319196429
    ],
    [
      0.07192557198660714,
      0.07802908761160714,
      0.073486328125,
      0.07890973772321429,
      0.08214460100446429,
      0.08071463448660714,
      0.079833984375,
      0.07805524553571429,
      0.07732282366071429,
      0.08921595982142858,
      0.09439522879464286,
      0.08509172712053571,
      0.08387974330357142,
      0.07272774832589286,
      0.07515171595982142,
      0.07526506696428571,
      0.08021763392857142,
      0.07972935267857142,
      0.12956891741071427,
      0.13693673270089285,
      0.09230259486607142,
      0.08769008091517858,
      0.08377511160714286,
      0.29024832589285715,
      1.0,
      0.14703369140625,
      0.12033517020089286,
      0.09867640904017858,
      0.09379359654017858,
      0.08156040736607142,
      0.08342633928571429,
      0.08150809151785714,
      0.0789794921875,
      0.08090645926339286,
      0.08397565569196429,
      0.07841273716517858,
      0.06682477678571429,
      0.07584926060267858,
      0.07674734933035714,
      0.07205636160714286,
      0.06919642857142858,
      0.07140241350446429,
      0.07111467633928571
    ],
    [
      0.07406180245535714,
      0.080322265625,
      0.07640729631696429,
      0.08188302176339286,
      0.08585902622767858,
      0.08719308035714286,
      0.0867919921875,
      0.08392333984375,
      0.08237130301339286,
      0.09259033203125,
      0.09942626953125,
      0.09306989397321429,
      0.08924211774553571,
      0.07553536551339286,
      0.07779366629464286,
      0.07842145647321429,
      0.0826416015625,
      0.08217075892857142,
      0.23351178850446427,
      0.12942068917410715,
      0.08853585379464286,
      0.09113420758928571,
      0.08942522321428571,
      0.13426862444196427,
      0.14703369140625,
      1.0,
      0.15235246930803573,
      0.10724748883928571,
      0.10377720424107142,
      0.08541434151785714,
      0.08823067801339286,
      0.08263288225446429,
      0.08448137555803571,
      0.08598981584821429,
      0.08936418805803571,
      0.08183942522321429,
      0.06551688058035714,
      0.07927594866071429,
      0.07919747488839286,
      0.07486397879464286,
      0.07289341517857142,
      0.07196044921875,
      0.07652064732142858
    ],
    [
      0.07431466238839286,
      0.080810546875,
      0.076416015625,
      0.08315604073660714,
      0.08942522321428571,
      0.090087890625,
      0.09013148716517858,
      0.08792550223214286,
      0.08231026785714286,
      0.09945242745535714,
      0.10575648716517858,
      0.09389822823660714,
      0.09072440011160714,
      0.0748291015625,
      0.07772391183035714,
      0.07644217354910714,
      0.08074079241071429,
      0.08055768694196429,
      0.18382045200892858,
      0.13080705915178573,
      0.08561488560267858,
      0.08758544921875,
      0.08542306082589286,
      0.12514822823660715,
      0.12033517020089286,
      0.15235246930803573,
      1.0,
      0.11721365792410714,
      0.11341203962053571,
      0.08587646484375,
      0.08596365792410714,
      0.08315604073660714,
      0.08169991629464286,
      0.08428955078125,
      0.0870361328125,
      0.08002580915178571,
      0.06817626953125,
      0.08040945870535714,
      0.08065359933035714,
      0.07538713727678571,
      0.07129778180803571,
      0.07475934709821429,
      0.07954624720982142
    ],
    [
      0.107666015625,
      0.11085728236607142,
      0.10271344866071429,
      0.09724644252232142,
      0.13288225446428573,
      0.18642752511160715,
      0.14745221819196427,
      0.17679268973214285,
      0.09917340959821429,
      0.16868373325892858,
      0.13047572544642858,
      0.10633196149553571,
      0.11713518415178571,
      0.09584263392857142,
      0.09996686662946429,
      0.08579799107142858,
      0.06719098772321429,
      0.08404541015625,
      0.11703055245535714,
      0.10517229352678571,
      0.09104701450892858,
      0.08894566127232142,
      0.08340890066964286,
      0.09105573381696429,
      0.09867640904017858,
      0.10724748883928571,
      0.11721365792410714,
      1.0,
      0.36385672433035715,
      0.09168352399553571,
      0.10099574497767858,
      0.08962576729910714,
      0.09370640345982142,
      0.08627755301339286,
      0.09379359654017858,
      0.08820452008928571,
      0.08708844866071429,
      0.09961809430803571,
      0.10061209542410714,
      0.10518973214285714,
      0.10791887555803571,
      0.08692278180803571,
      0.12377057756696429
    ],
    [
      0.13371930803571427,
      0.13487897600446427,
      0.12660435267857142,
      0.11790248325892858,
      0.15406145368303573,
      0.21424211774553573,
      0.17149135044642858,
      0.20887974330357142,
      0.11414446149553571,
      0.13304792131696427,
      0.1087646484375,
      0.11649867466517858,
      0.1102294921875,
      0.1195068359375,
      0.12494768415178571,
      0.10582624162946429,
      0.07526506696428571,
      0.10255650111607142,
      0.10920933314732142,
      0.09710693359375,
      0.10804094587053571,
      0.10539027622767858,
      0.09980991908482142,
      0.08196149553571429,
      0.09379359654017858,
      0.10377720424107142,
      0.11341203962053571,
      0.36385672433035715,
      1.0,
      0.10934012276785714,
      0.11789376395089286,
      0.10838971819196429,
      0.11483328683035714,
      0.10504150390625,
      0.11144147600446429,
      0.11017717633928571,
      0.08441162109375,
      0.11250523158482142,
      0.11151994977678571,
      0.11417933872767858,
      0.11857386997767858,
      0.08286830357142858,
      0.13824462890625
    ],
    [
      0.13768659319196427,
      0.13677106584821427,
      0.12961251395089285,
      0.12772914341517858,
      0.12376185825892858,
      0.14101736886160715,
      0.130615234375,
      0.14285714285714285,
      0.10605294363839286,
      0.04365757533482143,
      0.060450962611607144,
      0.09644426618303571,
      0.08944266183035714,
      0.12894984654017858,
      0.13740757533482142,
      0.11844308035714286,
      0.08560616629464286,
      0.118896484375,
      0.07530866350446429,
      0.07618931361607142,
      0.13080705915178573,
      0.12043108258928571,
      0.12236676897321429,
      0.07037353515625,
      0.08156040736607142,
      0.08541434151785714,
      0.08587646484375,
      0.09168352399553571,
      0.10934012276785714,
      1.0,
      0.13700648716517858,
      0.13863699776785715,
      0.14426095145089285,
      0.13246372767857142,
      0.12542724609375,
      0.13695417131696427,
      0.06022426060267857,
      0.09569440569196429,
      0.09183175223214286,
      0.08556256975446429,
      0.09269496372767858,
      0.05633544921875,
      0.10841587611607142
    ],
    [
      0.14060756138392858,
      0.13941301618303573,
      0.133056640625,
      0.12993512834821427,
      0.12839181082589285,
      0.14898681640625,
      0.13459123883928573,
      0.15087890625,
      0.10824148995535714,
      0.04377964564732143,
      0.061427525111607144,
      0.09866768973214286,
      0.09092494419642858,
      0.13155691964285715,
      0.14190673828125,
      0.123779296875,
      0.08511788504464286,
      0.12261962890625,
      0.07706996372767858,
      0.0782470703125,
      0.13186209542410715,
      0.12614222935267858,
      0.12445068359375,
      0.06944056919642858,
      0.08342633928571429,
      0.08823067801339286,
      0.08596365792410714,
      0.10099574497767858,
      0.11789376395089286,
      0.13700648716517858,
      1.0,
      0.14688546316964285,
      0.15339878627232142,
      0.134033203125,
      0.13043212890625,
      0.14222935267857142,
      0.061680385044642856,
      0.09905133928571429,
      0.09374128069196429,
      0.08753313337053571,
      0.095947265625,
      0.05653599330357143,
      0.1112060546875
    ],
    [
      0.14544677734375,
      0.14448765345982142,
      0.13600376674107142,
      0.13631766183035715,
      0.13002232142857142,
      0.14723423549107142,
      0.13710239955357142,
      0.15214320591517858,
      0.10884312220982142,
      0.036891392299107144,
      0.054530552455357144,
      0.09892054966517858,
      0.09128243582589286,
      0.13704136439732142,
      0.14652797154017858,
      0.1248779296875,
      0.08338274274553571,
      0.12840924944196427,
      0.07150704520089286,
      0.07346017020089286,
      0.13557652064732142,
      0.12608119419642858,
      0.13006591796875,
      0.06656319754464286,
      0.08150809151785714,
      0.08263288225446429,
      0.08315604073660714,
      0.08962576729910714,
      0.10838971819196429,
      0.13863699776785715,
      0.14688546316964285,
      1.0,
      0.15114920479910715,
      0.13282993861607142,
      0.13369315011160715,
      0.14716448102678573,
      0.05803571428571429,
      0.09926060267857142,
      0.09369768415178571,
      0.08739362444196429,
      0.09347970145089286,
      0.05348423549107143,
      0.11208670479910714
    ],
    [
      0.15460205078125,
      0.15327671595982142,
      0.14404296875,
      0.14325823102678573,
      0.13499232700892858,
      0.15687779017857142,
      0.14392961774553573,
      0.16244942801339285,
      0.1116943359375,
      0.03575788225446429,
      0.054234095982142856,
      0.09901646205357142,
      0.08877999441964286,
      0.14493233816964285,
      0.15626743861607142,
      0.13185337611607142,
      0.08472551618303571,
      0.13011823381696427,
      0.07219587053571429,
      0.07248360770089286,
      0.13674490792410715,
      0.12747628348214285,
      0.12854875837053573,
      0.0655517578125,
      0.0789794921875,
      0.08448137555803571,
      0.08169991629464286,
      0.09370640345982142,
      0.11483328683035714,
      0.14426095145089285,
      0.15339878627232142,
      0.15114920479910715,
      1.0,
      0.13644845145089285,
      0.13241141183035715,
      0.15797642299107142,
      0.06253487723214286,
      0.10357666015625,
      0.09806605747767858,
      0.09255545479910714,
      0.0999755859375,
      0.05657958984375,
      0.12091064453125
    ],
    [
      0.13066755022321427,
      0.13092912946428573,
      0.12574114118303573,
      0.12328229631696429,
      0.12384905133928571,
      0.13480050223214285,
      0.1280517578125,
      0.13604736328125,
      0.10518101283482142,
      0.040257045200892856,
      0.060886928013392856,
      0.09934779575892858,
      0.08392333984375,
      0.12318638392857142,
      0.12975202287946427,
      0.1151123046875,
      0.08796037946428571,
      0.11698695591517858,
      0.07598876953125,
      0.07578822544642858,
      0.13855852399553573,
      0.12874058314732142,
      0.12752859933035715,
      0.06938825334821429,
      0.08090645926339286,
      0.08598981584821429,
      0.08428955078125,
      0.08627755301339286,
      0.10504150390625,
      0.13246372767857142,
      0.134033203125,
      0.13282993861607142,
      0.13644845145089285,
      1.0,
      0.1412353515625,
      0.13373674665178573,
      0.05650111607142857,
      0.09135219029017858,
      0.08863176618303571,
      0.08290318080357142,
      0.09172712053571429,
      0.05555943080357143,
      0.10060337611607142
    ],
    [
      0.12787737165178573,
      0.13051932198660715,
