{
  "model": "mistralai/Mistral-Large-Instruct-2407",
  "sign": "positive",
  "percentage": 5.0,
  "component": "neurons",
  "tasks": [
    "MD/add_sub_2op_symbolic",
    "MD/add_sub_2op_verbal",
    "MD/add_sub_3op_symbolic",
    "MD/add_sub_3op_verbal",
    "MD/code_A",
    "MD/code_B",
    "MD/code_conditional",
    "MD/code_list",
    "MD/code_loop",
    "MD/logic_propositional_1",
    "MD/logic_propositional_symbolic",
    "MD/logic_syllogism_1",
    "MD/logic_syllogism_symbolic",
    "MD/mul_div_2op_symbolic",
    "MD/mul_div_2op_verbal",
    "MD/mul_div_3op_symbolic",
    "MD/number_sorting",
    "MD/simple_equation",
    "ToM/agent",
    "ToM/desires_goals",
    "ToM/emotion_fewshot",
    "ToM/norm_appropriate",
    "ToM/primary_emotions",
    "ToM/social_interactions",
    "ToM/social_relations",
    "phys/phys_newton",
    "phys/phys_prost",
    "phys/physics_buoyancy",
    "phys/physics_elasticity",
    "phys/physics_solubility",
    "phys/physics_temperature",
    "Lan/anaphor_gender_agreement",
    "Lan/det_noun_agreement_irregular",
    "Lan/det_noun_agreement_regular",
    "Lan/det_noun_agreement_with_adjective",
    "Lan/hypernymy",
    "Lan/npi",
    "Lan/subject_verb_agreement",
    "Lan/wug"
  ],
  "overlap_matrix": [
    [
      1.0,
      0.1468340784425632,
      0.16172833634547704,
      0.13736167919084308,
      0.15487174609213988,
      0.13244712895145694,
      0.12003392625003963,
      0.12472652905925996,
      0.17169219062113575,
      0.08893750594502045,
      0.08671803164336218,
      0.10695488125812486,
      0.09401851675703098,
      0.20129839246647008,
      0.14402010209581786,
      0.1980563746472621,
      0.10813595865436444,
      0.16131614826088336,
      0.09928184152953486,
      0.08356320745743365,
      0.1053853958590951,
      0.09981293002314595,
      0.09262341862456007,
      0.10151716921906212,
      0.09897270046608961,
      0.10685976093091093,
      0.11028409271061226,
      0.1062731855797584,
      0.1109974951647167,
      0.09809283743936079,
      0.108690827229779,
      0.08067789086527791,
      0.09406607692063794,
      0.09313865373030217,
      0.08116141919528203,
      0.07848219664542312,
      0.07261644313389772,
      0.07571578046228479,
      0.09187830939471765
    ],
    [
      0.1468340784425632,
      1.0,
      0.14249817686039506,
      0.2625321031104347,
      0.16486730714353656,
      0.17731221662069185,
      0.1470480991787945,
      0.17261168711753702,
      0.14605726243698278,
      0.08365832778464757,
      0.0852991534290878,
      0.10924569580519357,
      0.08996004946257015,
      0.14994134246488475,
      0.27908304004565776,
      0.14637433019436252,
      0.1083103459209233,
      0.14619994292780367,
      0.09790259678493295,
      0.0924569580519357,
      0.1236564253781033,
      0.11667300802181427,
      0.09459716541424902,
      0.10355432956022702,
      0.10400615111449317,
      0.1302831415073401,
      0.140025048352833,
      0.12989473350454991,
      0.13289895050572306,
      0.12456799518057009,
      0.13364405973556548,
      0.09468435904752846,
      0.11857541456609277,
      0.1165065474491899,
      0.10342750245727513,
      0.10314214147563334,
      0.07974254098100764,
      0.08881860553600304,
      0.1241795871777799
    ],
    [
      0.16172833634547704,
      0.14249817686039506,
      1.0,
      0.13841592948413076,
      0.1505120644281683,
      0.13715558514854626,
      0.12245156790006025,
      0.13176543327309045,
      0.16553314943403405,
      0.08789118234566727,
      0.0899045626050287,
      0.10636037921303783,
      0.09387583626621009,
      0.20247946986270965,
      0.1431006055994166,
      0.20717207267193,
      0.110617013855861,
      0.15620343067313486,
      0.09951171565363519,
      0.09030089730175339,
      0.10903960176289673,
      0.1044738260566283,
      0.09538190811376392,
      0.1017866768128349,
      0.10158850946447255,
      0.11042677320143314,
      0.11426329306572815,
      0.1120200386822664,
      0.11500047560163607,
      0.10471162687466312,
      0.1131773359967025,
      0.08483940518088716,
      0.10067693966200578,
      0.10047877231364342,
      0.088239956878785,
      0.08571926820761597,
      0.07626272234376487,
      0.08028948286248772,
      0.10016963125019816
    ],
    [
      0.13736167919084308,
      0.2625321031104347,
      0.13841592948413076,
      1.0,
      0.1473176067725673,
      0.15101144614604142,
      0.12962522591077713,
      0.14359206062335522,
      0.13705253812739782,
      0.09020577697453946,
      0.09313072703636767,
      0.10641586607057928,
      0.09403437014489996,
      0.13880433748692095,
      0.22627540505406005,
      0.13830495576904783,
      0.11211515900948033,
      0.14494752528615365,
      0.10174704334316244,
      0.09522337423507403,
      0.11711690288214592,
      0.11018104568946384,
      0.09702273375820412,
      0.10342750245727513,
      0.10509210818351881,
      0.12207108659120454,
      0.1252021306953296,
      0.12146865785218301,
      0.12230096071530486,
      0.1152065696439329,
      0.12136561083103459,
      0.08852531786042678,
      0.104854307365484,
      0.10265861314562923,
      0.09236183772472177,
      0.08756618789435303,
      0.07909255207837915,
      0.08059069723199848,
      0.10980849107454263
    ],
    [
      0.15487174609213988,
      0.16486730714353656,
      0.1505120644281683,
      0.1473176067725673,
      1.0,
      0.24204159928976823,
      0.43468404197977106,
      0.22434129173404357,
      0.3085624147880402,
      0.09170392212815878,
      0.0849107454262976,
      0.14146770664891087,
      0.0966818859190209,
      0.1638209835441834,
      0.16644471923650084,
      0.15169314182440788,
      0.11052982022258157,
      0.15914423412283205,
      0.09699895367640064,
      0.08552110085925363,
      0.13184470021243538,
      0.11936808395954215,
      0.09663432575541393,
      0.10213545134595263,
      0.1024287390215289,
      0.14481277148926724,
      0.16353562256254162,
      0.12937949839880783,
      0.1356812200767304,
      0.122126573448746,
      0.13276419670883668,
      0.09367766891784775,
      0.1194314975110181,
      0.11839310060559942,
      0.10326104188465075,
      0.10212752465201813,
      0.07973461428707315,
      0.09068137861060908,
      0.12375947239925172
    ],
    [
      0.13244712895145694,
      0.17731221662069185,
      0.13715558514854626,
      0.15101144614604142,
      0.24204159928976823,
      1.0,
      0.26873870446114334,
      0.46673959225086403,
      0.15272361203589208,
      0.08015472906560132,
      0.07845048986968516,
      0.11505596245917753,
      0.08756618789435303,
      0.1372189987000222,
      0.18651510827863915,
      0.13281968356637813,
      0.10483052728368052,
      0.13419100161704556,
      0.09001553632011161,
      0.08511683946859444,
      0.14261707726941247,
      0.12738989822124988,
      0.09213196360062145,
      0.09743492184279781,
      0.1010257141951235,
      0.18844129490472114,
      0.21634325755413933,
      0.14943403405307715,
      0.15376200894131076,
      0.14558958749484766,
      0.1528266590570405,
      0.1126621008909604,
      0.14573226798566855,
      0.14316401915089255,
      0.12908621072323156,
      0.14196708836678398,
      0.08269919781857384,
      0.10714512191255271,
      0.15773328260249214
    ],
    [
      0.12003392625003963,
      0.1470480991787945,
      0.12245156790006025,
      0.12962522591077713,
      0.43468404197977106,
      0.26873870446114334,
      1.0,
      0.26184248073813376,
      0.13359649957195852,
      0.09171184882209328,
      0.0864485240495894,
      0.15452297155902217,
      0.09425631757506579,
      0.12332350423285456,
      0.1509004724309585,
      0.11862297472969974,
      0.10009829100478772,
      0.11882906877199657,
      0.09838612511493706,
      0.08087605821364026,
      0.1313453184945623,
      0.12154792479152796,
      0.08984114905355274,
      0.09946415549002822,
      0.09996353720790133,
      0.16013507086464376,
      0.18508830337043025,
      0.12937949839880783,
      0.134262341862456,
      0.1236643520720378,
      0.1308380100827547,
      0.09665810583721741,
      0.12050952788610926,
      0.11806810615428517,
      0.10827863914518533,
      0.1139382986144139,
      0.08127239291036495,
      0.08999175623830813,
      0.1311709312280034
    ],
    [
      0.12472652905925996,
      0.17261168711753702,
      0.13176543327309045,
      0.14359206062335522,
      0.22434129173404357,
      0.46673959225086403,
      0.26184248073813376,
      1.0,
      0.1442420495259837,
      0.08074923111068835,
      0.07715843875836266,
      0.11259868733948444,
      0.08707473287041441,
      0.1309569104917721,
      0.18599987317289704,
      0.12579663274041664,
      0.10325311519071625,
      0.12747709185452932,
      0.0901423634230635,
      0.0835156472938267,
      0.14484447826500524,
      0.1279764735724024,
      0.08931006055994166,
      0.09493801325343226,
      0.09929769491740385,
      0.19609848124544216,
      0.22805098449538666,
      0.15178033545768732,
      0.15536320111607851,
      0.1485938044960208,
      0.1544595580075462,
      0.11706141602460446,
      0.14858587780208632,
      0.1449950854497606,
      0.13392149402327277,
      0.14929135356225626,
      0.08306382573956055,
      0.11020482577126732,
      0.16279844002663368
    ],
    [
      0.17169219062113575,
      0.14605726243698278,
      0.16553314943403405,
      0.13705253812739782,
      0.3085624147880402,
      0.15272361203589208,
      0.13359649957195852,
      0.1442420495259837,
      1.0,
      0.0814626335647928,
      0.07661942357081708,
      0.10967373727765624,
      0.08928628047813818,
      0.19086686324867624,
      0.14958464123783252,
      0.18636450109388375,
      0.10607501823139605,
      0.1779780589111893,
      0.09135514759504106,
      0.07961571387805574,
      0.11203589207013538,
      0.1014061955039792,
      0.09392339642981705,
      0.09805320396968832,
      0.0964123783252481,
      0.09945622879609373,
      0.1085640001268271,
      0.11001458511683947,
      0.11795713243920226,
      0.10309458131202638,
      0.11472304131392878,
      0.08586194869843686,
      0.10598782459811662,
      0.10601953137385459,
      0.08984114905355274,
      0.08583816861663338,
      0.07533529915342908,
      0.08380893496940296,
      0.09956720251117664
    ],
    [
      0.08893750594502045,
      0.08365832778464757,
      0.08789118234566727,
      0.09020577697453946,
      0.09170392212815878,
      0.08015472906560132,
      0.09171184882209328,
      0.08074923111068835,
      0.0814626335647928,
      1.0,
      0.1539363962078696,
      0.10197691746726276,
      0.20658549732077744,
      0.0868290053584451,
      0.07730111924918355,
      0.08520403310187387,
      0.09894099369035163,
      0.09104600653159581,
      0.10525064206220869,
      0.09185452931291417,
      0.08163702083135166,
      0.08817654332730905,
      0.08646437743745838,
      0.10031231174101905,
      0.10105742097086147,
      0.14858587780208632,
      0.1236564253781033,
      0.08903262627223438,
      0.08045594343511209,
      0.08336504010907131,
      0.07883097117854085,
      0.06384159294841307,
      0.06197089317987254,
      0.06303307016709471,
      0.06366720568185422,
      0.05841973429721931,
      0.0693030850692793,
      0.04982719807222803,
      0.07360727987570943
    ],
    [
      0.08671803164336218,
      0.0852991534290878,
      0.0899045626050287,
      0.09313072703636767,
      0.0849107454262976,
      0.07845048986968516,
      0.0864485240495894,
      0.07715843875836266,
      0.07661942357081708,
      0.1539363962078696,
      1.0,
      0.10043913884397096,
      0.1556247820159168,
      0.08594121563778179,
      0.07956815371444878,
      0.08528330004121881,
      0.10949935001109737,
      0.09087161926503694,
      0.11351818383588573,
      0.10474333365040109,
      0.08588572878024034,
      0.0953898348076984,
      0.09106185991946479,
      0.10685976093091093,
      0.10965788388978724,
      0.12834902818732363,
      0.11095786169504424,
      0.09954342242937315,
      0.08559244110466406,
      0.09523130092900853,
      0.08640889057991692,
      0.0653318114080979,
      0.06101968990773328,
      0.06356415866070579,
      0.06391293319382352,
      0.05551856431719458,
      0.07044452899584641,
      0.04737784964646945,
      0.07512920511113225
    ],
    [
      0.10695488125812486,
      0.10924569580519357,
      0.10636037921303783,
      0.10641586607057928,
      0.14146770664891087,
      0.11505596245917753,
      0.15452297155902217,
      0.11259868733948444,
      0.10967373727765624,
      0.10197691746726276,
      0.10043913884397096,
      1.0,
      0.10150924252512762,
      0.1088176543327309,
      0.10605916484352707,
      0.1070420748914043,
      0.09832271156346112,
      0.10905545515076571,
      0.11011763213798789,
      0.08368210786645106,
      0.09874282634198929,
      0.10087510701036811,
      0.09152160816766543,
      0.1072798757094391,
      0.10488601414122198,
      0.118290053584451,
      0.12116744348267225,
      0.09903611401756555,
      0.1020324043248042,
      0.09041979771077079,
      0.09595263007704746,
      0.07320301848505026,
      0.08257237071562193,
      0.08053521037445702,
      0.07433653571768287,
      0.07343289260915058,
      0.07446336282063477,
      0.06383366625447859,
      0.08598877580138875
    ],
    [
      0.09401851675703098,
      0.08996004946257015,
      0.09387583626621009,
      0.09403437014489996,
      0.0966818859190209,
      0.08756618789435303,
      0.09425631757506579,
      0.08707473287041441,
      0.08928628047813818,
      0.20658549732077744,
      0.1556247820159168,
      0.10150924252512762,
      1.0,
      0.09252829829734614,
      0.08277053806398427,
      0.09126795396176163,
      0.10078791337708869,
      0.09619043089508228,
      0.10373664352072037,
      0.0906655252227401,
      0.08342845366054726,
      0.08894543263895495,
      0.08639303719204794,
      0.09916294112051745,
      0.10017755794413266,
      0.1381226418085545,
      0.12024002029233648,
      0.08969054186879737,
      0.08261993087922889,
      0.08377722819366498,
      0.08200164875233837,
      0.06532388471416342,
      0.06391293319382352,
      0.06455499540251752,
      0.06450743523891056,
      0.06040933447477726,
      0.06834395510320555,
      0.050810108120105266,
      0.0727591236247186
    ],
    [
      0.20129839246647008,
      0.14994134246488475,
      0.20247946986270965,
      0.13880433748692095,
      0.1638209835441834,
      0.1372189987000222,
      0.12332350423285456,
      0.1309569104917721,
      0.19086686324867624,
      0.0868290053584451,
      0.08594121563778179,
      0.1088176543327309,
      0.09252829829734614,
      1.0,
      0.1552443007070611,
      0.25454199562446495,
      0.1088335077205999,
      0.17502140207362313,
      0.09783918323345699,
      0.08613145629220964,
      0.1090950886204382,
      0.1028171470243191,
      0.09213196360062145,
      0.1021750848156251,
      0.09977329655347347,
      0.10502869463204287,
      0.11198040521259393,
      0.11071213418307492,
      0.11484194172294619,
      0.10299946098481245,
      0.11133041630996544,
      0.08388027521481341,
      0.09955927581724215,
      0.09881416658739972,
      0.08623450331335807,
      0.08384856843907543,
      0.07428104886014142,
      0.07996448841117347,
      0.0974587019246013
    ],
    [
      0.14402010209581786,
      0.27908304004565776,
      0.1431006055994166,
      0.22627540505406005,
      0.16644471923650084,
      0.18651510827863915,
      0.1509004724309585,
      0.18599987317289704,
      0.14958464123783252,
      0.07730111924918355,
      0.07956815371444878,
      0.10605916484352707,
      0.08277053806398427,
      0.1552443007070611,
      1.0,
      0.14840356384159295,
      0.10648720631598972,
      0.14799137575699928,
      0.09136307428897555,
      0.09203684327340753,
      0.13102825073718252,
      0.12003392625003963,
      0.09500935349884271,
      0.09982085671708044,
      0.10219093820349409,
      0.12474238244712896,
      0.1395098132470909,
      0.13623608865214495,
      0.14064333047972352,
      0.13346174577507214,
      0.14081771774628238,
      0.1020403310187387,
      0.13090142363423063,
      0.12651796188845557,
      0.11257490725768096,
      0.11391451853261042,
      0.0838882019087479,
      0.09717334094295951,
      0.1339135673293383
    ],
    [
      0.1980563746472621,
      0.14637433019436252,
      0.20717207267193,
      0.13830495576904783,
      0.15169314182440788,
      0.13281968356637813,
      0.11862297472969974,
      0.12579663274041664,
      0.18636450109388375,
      0.08520403310187387,
      0.08528330004121881,
      0.1070420748914043,
      0.09126795396176163,
      0.25454199562446495,
      0.14840356384159295,
      1.0,
      0.10808839849075748,
      0.16735628903896763,
      0.09792637686673643,
      0.0850534259171185,
      0.10826278575731633,
      0.10121595484955134,
      0.09490630647769428,
      0.10201655093693522,
      0.09983671010494943,
      0.1011604679920099,
      0.10737499603665303,
      0.10988775801388757,
      0.11614984622213767,
      0.10000317067757379,
      0.11236881321538413,
      0.08104251878626463,
      0.09993183043216336,
      0.09802149719395034,
      0.08460953105678684,
      0.08058277053806398,
      0.07408288151177907,
      0.07782428104886015,
      0.09553251529851929
    ],
    [
      0.10813595865436444,
      0.1083103459209233,
      0.110617013855861,
      0.11211515900948033,
      0.11052982022258157,
      0.10483052728368052,
      0.10009829100478772,
      0.10325311519071625,
      0.10607501823139605,
      0.09894099369035163,
      0.10949935001109737,
      0.09832271156346112,
      0.10078791337708869,
      0.1088335077205999,
      0.10648720631598972,
      0.10808839849075748,
      1.0,
      0.11286819493325724,
      0.10399822442055867,
      0.09688005326738323,
      0.10047877231364342,
      0.10213545134595263,
      0.09208440343701449,
      0.10109705444053395,
      0.10265068645169473,
      0.11002251181077397,
      0.1065189130917277,
      0.11033957956815371,
      0.10212752465201813,
      0.104854307365484,
      0.10355432956022702,
      0.07548590633818447,
      0.0800516820444529,
      0.08084435143790228,
      0.07541456609277403,
      0.0696914930720695,
      0.07487555090522845,
      0.06338184470021244,
      0.08690034560385554
    ],
    [
      0.16131614826088336,
      0.14619994292780367,
      0.15620343067313486,
      0.14494752528615365,
      0.15914423412283205,
      0.13419100161704556,
      0.11882906877199657,
      0.12747709185452932,
      0.1779780589111893,
      0.09104600653159581,
      0.09087161926503694,
      0.10905545515076571,
      0.09619043089508228,
      0.17502140207362313,
      0.14799137575699928,
      0.16735628903896763,
      0.11286819493325724,
      1.0,
      0.10020133802593614,
      0.09106185991946479,
      0.10973715082913219,
      0.10313421478169885,
      0.09848124544215099,
      0.10475918703827009,
      0.10465614001712166,
      0.10510003487745331,
      0.1093408161324075,
      0.11068042740733695,
      0.11600716573131678,
      0.10349884270268557,
      0.11234503313358064,
      0.08190652842512446,
      0.09726846127017344,
      0.09666603253115191,
      0.08288943847300168,
      0.0776261137004978,
      0.07543041948064301,
      0.07704746504327975,
      0.09683249310377627
    ],
    [
      0.09928184152953486,
      0.09790259678493295,
      0.09951171565363519,
      0.10174704334316244,
      0.09699895367640064,
      0.09001553632011161,
      0.09838612511493706,
      0.0901423634230635,
      0.09135514759504106,
      0.10525064206220869,
      0.11351818383588573,
      0.11011763213798789,
      0.10373664352072037,
      0.09783918323345699,
      0.09136307428897555,
      0.09792637686673643,
      0.10399822442055867,
      0.10020133802593614,
      1.0,
      0.12325216398744411,
      0.10125558831922382,
      0.1078030375091157,
      0.13749643298772948,
      0.21109578616950442,
      0.17037635942800977,
      0.11372427787818257,
      0.11241637337899109,
      0.10956276356257333,
      0.10086718031643362,
      0.09685627318557975,
      0.0964282317131171,
      0.07369447350898888,
      0.0783950030121437,
      0.07792732807000856,
      0.07304448460636039,
      0.06806652081549827,
      0.07692063794032784,
      0.061653825422492786,
      0.07703953834934525
    ],
    [
      0.08356320745743365,
      0.0924569580519357,
      0.09030089730175339,
      0.09522337423507403,
      0.08552110085925363,
      0.08511683946859444,
      0.08087605821364026,
      0.0835156472938267,
      0.07961571387805574,
      0.09185452931291417,
      0.10474333365040109,
      0.08368210786645106,
      0.0906655252227401,
      0.08613145629220964,
      0.09203684327340753,
      0.0850534259171185,
      0.09688005326738323,
      0.09106185991946479,
      0.12325216398744411,
      1.0,
      0.09526300770474651,
      0.09905196740543454,
      0.1414439265671074,
      0.1423475696756397,
      0.12807159389961634,
      0.09812454421509877,
      0.09083198579536447,
      0.10676464060369702,
      0.09275024572751196,
      0.10295982751513999,
      0.09464472557785598,
      0.07484384412949047,
      0.0773803861885285,
      0.07855353689083357,
      0.0750657915596563,
      0.06755921240369067,
      0.07603284821966454,
      0.05838010082754685,
      0.08073337772281937
    ],
    [
      0.1053853958590951,
      0.1236564253781033,
      0.10903960176289673,
      0.11711690288214592,
      0.13184470021243538,
      0.14261707726941247,
      0.1313453184945623,
      0.14484447826500524,
      0.11203589207013538,
      0.08163702083135166,
      0.08588572878024034,
      0.09874282634198929,
      0.08342845366054726,
      0.1090950886204382,
      0.13102825073718252,
      0.10826278575731633,
      0.10047877231364342,
      0.10973715082913219,
      0.10125558831922382,
      0.09526300770474651,
      1.0,
      0.1685532198230762,
      0.10397444433875519,
      0.10645549954025176,
      0.1028171470243191,
      0.11391451853261042,
      0.12300643647547481,
      0.1572893877421605,
      0.15101144614604142,
      0.14631884333682108,
      0.15044072418275786,
      0.09009480325945654,
      0.11232917974571166,
      0.11152858365832778,
      0.10425980532039697,
      0.10322140841497827,
      0.07835536954247123,
      0.08353942737563017,
      0.1154760772377057
    ],
    [
      0.09981293002314595,
      0.11667300802181427,
      0.1044738260566283,
      0.11018104568946384,
      0.11936808395954215,
      0.12738989822124988,
      0.12154792479152796,
      0.1279764735724024,
      0.1014061955039792,
      0.08817654332730905,
      0.0953898348076984,
      0.10087510701036811,
      0.08894543263895495,
      0.1028171470243191,
      0.12003392625003963,
      0.10121595484955134,
      0.10213545134595263,
      0.10313421478169885,
      0.1078030375091157,
      0.09905196740543454,
      0.1685532198230762,
      1.0,
      0.10211959795808365,
      0.10888899457814134,
      0.10545673610450554,
      0.11454072735343543,
      0.11809981293002314,
      0.16592948413075875,
      0.13432575541393196,
      0.1454072735343543,
      0.14367132756270015,
      0.08502171914138051,
      0.1028092203303846,
      0.10170740987348996,
      0.09560385554392974,
      0.09212403690668695,
      0.08115349250134754,
      0.07703161165541077,
      0.1084292463299407
    ],
    [
      0.09262341862456007,
      0.09459716541424902,
      0.09538190811376392,
      0.09702273375820412,
      0.09663432575541393,
      0.09213196360062145,
      0.08984114905355274,
      0.08931006055994166,
      0.09392339642981705,
      0.08646437743745838,
      0.09106185991946479,
      0.09152160816766543,
      0.08639303719204794,
      0.09213196360062145,
      0.09500935349884271,
      0.09490630647769428,
      0.09208440343701449,
      0.09848124544215099,
      0.13749643298772948,
      0.1414439265671074,
      0.10397444433875519,
      0.10211959795808365,
      1.0,
      0.14312438568122007,
      0.12217413361235296,
      0.09162465518881385,
      0.08993626938076667,
      0.09925806144773137,
      0.09677700624623482,
      0.09512825390786012,
      0.09472399251720093,
      0.07577126731982625,
      0.08101081201052665,
      0.08019436253527379,
      0.07493103776276991,
      0.0695567392751831,
      0.07298107105488442,
      0.062176987222169376,
      0.0777529408034497
    ],
    [
      0.10151716921906212,
      0.10355432956022702,
      0.1017866768128349,
      0.10342750245727513,
      0.10213545134595263,
      0.09743492184279781,
      0.09946415549002822,
      0.09493801325343226,
      0.09805320396968832,
      0.10031231174101905,
      0.10685976093091093,
      0.1072798757094391,
      0.09916294112051745,
      0.1021750848156251,
      0.09982085671708044,
      0.10201655093693522,
      0.10109705444053395,
      0.10475918703827009,
      0.21109578616950442,
      0.1423475696756397,
      0.10645549954025176,
      0.10888899457814134,
      0.14312438568122007,
      1.0,
      0.17325374932623103,
      0.10983227115634611,
      0.1085640001268271,
      0.11251942040013951,
      0.10373664352072037,
      0.09919464789625543,
      0.10067693966200578,
      0.07603284821966454,
      0.08320650623038144,
      0.0829924854941501,
      0.07726148577951109,
      0.06978661339928342,
      0.07701575826754177,
      0.06492755001743873,
      0.08036874980183265
    ],
    [
      0.09897270046608961,
      0.10400615111449317,
      0.10158850946447255,
      0.10509210818351881,
      0.1024287390215289,
      0.1010257141951235,
      0.09996353720790133,
      0.09929769491740385,
      0.0964123783252481,
      0.10105742097086147,
      0.10965788388978724,
      0.10488601414122198,
      0.10017755794413266,
      0.09977329655347347,
      0.10219093820349409,
      0.09983671010494943,
      0.10265068645169473,
      0.10465614001712166,
      0.17037635942800977,
      0.12807159389961634,
      0.1028171470243191,
      0.10545673610450554,
      0.12217413361235296,
      0.17325374932623103,
      1.0,
      0.11645898728558293,
      0.11351818383588573,
      0.10850058657535115,
      0.10341957576334063,
      0.09927391483560037,
      0.10180253020070389,
      0.07708709851295222,
      0.08521195979580837,
      0.08491867212023209,
      0.07934620628428295,
      0.07270363676717714,
      0.07735660610672501,
      0.06608484733187482,
      0.08425282982973462
    ],
    [
      0.10685976093091093,
      0.1302831415073401,
      0.11042677320143314,
      0.12207108659120454,
      0.14481277148926724,
      0.18844129490472114,
      0.16013507086464376,
      0.19609848124544216,
      0.09945622879609373,
      0.14858587780208632,
      0.12834902818732363,
      0.118290053584451,
      0.1381226418085545,
      0.10502869463204287,
      0.12474238244712896,
      0.1011604679920099,
      0.11002251181077397,
      0.10510003487745331,
      0.11372427787818257,
      0.09812454421509877,
      0.11391451853261042,
      0.11454072735343543,
      0.09162465518881385,
      0.10983227115634611,
      0.11645898728558293,
      1.0,
      0.3705967215193887,
      0.12630394115222424,
      0.11818700656330258,
      0.11746567741526365,
      0.11587241193443039,
      0.08969054186879737,
      0.09746662861853578,
      0.0980849107454263,
      0.09802942388788484,
      0.10618599194647896,
      0.07829195599099528,
      0.07451884967817622,
      0.12068391515266813
    ],
    [
      0.11028409271061226,
      0.140025048352833,
      0.11426329306572815,
      0.1252021306953296,
      0.16353562256254162,
      0.21634325755413933,
      0.18508830337043025,
      0.22805098449538666,
      0.1085640001268271,
      0.1236564253781033,
      0.11095786169504424,
      0.12116744348267225,
      0.12024002029233648,
      0.11198040521259393,
      0.1395098132470909,
      0.10737499603665303,
      0.1065189130917277,
      0.1093408161324075,
      0.11241637337899109,
      0.09083198579536447,
      0.12300643647547481,
      0.11809981293002314,
      0.08993626938076667,
      0.1085640001268271,
      0.11351818383588573,
      0.3705967215193887,
      1.0,
      0.13381844700212436,
      0.12955388566536669,
      0.12369605884777576,
      0.12737404483338088,
      0.09767272266083261,
      0.1102365325470053,
      0.11005421858651193,
      0.10854814673895812,
      0.12258632169694664,
      0.0786486572180475,
      0.08360284092710613,
      0.13011668093471576
    ],
    [
      0.1062731855797584,
      0.12989473350454991,
      0.1120200386822664,
      0.12146865785218301,
      0.12937949839880783,
      0.14943403405307715,
      0.12937949839880783,
      0.15178033545768732,
      0.11001458511683947,
      0.08903262627223438,
      0.09954342242937315,
      0.09903611401756555,
      0.08969054186879737,
      0.11071213418307492,
      0.13623608865214495,
      0.10988775801388757,
      0.11033957956815371,
      0.11068042740733695,
      0.10956276356257333,
      0.10676464060369702,
      0.1572893877421605,
      0.16592948413075875,
      0.09925806144773137,
      0.11251942040013951,
      0.10850058657535115,
      0.12630394115222424,
      0.13381844700212436,
      1.0,
      0.1853023241066616,
      0.20725133961127493,
      0.17542566346428232,
      0.09069723199847808,
      0.11505596245917753,
      0.11375598465392055,
      0.10577380386188528,
      0.10251593265480834,
      0.08252481055201497,
      0.0867021782554932,
      0.12281619582104696
    ],
    [
      0.1109974951647167,
      0.13289895050572306,
      0.11500047560163607,
      0.12230096071530486,
      0.1356812200767304,
      0.15376200894131076,
      0.134262341862456,
      0.15536320111607851,
      0.11795713243920226,
      0.08045594343511209,
      0.08559244110466406,
      0.1020324043248042,
      0.08261993087922889,
      0.11484194172294619,
      0.14064333047972352,
      0.11614984622213767,
      0.10212752465201813,
      0.11600716573131678,
      0.10086718031643362,
      0.09275024572751196,
      0.15101144614604142,
      0.13432575541393196,
      0.09677700624623482,
      0.10373664352072037,
      0.10341957576334063,
      0.11818700656330258,
      0.12955388566536669,
      0.1853023241066616,
      1.0,
      0.17605187228510732,
      0.17072513396112748,
      0.09345572148768191,
      0.11890040901740702,
      0.11780652525444688,
      0.10759694346681886,
      0.10635245251910333,
      0.08035289641396366,
      0.08873141190272361,
      0.12247534798186373
    ],
    [
      0.09809283743936079,
      0.12456799518057009,
      0.10471162687466312,
      0.1152065696439329,
      0.122126573448746,
      0.14558958749484766,
      0.1236643520720378,
      0.1485938044960208,
      0.10309458131202638,
      0.08336504010907131,
      0.09523130092900853,
      0.09041979771077079,
      0.08377722819366498,
      0.10299946098481245,
      0.13346174577507214,
      0.10000317067757379,
      0.104854307365484,
      0.10349884270268557,
      0.09685627318557975,
      0.10295982751513999,
      0.14631884333682108,
      0.1454072735343543,
      0.09512825390786012,
      0.09919464789625543,
      0.09927391483560037,
      0.11746567741526365,
      0.12369605884777576,
      0.20725133961127493,
      0.17605187228510732,
      1.0,
      0.21856273185579758,
      0.09164050857668284,
      0.11607850597672723,
      0.11439012016868004,
      0.10636037921303783,
      0.10406956466596912,
      0.08250895716414598,
      0.08436380354481753,
      0.12486128285614635
    ],
    [
      0.108690827229779,
      0.13364405973556548,
      0.1131773359967025,
      0.12136561083103459,
      0.13276419670883668,
      0.1528266590570405,
      0.1308380100827547,
      0.1544595580075462,
      0.11472304131392878,
      0.07883097117854085,
      0.08640889057991692,
      0.09595263007704746,
      0.08200164875233837,
      0.11133041630996544,
      0.14081771774628238,
      0.11236881321538413,
      0.10355432956022702,
      0.11234503313358064,
      0.0964282317131171,
      0.09464472557785598,
      0.15044072418275786,
      0.14367132756270015,
      0.09472399251720093,
      0.10067693966200578,
      0.10180253020070389,
      0.11587241193443039,
      0.12737404483338088,
      0.17542566346428232,
      0.17072513396112748,
      0.21856273185579758,
      1.0,
      0.09059418497732966,
      0.11837724721773044,
      0.11488950188655316,
      0.1053853958590951,
      0.10483052728368052,
      0.0785139034211611,
      0.08682107866451061,
      0.12207901328513904
    ],
    [
      0.08067789086527791,
      0.09468435904752846,
      0.08483940518088716,
      0.08852531786042678,
      0.09367766891784775,
      0.1126621008909604,
      0.09665810583721741,
      0.11706141602460446,
      0.08586194869843686,
      0.06384159294841307,
      0.0653318114080979,
      0.07320301848505026,
      0.06532388471416342,
      0.08388027521481341,
      0.1020403310187387,
      0.08104251878626463,
      0.07548590633818447,
      0.08190652842512446,
      0.07369447350898888,
      0.07484384412949047,
      0.09009480325945654,
      0.08502171914138051,
      0.07577126731982625,
      0.07603284821966454,
      0.07708709851295222,
      0.08969054186879737,
      0.09767272266083261,
      0.09069723199847808,
      0.09345572148768191,
      0.09164050857668284,
      0.09059418497732966,
      1.0,
      0.12868987602650686,
      0.12730270458797044,
      0.12374361901138273,
      0.1147071879260598,
      0.09422461079932781,
      0.09633311138590317,
      0.1047274802625321
    ],
    [
      0.09406607692063794,
      0.11857541456609277,
      0.10067693966200578,
      0.104854307365484,
      0.1194314975110181,
      0.14573226798566855,
      0.12050952788610926,
      0.14858587780208632,
      0.10598782459811662,
      0.06197089317987254,
      0.06101968990773328,
      0.08257237071562193,
      0.06391293319382352,
      0.09955927581724215,
      0.13090142363423063,
      0.09993183043216336,
      0.0800516820444529,
      0.09726846127017344,
      0.0783950030121437,
      0.0773803861885285,
      0.11232917974571166,
      0.1028092203303846,
      0.08101081201052665,
      0.08320650623038144,
      0.08521195979580837,
      0.09746662861853578,
      0.1102365325470053,
      0.11505596245917753,
      0.11890040901740702,
      0.11607850597672723,
      0.11837724721773044,
      0.12868987602650686,
      1.0,
      0.41232283839056405,
      0.3012777830622404,
      0.1497273217286534,
      0.10406956466596912,
      0.12265766194235708,
      0.14415485589270427
    ],
    [
      0.09313865373030217,
      0.1165065474491899,
      0.10047877231364342,
      0.10265861314562923,
      0.11839310060559942,
      0.14316401915089255,
      0.11806810615428517,
      0.1449950854497606,
      0.10601953137385459,
      0.06303307016709471,
      0.06356415866070579,
      0.08053521037445702,
      0.06455499540251752,
      0.09881416658739972,
      0.12651796188845557,
      0.09802149719395034,
      0.08084435143790228,
      0.09666603253115191,
      0.07792732807000856,
      0.07855353689083357,
      0.11152858365832778,
      0.10170740987348996,
      0.08019436253527379,
      0.0829924854941501,
      0.08491867212023209,
      0.0980849107454263,
      0.11005421858651193,
      0.11375598465392055,
      0.11780652525444688,
      0.11439012016868004,
      0.11488950188655316,
      0.12730270458797044,
      0.41232283839056405,
      1.0,
      0.2975601636069628,
      0.15041694410095438,
      0.10297568090300897,
      0.11962966485938045,
      0.14623957639747615
    ],
    [
      0.08116141919528203,
      0.10342750245727513,
      0.088239956878785,
      0.09236183772472177,
      0.10326104188465075,
      0.12908621072323156,
      0.10827863914518533,
      0.13392149402327277,
      0.08984114905355274,
      0.06366720568185422,
      0.06391293319382352,
      0.07433653571768287,
      0.06450743523891056,
      0.08623450331335807,
      0.11257490725768096,
      0.08460953105678684,
      0.07541456609277403,
      0.08288943847300168,
      0.07304448460636039,
      0.0750657915596563,
      0.10425980532039697,
      0.09560385554392974,
      0.07493103776276991,
      0.07726148577951109,
      0.07934620628428295,
      0.09802942388788484,
      0.10854814673895812,
      0.10577380386188528,
      0.10759694346681886,
      0.10636037921303783,
      0.1053853958590951,
      0.12374361901138273,
      0.3012777830622404,
      0.2975601636069628,
      1.0,
      0.15045657757062683,
      0.10139034211611021,
      0.11776689178477441,
      0.14647737721551096
    ],
    [
      0.07848219664542312,
      0.10314214147563334,
      0.08571926820761597,
      0.08756618789435303,
      0.10212752465201813,
      0.14196708836678398,
      0.1139382986144139,
      0.14929135356225626,
      0.08583816861663338,
      0.05841973429721931,
      0.05551856431719458,
      0.07343289260915058,
      0.06040933447477726,
      0.08384856843907543,
      0.11391451853261042,
      0.08058277053806398,
      0.0696914930720695,
      0.0776261137004978,
      0.06806652081549827,
      0.06755921240369067,
      0.10322140841497827,
      0.09212403690668695,
      0.0695567392751831,
      0.06978661339928342,
      0.07270363676717714,
      0.10618599194647896,
      0.12258632169694664,
      0.10251593265480834,
      0.10635245251910333,
      0.10406956466596912,
      0.10483052728368052,
      0.1147071879260598,
      0.1497273217286534,
      0.15041694410095438,
      0.15045657757062683,
      1.0,
      0.08112178572560956,
      0.10441833919908684,
      0.12317289704809918
    ],
    [
      0.07261644313389772,
      0.07974254098100764,
      0.07626272234376487,
      0.07909255207837915,
      0.07973461428707315,
      0.08269919781857384,
      0.08127239291036495,
      0.08306382573956055,
      0.07533529915342908,
      0.0693030850692793,
      0.07044452899584641,
      0.07446336282063477,
      0.06834395510320555,
      0.07428104886014142,
      0.0838882019087479,
      0.07408288151177907,
      0.07487555090522845,
      0.07543041948064301,
      0.07692063794032784,
      0.07603284821966454,
      0.07835536954247123,
      0.08115349250134754,
      0.07298107105488442,
      0.07701575826754177,
      0.07735660610672501,
      0.07829195599099528,
      0.0786486572180475,
      0.08252481055201497,
      0.08035289641396366,
      0.08250895716414598,
      0.0785139034211611,
      0.09422461079932781,
      0.10406956466596912,
      0.10297568090300897,
      0.10139034211611021,
      0.08112178572560956,
      1.0,
      0.08033704302609468,
      0.08888994578141349
    ],
    [
      0.07571578046228479,
      0.08881860553600304,
      0.08028948286248772,
      0.08059069723199848,
      0.09068137861060908,
      0.10714512191255271,
