,MD/add_sub_2op_symbolic,MD/add_sub_2op_verbal,MD/add_sub_3op_symbolic,MD/add_sub_3op_verbal,MD/code_A,MD/code_B,MD/code_conditional,MD/code_list,MD/code_loop,MD/logic_propositional_1,MD/logic_propositional_symbolic,MD/logic_syllogism_1,MD/logic_syllogism_symbolic,MD/mul_div_2op_symbolic,MD/mul_div_2op_verbal,MD/mul_div_3op_symbolic,MD/number_sorting,MD/simple_equation,ToM/agent,ToM/desires_goals,ToM/emotion_fewshot,ToM/norm_appropriate,ToM/primary_emotions,ToM/social_interactions,ToM/social_relations,phys/phys_newton,phys/phys_prost,phys/physics_buoyancy,phys/physics_elasticity,phys/physics_solubility,phys/physics_temperature,Lan/anaphor_gender_agreement,Lan/det_noun_agreement_irregular,Lan/det_noun_agreement_regular,Lan/det_noun_agreement_with_adjective,Lan/hypernymy,Lan/npi,Lan/subject_verb_agreement,Lan/wug
MD/add_sub_2op_symbolic,0.000000,0.039107,0.051443,0.039988,0.035764,0.022056,0.018461,0.017182,0.060354,0.020390,0.020480,0.024848,0.021994,0.068787,0.038227,0.069165,0.033371,0.054976,0.019698,0.020800,0.018554,0.019509,0.022137,0.019214,0.019942,0.016237,0.015434,0.018922,0.020623,0.018967,0.020595,0.018806,0.011593,0.011038,0.009890,0.011377,0.017267,0.016987,0.015817
MD/add_sub_2op_verbal,0.039107,0.000000,0.033724,0.070905,0.032167,0.030956,0.026018,0.028886,0.036458,0.016018,0.017452,0.023934,0.017652,0.037597,0.075146,0.035308,0.026359,0.039472,0.016083,0.019513,0.022224,0.021881,0.018645,0.017083,0.018209,0.023733,0.025092,0.022767,0.023721,0.022713,0.024704,0.019748,0.014470,0.013811,0.012957,0.015582,0.019151,0.017267,0.023484
MD/add_sub_3op_symbolic,0.051443,0.033724,0.000000,0.036003,0.032062,0.021898,0.019243,0.017837,0.051875,0.019642,0.021620,0.024152,0.022103,0.064578,0.034112,0.067254,0.033811,0.050734,0.019663,0.023887,0.021370,0.021063,0.023819,0.018893,0.020402,0.016076,0.015682,0.020417,0.022530,0.020312,0.022544,0.019668,0.013603,0.013808,0.011905,0.014208,0.020726,0.019869,0.017466
MD/add_sub_3op_verbal,0.039988,0.070905,0.036003,0.000000,0.030435,0.026283,0.022806,0.023245,0.037604,0.020698,0.022797,0.026153,0.021665,0.036593,0.060647,0.037822,0.031450,0.042858,0.020113,0.023285,0.022782,0.022840,0.022163,0.020508,0.020748,0.020935,0.020496,0.021774,0.023350,0.022574,0.023441,0.017487,0.013282,0.012723,0.011445,0.012782,0.020304,0.018425,0.020591
MD/code_A,0.035764,0.032167,0.032062,0.030435,0.000000,0.040923,0.086764,0.036276,0.067168,0.018356,0.018664,0.033316,0.020239,0.033866,0.031201,0.031319,0.026294,0.035204,0.016342,0.016597,0.022421,0.021674,0.017447,0.016585,0.017928,0.029000,0.030814,0.019986,0.022305,0.020146,0.022388,0.015752,0.011523,0.011261,0.010198,0.014327,0.015940,0.015797,0.021551
MD/code_B,0.022056,0.030956,0.021898,0.026283,0.040923,0.000000,0.052313,0.086172,0.022741,0.015168,0.015683,0.023413,0.017690,0.020200,0.031156,0.020150,0.020369,0.020917,0.013741,0.015967,0.025022,0.024402,0.016149,0.015752,0.018433,0.045961,0.050143,0.025619,0.026265,0.026213,0.029327,0.024803,0.017649,0.017190,0.018037,0.029914,0.016417,0.020880,0.034028
MD/code_conditional,0.018461,0.026018,0.019243,0.022806,0.086764,0.052313,0.000000,0.052805,0.019202,0.022952,0.022099,0.045352,0.023383,0.017225,0.025399,0.016864,0.019931,0.018813,0.019392,0.016609,0.028139,0.027988,0.017442,0.018727,0.020101,0.040113,0.044197,0.024210,0.026873,0.024151,0.026076,0.020609,0.014446,0.013642,0.014583,0.022834,0.020745,0.019370,0.030125
MD/code_list,0.017182,0.028886,0.017837,0.023245,0.036276,0.086172,0.052805,0.000000,0.017656,0.015575,0.015174,0.023143,0.017492,0.016123,0.030214,0.015169,0.017622,0.016905,0.013025,0.015256,0.028112,0.025517,0.015543,0.015029,0.018179,0.049068,0.055699,0.028235,0.028698,0.028052,0.032166,0.027524,0.019213,0.019164,0.020241,0.035401,0.016465,0.024208,0.037729
MD/code_loop,0.060354,0.036458,0.051875,0.037604,0.067168,0.022741,0.019202,0.017656,0.000000,0.018631,0.017348,0.024171,0.021399,0.062048,0.036749,0.061546,0.031969,0.060153,0.015782,0.019606,0.018710,0.018282,0.020847,0.017173,0.017798,0.014420,0.013752,0.018082,0.020482,0.018082,0.020453,0.017787,0.012429,0.012658,0.010533,0.012746,0.019287,0.018052,0.015965
MD/logic_propositional_1,0.020390,0.016018,0.019642,0.020698,0.018356,0.015168,0.022952,0.015575,0.018631,0.000000,0.086608,0.040080,0.131289,0.018034,0.013746,0.017652,0.035242,0.021989,0.039007,0.031818,0.021829,0.023003,0.028857,0.031864,0.035712,0.046293,0.034763,0.020919,0.019226,0.019749,0.016761,0.013049,0.007513,0.007659,0.008662,0.011558,0.024217,0.011194,0.014274
MD/logic_propositional_symbolic,0.020480,0.017452,0.021620,0.022797,0.018664,0.015683,0.022099,0.015174,0.017348,0.086608,0.000000,0.041066,0.083595,0.018133,0.015017,0.019031,0.046598,0.022190,0.044790,0.039899,0.023388,0.027596,0.031997,0.036064,0.040103,0.037649,0.029270,0.026341,0.022609,0.024400,0.021191,0.013494,0.007527,0.007068,0.007155,0.009156,0.023138,0.010154,0.013457
MD/logic_syllogism_1,0.024848,0.023934,0.024152,0.026153,0.033316,0.023413,0.045352,0.023143,0.024171,0.040080,0.041066,0.000000,0.039434,0.022166,0.021526,0.022578,0.031179,0.026473,0.039575,0.027856,0.025591,0.029583,0.030153,0.034303,0.032769,0.032575,0.031058,0.022644,0.024119,0.022394,0.022823,0.016831,0.011010,0.010588,0.009716,0.014691,0.033992,0.014634,0.020112
MD/logic_syllogism_symbolic,0.021994,0.017652,0.022103,0.021665,0.020239,0.017690,0.023383,0.017492,0.021399,0.131289,0.083595,0.039434,0.000000,0.020104,0.015498,0.020174,0.036814,0.024804,0.035060,0.031165,0.020319,0.022196,0.026979,0.029799,0.032305,0.042503,0.034036,0.020544,0.018472,0.018757,0.017985,0.015072,0.007411,0.007294,0.007672,0.011105,0.021083,0.011026,0.013888
MD/mul_div_2op_symbolic,0.068787,0.037597,0.064578,0.036593,0.033866,0.020200,0.017225,0.016123,0.062048,0.018034,0.018133,0.022166,0.020104,0.000000,0.039638,0.084187,0.030190,0.056372,0.017368,0.019430,0.018755,0.018930,0.021231,0.018368,0.019212,0.014557,0.013665,0.018468,0.020317,0.018441,0.020716,0.018501,0.011896,0.011540,0.009791,0.012012,0.018075,0.017801,0.015084
MD/mul_div_2op_verbal,0.038227,0.075146,0.034112,0.060647,0.031201,0.031156,0.025399,0.030214,0.036749,0.013746,0.015017,0.021526,0.015498,0.039638,0.000000,0.036938,0.025408,0.038204,0.013861,0.019474,0.022562,0.022280,0.018672,0.015922,0.017624,0.021776,0.023158,0.024256,0.024686,0.025154,0.026469,0.022474,0.016522,0.015900,0.015005,0.018796,0.019094,0.021731,0.025758
MD/mul_div_3op_symbolic,0.069165,0.035308,0.067254,0.037822,0.031319,0.020150,0.016864,0.015169,0.061546,0.017652,0.019031,0.022578,0.020174,0.084187,0.036938,0.000000,0.031719,0.055222,0.017652,0.020397,0.019509,0.018808,0.022828,0.018889,0.019976,0.014086,0.013684,0.018647,0.021081,0.018296,0.020451,0.016215,0.012067,0.012446,0.010183,0.011900,0.017873,0.018054,0.014859
MD/number_sorting,0.033371,0.026359,0.033811,0.031450,0.026294,0.020369,0.019931,0.017622,0.031969,0.035242,0.046598,0.031179,0.036814,0.030190,0.025408,0.031719,0.000000,0.036053,0.031911,0.032901,0.025768,0.028018,0.030103,0.029387,0.030300,0.024297,0.021124,0.029190,0.025350,0.027402,0.028077,0.019174,0.010787,0.010680,0.010200,0.011723,0.024154,0.018136,0.016942
MD/simple_equation,0.054976,0.039472,0.050734,0.042858,0.035204,0.020917,0.018813,0.016905,0.060153,0.021989,0.022190,0.026473,0.024804,0.056372,0.038204,0.055222,0.036053,0.000000,0.020023,0.023708,0.020775,0.019869,0.025396,0.020913,0.021331,0.015531,0.014974,0.020383,0.020952,0.019779,0.021489,0.017664,0.011639,0.011821,0.009634,0.010723,0.020426,0.015772,0.015859
ToM/agent,0.019698,0.016083,0.019663,0.020113,0.016342,0.013741,0.019392,0.013025,0.015782,0.039007,0.044790,0.039575,0.035060,0.017368,0.013861,0.017652,0.031911,0.020023,0.000000,0.052683,0.025256,0.030362,0.061553,0.090876,0.071588,0.025035,0.023048,0.026598,0.022097,0.020603,0.020654,0.016544,0.010291,0.010087,0.009409,0.012338,0.031840,0.013450,0.012601
ToM/desires_goals,0.020800,0.019513,0.023887,0.023285,0.016597,0.015967,0.016609,0.015256,0.019606,0.031818,0.039899,0.027856,0.031165,0.019430,0.019474,0.020397,0.032901,0.023708,0.052683,0.000000,0.026792,0.028542,0.069039,0.065169,0.053923,0.021610,0.019113,0.028738,0.023891,0.026251,0.024029,0.022022,0.013384,0.013165,0.012759,0.016136,0.029535,0.018551,0.016501
ToM/emotion_fewshot,0.018554,0.022224,0.021370,0.022782,0.022421,0.025022,0.028139,0.028112,0.018710,0.021829,0.023388,0.025591,0.020319,0.018755,0.022562,0.019509,0.025768,0.020775,0.025256,0.026792,0.000000,0.055282,0.034847,0.027015,0.025477,0.023234,0.024789,0.041898,0.041036,0.037275,0.041168,0.026078,0.019393,0.019546,0.020330,0.028662,0.023294,0.026512,0.026286
ToM/norm_appropriate,0.019509,0.021881,0.021063,0.022840,0.021674,0.024402,0.027988,0.025517,0.018282,0.023003,0.027596,0.029583,0.022196,0.018930,0.022280,0.018808,0.028018,0.019869,0.030362,0.028542,0.055282,0.000000,0.031952,0.028624,0.027120,0.024276,0.024615,0.043514,0.035895,0.041016,0.039858,0.023331,0.017887,0.016982,0.017312,0.022494,0.028397,0.023534,0.025568
ToM/primary_emotions,0.022137,0.018645,0.023819,0.022163,0.017447,0.016149,0.017442,0.015543,0.020847,0.028857,0.031997,0.030153,0.026979,0.021231,0.018672,0.022828,0.030103,0.025396,0.061553,0.069039,0.034847,0.031952,0.000000,0.061244,0.049449,0.019506,0.017747,0.025712,0.025543,0.023477,0.023721,0.023451,0.014060,0.013921,0.013611,0.016236,0.030057,0.019579,0.014890
ToM/social_interactions,0.019214,0.017083,0.018893,0.020508,0.016585,0.015752,0.018727,0.015029,0.017173,0.031864,0.036064,0.034303,0.029799,0.018368,0.015922,0.018889,0.029387,0.020913,0.090876,0.065169,0.027015,0.028624,0.061244,0.000000,0.071701,0.022647,0.021337,0.026114,0.022875,0.022244,0.022174,0.018477,0.011928,0.011899,0.011163,0.012981,0.027187,0.016086,0.013785
ToM/social_relations,0.019942,0.018209,0.020402,0.020748,0.017928,0.018433,0.020101,0.018179,0.017798,0.035712,0.040103,0.032769,0.032305,0.019212,0.017624,0.019976,0.030300,0.021331,0.071588,0.053923,0.025477,0.027120,0.049449,0.071701,0.000000,0.026981,0.024445,0.024913,0.024443,0.022338,0.024669,0.019344,0.013042,0.012454,0.011630,0.015247,0.027249,0.017596,0.015318
phys/phys_newton,0.016237,0.023733,0.016076,0.020935,0.029000,0.045961,0.040113,0.049068,0.014420,0.046293,0.037649,0.032575,0.042503,0.014557,0.021776,0.014086,0.024297,0.015531,0.025035,0.021610,0.023234,0.024276,0.019506,0.022647,0.026981,0.000000,0.093031,0.023634,0.024059,0.023601,0.023613,0.018484,0.012075,0.012309,0.014109,0.028460,0.016113,0.014672,0.027743
phys/phys_prost,0.015434,0.025092,0.015682,0.020496,0.030814,0.050143,0.044197,0.055699,0.013752,0.034763,0.029270,0.031058,0.034036,0.013665,0.023158,0.013684,0.021124,0.014974,0.023048,0.019113,0.024789,0.024615,0.017747,0.021337,0.024445,0.093031,0.000000,0.024654,0.026414,0.023717,0.026395,0.020505,0.014704,0.014186,0.016067,0.033758,0.015907,0.016920,0.031607
phys/physics_buoyancy,0.018922,0.022767,0.020417,0.021774,0.019986,0.025619,0.024210,0.028235,0.018082,0.020919,0.026341,0.022644,0.020544,0.018468,0.024256,0.018647,0.029190,0.020383,0.026598,0.028738,0.041898,0.043514,0.025712,0.026114,0.024913,0.023634,0.024654,0.000000,0.049339,0.058114,0.045271,0.021685,0.019151,0.018972,0.019348,0.024033,0.021048,0.025883,0.029978
phys/physics_elasticity,0.020623,0.023721,0.022530,0.023350,0.022305,0.026265,0.026873,0.028698,0.020482,0.019226,0.022609,0.024119,0.018472,0.020317,0.024686,0.021081,0.025350,0.020952,0.022097,0.023891,0.041036,0.035895,0.025543,0.022875,0.024443,0.024059,0.026414,0.049339,0.000000,0.049235,0.046607,0.025712,0.020495,0.019849,0.020916,0.027316,0.023180,0.027544,0.031895
phys/physics_solubility,0.018967,0.022713,0.020312,0.022574,0.020146,0.026213,0.024151,0.028052,0.018082,0.019749,0.024400,0.022394,0.018757,0.018441,0.025154,0.018296,0.027402,0.019779,0.020603,0.026251,0.037275,0.041016,0.023477,0.022244,0.022338,0.023601,0.023717,0.058114,0.049235,0.000000,0.061021,0.025222,0.020746,0.020370,0.021349,0.025221,0.023642,0.028167,0.030811
phys/physics_temperature,0.020595,0.024704,0.022544,0.023441,0.022388,0.029327,0.026076,0.032166,0.020453,0.016761,0.021191,0.022823,0.017985,0.020716,0.026469,0.020451,0.028077,0.021489,0.020654,0.024029,0.041168,0.039858,0.023721,0.022174,0.024669,0.023613,0.026395,0.045271,0.046607,0.061021,0.000000,0.023824,0.020608,0.018709,0.019320,0.024812,0.020587,0.025849,0.029455
Lan/anaphor_gender_agreement,0.018806,0.019748,0.019668,0.017487,0.015752,0.024803,0.020609,0.027524,0.017787,0.013049,0.013494,0.016831,0.015072,0.018501,0.022474,0.016215,0.019174,0.017664,0.016544,0.022022,0.026078,0.023331,0.023451,0.018477,0.019344,0.018484,0.020505,0.021685,0.025712,0.025222,0.023824,0.000000,0.047588,0.046263,0.053929,0.072374,0.059604,0.064786,0.036122
Lan/det_noun_agreement_irregular,0.011593,0.014470,0.013603,0.013282,0.011523,0.017649,0.014446,0.019213,0.012429,0.007513,0.007527,0.011010,0.007411,0.011896,0.016522,0.012067,0.010787,0.011639,0.010291,0.013384,0.019393,0.017887,0.014060,0.011928,0.013042,0.012075,0.014704,0.019151,0.020495,0.020746,0.020608,0.047588,0.000000,0.169071,0.138701,0.067326,0.038881,0.057648,0.048438
Lan/det_noun_agreement_regular,0.011038,0.013811,0.013808,0.012723,0.011261,0.017190,0.013642,0.019164,0.012658,0.007659,0.007068,0.010588,0.007294,0.011540,0.015900,0.012446,0.010680,0.011821,0.010087,0.013165,0.019546,0.016982,0.013921,0.011899,0.012454,0.012309,0.014186,0.018972,0.019849,0.020370,0.018709,0.046263,0.169071,0.000000,0.143984,0.068433,0.038685,0.058092,0.052728
Lan/det_noun_agreement_with_adjective,0.009890,0.012957,0.011905,0.011445,0.010198,0.018037,0.014583,0.020241,0.010533,0.008662,0.007155,0.009716,0.007672,0.009791,0.015005,0.010183,0.010200,0.009634,0.009409,0.012759,0.020330,0.017312,0.013611,0.011163,0.011630,0.014109,0.016067,0.019348,0.020916,0.021349,0.019320,0.053929,0.138701,0.143984,0.000000,0.078505,0.042575,0.064778,0.062397
Lan/hypernymy,0.011377,0.015582,0.014208,0.012782,0.014327,0.029914,0.022834,0.035401,0.012746,0.011558,0.009156,0.014691,0.011105,0.012012,0.018796,0.011900,0.011723,0.010723,0.012338,0.016136,0.028662,0.022494,0.016236,0.012981,0.015247,0.028460,0.033758,0.024033,0.027316,0.025221,0.024812,0.072374,0.067326,0.068433,0.078505,0.000000,0.042123,0.059587,0.043123
Lan/npi,0.017267,0.019151,0.020726,0.020304,0.015940,0.016417,0.020745,0.016465,0.019287,0.024217,0.023138,0.033992,0.021083,0.018075,0.019094,0.017873,0.024154,0.020426,0.031840,0.029535,0.023294,0.028397,0.030057,0.027187,0.027249,0.016113,0.015907,0.021048,0.023180,0.023642,0.020587,0.059604,0.038881,0.038685,0.042575,0.042123,0.000000,0.059696,0.032048
Lan/subject_verb_agreement,0.016987,0.017267,0.019869,0.018425,0.015797,0.020880,0.019370,0.024208,0.018052,0.011194,0.010154,0.014634,0.011026,0.017801,0.021731,0.018054,0.018136,0.015772,0.013450,0.018551,0.026512,0.023534,0.019579,0.016086,0.017596,0.014672,0.016920,0.025883,0.027544,0.028167,0.025849,0.064786,0.057648,0.058092,0.064778,0.059587,0.059696,0.000000,0.051713
Lan/wug,0.015817,0.023484,0.017466,0.020591,0.021551,0.034028,0.030125,0.037729,0.015965,0.014274,0.013457,0.020112,0.013888,0.015084,0.025758,0.014859,0.016942,0.015859,0.012601,0.016501,0.026286,0.025568,0.014890,0.013785,0.015318,0.027743,0.031607,0.029978,0.031895,0.030811,0.029455,0.036122,0.048438,0.052728,0.062397,0.043123,0.032048,0.051713,0.000000
