{
  "model": "mistralai/Mistral-Large-Instruct-2407",
  "sign": "positive",
  "percentage": 1.0,
  "component": "neurons",
  "tasks": [
    "MD/add_sub_2op_symbolic",
    "MD/add_sub_2op_verbal",
    "MD/add_sub_3op_symbolic",
    "MD/add_sub_3op_verbal",
    "MD/code_A",
    "MD/code_B",
    "MD/code_conditional",
    "MD/code_list",
    "MD/code_loop",
    "MD/logic_propositional_1",
    "MD/logic_propositional_symbolic",
    "MD/logic_syllogism_1",
    "MD/logic_syllogism_symbolic",
    "MD/mul_div_2op_symbolic",
    "MD/mul_div_2op_verbal",
    "MD/mul_div_3op_symbolic",
    "MD/number_sorting",
    "MD/simple_equation",
    "ToM/agent",
    "ToM/desires_goals",
    "ToM/emotion_fewshot",
    "ToM/norm_appropriate",
    "ToM/primary_emotions",
    "ToM/social_interactions",
    "ToM/social_relations",
    "phys/phys_newton",
    "phys/phys_prost",
    "phys/physics_buoyancy",
    "phys/physics_elasticity",
    "phys/physics_solubility",
    "phys/physics_temperature",
    "Lan/anaphor_gender_agreement",
    "Lan/det_noun_agreement_irregular",
    "Lan/det_noun_agreement_regular",
    "Lan/det_noun_agreement_with_adjective",
    "Lan/hypernymy",
    "Lan/npi",
    "Lan/subject_verb_agreement",
    "Lan/wug"
  ],
  "overlap_matrix": [
    [
      1.0,
      0.13079148666323173,
      0.13146526098846656,
      0.1175538028615592,
      0.13689508937418254,
      0.08814553525425073,
      0.05992628116206254,
      0.06392929332963418,
      0.1521540961515596,
      0.036185644643494115,
      0.03939598113431889,
      0.04732273790178748,
      0.04098133248781261,
      0.18505013673655424,
      0.12516348935832905,
      0.17308073401767668,
      0.0671792636042963,
      0.13495303396615274,
      0.04026792437874044,
      0.04185327573223416,
      0.04220997978677024,
      0.04518251357457097,
      0.0410606000554873,
      0.04220997978677024,
      0.043676429788751935,
      0.05465498791169593,
      0.05326780547738893,
      0.05291110142285284,
      0.050969046014823036,
      0.04926479330981729,
      0.05172208790773255,
      0.028457056795212238,
      0.030280210851730015,
      0.028457056795212238,
      0.022908327057984224,
      0.015615710831913123,
      0.019816891918671475,
      0.024929650033688716,
      0.03586857437279537
    ],
    [
      0.13079148666323173,
      1.0,
      0.11577028258887875,
      0.2800523165946653,
      0.16535214616939478,
      0.16606555427846698,
      0.11343188934247553,
      0.14426697316792833,
      0.12349887043716064,
      0.03824660140303595,
      0.04514287979073362,
      0.06115492846102017,
      0.044231302762474736,
      0.13590424477824897,
      0.3306250247711149,
      0.11870318259284214,
      0.0713408109072173,
      0.13023661368950895,
      0.04415203519480005,
      0.05279220007134081,
      0.06793230549720582,
      0.06809084063255519,
      0.046450794657365936,
      0.050414173041100234,
      0.05362450953192501,
      0.10744718798303673,
      0.1163647893464389,
      0.0854504379533114,
      0.07883159605247513,
      0.07930720145852324,
      0.08331021362609488,
      0.04022829059490309,
      0.05077087709563632,
      0.04791724465934763,
      0.04026792437874044,
      0.028655225714398953,
      0.029527168958820498,
      0.03396615274860291,
      0.07157861361024137
    ],
    [
      0.13146526098846656,
      0.11577028258887875,
      1.0,
      0.10867583528199437,
      0.12599579881891323,
      0.08977052039158179,
      0.06408782846498355,
      0.06805120684871785,
      0.13427925964091791,
      0.035789306805120685,
      0.0427252189766557,
      0.047203836550275456,
      0.04232888113828227,
      0.17835202726804328,
      0.11473980420910784,
      0.17280329753081528,
      0.06987436090523562,
      0.1278982204431057,
      0.041338036542348695,
      0.049383694661329317,
      0.04985930006737743,
      0.05009710277040149,
      0.04542031627759502,
      0.04256668384130633,
      0.045856287899805795,
      0.05560619872379216,
      0.0556458325076295,
      0.05857873251159288,
      0.05715191629344853,
      0.05417938250564781,
      0.058103127105544765,
      0.030557647338591416,
      0.03650271491419286,
      0.036621616265704884,
      0.02833815544370021,
      0.02001506083785819,
      0.024374777059965914,
      0.029923506797193928,
      0.04066426221711387
    ],
    [
      0.1175538028615592,
      0.2800523165946653,
      0.10867583528199437,
      1.0,
      0.13764813126709208,
      0.12401410962704609,
      0.08743212714517855,
      0.1020569933811581,
      0.11200507312433118,
      0.04343862708572788,
      0.051801355475407235,
      0.0587769014307796,
      0.04767944195632357,
      0.11632515556260156,
      0.2345527327493956,
      0.11176727042130712,
      0.07478895010106615,
      0.12425191233007016,
      0.0486306527684198,
      0.05540802980460544,
      0.06115492846102017,
      0.06250247711148983,
      0.04859101898458246,
      0.05318853790971424,
      0.053743410883437044,
      0.08327057984225754,
      0.08362728389679362,
      0.07193531766477745,
      0.06820974198406722,
      0.06927985414767548,
      0.06951765685069954,
      0.03131068923150093,
      0.04102096627164995,
      0.03884110816059609,
      0.03131068923150093,
      0.02068883516309302,
      0.027466212199278667,
      0.03194482977289842,
      0.05524949466925608
    ],
    [
      0.13689508937418254,
      0.16535214616939478,
      0.12599579881891323,
      0.13764813126709208,
      1.0,
      0.2512781895287543,
      0.432800919503785,
      0.207443224604653,
      0.26039395981134317,
      0.05013673655423884,
      0.05517022710158139,
      0.09749910823986366,
      0.05798422575403274,
      0.14010542586500732,
      0.1570686853473901,
      0.12052633664935991,
      0.08144742578573977,
      0.13289207720661092,
      0.051365383853196465,
      0.05144465142087115,
      0.0784352582141017,
      0.0772462446989814,
      0.04981966628354009,
      0.05604217034600293,
      0.06036225278427331,
      0.15017240695969244,
      0.16364789346438904,
      0.08592604335935952,
      0.08477666362807658,
      0.08053584875748088,
      0.08636201498157028,
      0.03674051761721692,
      0.046252625738179225,
      0.044667274384685506,
      0.0362649122111688,
      0.030161309500217986,
      0.028060718956838808,
      0.03555150410209663,
      0.07518528793943959
    ],
    [
      0.08814553525425073,
      0.16606555427846698,
      0.08977052039158179,
      0.12401410962704609,
      0.2512781895287543,
      1.0,
      0.2722840949625461,
      0.5140501763703381,
      0.09195037850263564,
      0.04316119059886647,
      0.048392850065395746,
      0.07149934604256668,
      0.05291110142285284,
      0.08723395822599184,
      0.16368752724822638,
      0.08089255281201696,
      0.06583171495382664,
      0.082398636597836,
      0.045063612223058935,
      0.05160318655622052,
      0.09131623796123815,
      0.09068209741984067,
      0.048075779794697,
      0.05548729737228013,
      0.06484087035789307,
      0.24838492330862827,
      0.2777535571320994,
      0.11485870556061988,
      0.10423685149221196,
      0.10927034203955452,
      0.11810867583528199,
      0.06028298521659863,
      0.07403590820815663,
      0.07118227577186793,
      0.06702072846894692,
      0.06583171495382664,
      0.030161309500217986,
      0.04906662439063057,
      0.12385557449169672
    ],
    [
      0.05992628116206254,
      0.11343188934247553,
      0.06408782846498355,
      0.08743212714517855,
      0.432800919503785,
      0.2722840949625461,
      1.0,
      0.2558757084538861,
      0.06313661765288732,
      0.05306963655820221,
      0.0553683960207681,
      0.11252031231421664,
      0.05683484602274979,
      0.06036225278427331,
      0.10835876501129563,
      0.05497205818239467,
      0.05227696088145535,
      0.060243351432761286,
      0.05168245412389521,
      0.04359716222107725,
      0.08338948119376957,
      0.08453886092505251,
      0.0421703460029329,
      0.05362450953192501,
      0.05742935278030994,
      0.17613253537315207,
      0.19892196107962426,
      0.08818516903808807,
      0.08663945146843169,
      0.08180412984027585,
      0.0852522690341247,
      0.040743529784788554,
      0.049225159525979945,
      0.045856287899805795,
      0.04399350005945068,
      0.04082279735246324,
      0.030953985176964845,
      0.037017954104078314,
      0.0891363798501843
    ],
    [
      0.06392929332963418,
      0.14426697316792833,
      0.06805120684871785,
      0.1020569933811581,
      0.207443224604653,
      0.5140501763703381,
      0.2558757084538861,
      1.0,
      0.06654512306289881,
      0.04125876897467401,
      0.0435575284372399,
      0.0657920811699893,
      0.04867028655225714,
      0.06476160279021838,
      0.14779437992945185,
      0.05667631088740042,
      0.05303000277436487,
      0.062026871705441716,
      0.03983195275652967,
      0.045895921683643134,
      0.09547778526415916,
      0.08834370417343744,
      0.043081923031191786,
      0.04930442709365463,
      0.05952994332368911,
      0.2469184733066466,
      0.2872656652530617,
      0.11787087313225794,
      0.10598073798105505,
      0.10891363798501844,
      0.12056597043319726,
      0.062264674408465774,
      0.07498711902025286,
      0.07387737307280726,
      0.06995362847291031,
      0.0725298244223376,
      0.028179620308350837,
      0.052950735206690185,
      0.12793785422694304
    ],
    [
      0.1521540961515596,
      0.12349887043716064,
      0.13427925964091791,
      0.11200507312433118,
      0.26039395981134317,
      0.09195037850263564,
      0.06313661765288732,
      0.06654512306289881,
      1.0,
      0.03345091355871745,
      0.03384725139709088,
      0.046648963576552654,
      0.04042645951408981,
      0.16911735563394237,
      0.12187388529982958,
      0.15599857318378185,
      0.06515794062859182,
      0.1495779002021323,
      0.03273750544964528,
      0.03999048789187904,
      0.04312155681502913,
      0.042923387895842414,
      0.03923744599896952,
      0.038167333835361264,
      0.039514882485830925,
      0.049225159525979945,
      0.048075779794697,
      0.05116721493400975,
      0.05132575006935912,
      0.047600174388648886,
      0.05195989061075661,
      0.027307677063929295,
      0.03293567436883199,
      0.03309420950418136,
      0.024652213546827315,
      0.017716301375292298,
      0.02239308786809877,
      0.02683207165788118,
      0.03670088383337957
    ],
    [
      0.036185644643494115,
      0.03824660140303595,
      0.035789306805120685,
      0.04343862708572788,
      0.05013673655423884,
      0.04316119059886647,
      0.05306963655820221,
      0.04125876897467401,
      0.03345091355871745,
      1.0,
      0.11878245016051682,
      0.05437755142483453,
      0.174507550235821,
      0.034560659506163056,
      0.03214299869208513,
      0.031508858150687644,
      0.050572708176449606,
      0.03852403788989735,
      0.056874479806587136,
      0.04569775276445642,
      0.03535333518290991,
      0.03800879870001189,
      0.038206967619198604,
      0.04989893385121478,
      0.05580436764297887,
      0.11117276366374698,
      0.08556933930482342,
      0.041734374380722125,
      0.03388688518092822,
      0.036581982481867545,
      0.030002774364868614,
      0.01410962704609409,
      0.013951091910744718,
      0.014069993262256747,
      0.014307795965280805,
      0.011335262177480083,
      0.019777258134834132,
      0.011731600015853513,
      0.02310649597717094
    ],
    [
      0.03939598113431889,
      0.04514287979073362,
      0.0427252189766557,
      0.051801355475407235,
      0.05517022710158139,
      0.048392850065395746,
      0.0553683960207681,
      0.0435575284372399,
      0.03384725139709088,
      0.11878245016051682,
      1.0,
      0.06036225278427331,
      0.12040743529784789,
      0.03769172842931315,
      0.037969164916174546,
      0.036780151401054256,
      0.0725298244223376,
      0.04205144465142087,
      0.07082557171733185,
      0.06214577305695375,
      0.041139867623161984,
      0.049383694661329317,
      0.045856287899805795,
      0.06115492846102017,
      0.06793230549720582,
      0.09801434742974911,
      0.07807855415956562,
      0.056914113590424475,
      0.04320082438270382,
      0.04898735682295589,
      0.041139867623161984,
      0.015774245967262495,
      0.01517973920970235,
      0.01410962704609409,
      0.012841345963299116,
      0.009710277040149023,
      0.02053030002774365,
      0.011454163528992112,
      0.023582101383219055
    ],
    [
      0.04732273790178748,
      0.06115492846102017,
      0.047203836550275456,
      0.0587769014307796,
      0.09749910823986366,
      0.07149934604256668,
      0.11252031231421664,
      0.0657920811699893,
      0.046648963576552654,
      0.05437755142483453,
      0.06036225278427331,
      1.0,
      0.05616107169751496,
      0.04561848519678174,
      0.053941579802623756,
      0.04320082438270382,
      0.048036146010859655,
      0.04970076493202806,
      0.061868336570092344,
      0.042923387895842414,
      0.04454837303317348,
      0.052356228449130036,
      0.04276485276049304,
      0.05758788791565931,
      0.054932424398557334,
      0.08386508659981769,
      0.08196266497562522,
      0.048392850065395746,
      0.04557885141294439,
      0.044469105465498794,
      0.043834964924101306,
      0.01946018786413539,
      0.02199675002972534,
      0.02092663786611708,
      0.0171614284015695,
      0.015417541912726408,
      0.0298046054456819,
      0.01636875272482264,
      0.0348777297768618
    ],
    [
      0.04098133248781261,
      0.044231302762474736,
      0.04232888113828227,
      0.04767944195632357,
      0.05798422575403274,
      0.05291110142285284,
      0.05683484602274979,
      0.04867028655225714,
      0.04042645951408981,
      0.174507550235821,
      0.12040743529784789,
      0.05616107169751496,
      1.0,
      0.040505727081764496,
      0.03800879870001189,
      0.037810629780825174,
      0.055526931156117475,
      0.04557885141294439,
      0.053743410883437044,
      0.047045301414926084,
      0.034560659506163056,
      0.03852403788989735,
      0.03745392572628909,
      0.04898735682295589,
      0.052950735206690185,
      0.10716975149617534,
      0.0880266339027387,
      0.0430026554635171,
      0.034203955451626966,
      0.03646308113035551,
      0.0337679838294162,
      0.017082160833894813,
      0.014545598668304863,
      0.014149260829931433,
      0.013316951369347232,
      0.01141452974515477,
      0.018112639213665727,
      0.012127937854226943,
      0.023582101383219055
    ],
    [
      0.18505013673655424,
      0.13590424477824897,
      0.17835202726804328,
      0.11632515556260156,
      0.14010542586500732,
      0.08723395822599184,
      0.06036225278427331,
      0.06476160279021838,
      0.16911735563394237,
      0.034560659506163056,
      0.03769172842931315,
      0.04561848519678174,
      0.040505727081764496,
      1.0,
      0.14030359478419405,
      0.2277357219293726,
      0.06567317981847727,
      0.1495779002021323,
      0.038365502754547975,
      0.04232888113828227,
      0.04609409060282985,
      0.047441639253299514,
      0.04256668384130633,
      0.04359716222107725,
      0.045499583845269705,
      0.05303000277436487,
      0.050969046014823036,
      0.05576473385914153,
      0.0542586500733225,
      0.05184098925924458,
      0.05616107169751496,
      0.030319844635567358,
      0.033649082477904164,
      0.03218263247592248,
      0.024533312195315286,
      0.01775593515912964,
      0.022432721651936112,
      0.02821925409218818,
      0.037017954104078314
    ],
    [
      0.12516348935832905,
      0.3306250247711149,
      0.11473980420910784,
      0.2345527327493956,
      0.1570686853473901,
      0.16368752724822638,
      0.10835876501129563,
      0.14779437992945185,
      0.12187388529982958,
      0.03214299869208513,
      0.037969164916174546,
      0.053941579802623756,
      0.03800879870001189,
      0.14030359478419405,
      1.0,
      0.12163608259680551,
      0.06725853117197099,
      0.1233799690856486,
      0.03725575680710237,
      0.05164282034005786,
      0.0675359676588324,
      0.06789267171336848,
      0.04557885141294439,
      0.04597518925131782,
      0.05077087709563632,
      0.09654789742776743,
      0.10518806230430819,
      0.08921564741785898,
      0.08025841227061947,
      0.08596567714319686,
      0.08735285957750387,
      0.04482580952003488,
      0.05683484602274979,
      0.05402084737029844,
      0.04565811898061908,
      0.03392651896476557,
      0.02877412706591098,
      0.041932543299908843,
      0.07692917442828266
    ],
    [
      0.17308073401767668,
      0.11870318259284214,
      0.17280329753081528,
      0.11176727042130712,
      0.12052633664935991,
      0.08089255281201696,
      0.05497205818239467,
      0.05667631088740042,
      0.15599857318378185,
      0.031508858150687644,
      0.036780151401054256,
      0.04320082438270382,
      0.037810629780825174,
      0.2277357219293726,
      0.12163608259680551,
      1.0,
      0.06424636360033292,
      0.13634021640045976,
      0.03634417977884349,
      0.041338036542348695,
      0.044627640600848166,
      0.04379533114026396,
      0.04256668384130633,
      0.041694740596884786,
      0.04399350005945068,
      0.04771907574016091,
      0.047481273037136854,
      0.05239586223296738,
      0.05243549601680472,
      0.04775870952399826,
      0.05160318655622052,
      0.024691847330664658,
      0.0317466608537117,
      0.032261900043597164,
      0.023740636518568427,
      0.016448020292497326,
      0.020569933811580992,
      0.026554635171019778,
      0.03388688518092822
    ],
    [
      0.0671792636042963,
      0.0713408109072173,
      0.06987436090523562,
      0.07478895010106615,
      0.08144742578573977,
      0.06583171495382664,
      0.05227696088145535,
      0.05303000277436487,
      0.06515794062859182,
      0.050572708176449606,
      0.0725298244223376,
      0.048036146010859655,
      0.055526931156117475,
      0.06567317981847727,
      0.06725853117197099,
      0.06424636360033292,
      1.0,
      0.07157861361024137,
      0.05283183385517815,
      0.05358487574808767,
      0.04736237168562483,
      0.05247512980064207,
      0.04518251357457097,
      0.05223732709761801,
      0.0537037770995997,
      0.06622805279220007,
      0.05897507034996631,
      0.06595061630533867,
      0.05065197574412429,
      0.05758788791565931,
      0.05703301494193651,
      0.023542467599381712,
      0.02282905949030954,
      0.02227418651658674,
      0.019103483809599302,
      0.012960247314811145,
      0.02239308786809877,
      0.02148151083983988,
      0.031112520312314217
    ],
    [
      0.13495303396615274,
      0.13023661368950895,
      0.1278982204431057,
      0.12425191233007016,
      0.13289207720661092,
      0.082398636597836,
      0.060243351432761286,
      0.062026871705441716,
      0.1495779002021323,
      0.03852403788989735,
      0.04205144465142087,
      0.04970076493202806,
      0.04557885141294439,
      0.1495779002021323,
      0.1233799690856486,
      0.13634021640045976,
      0.07157861361024137,
      1.0,
      0.04042645951408981,
      0.047084935198763424,
      0.04656969600887797,
      0.04542031627759502,
      0.04653006222504062,
      0.04534104870992033,
      0.04609409060282985,
      0.05156355277238318,
      0.050969046014823036,
      0.05616107169751496,
      0.05112758115017241,
      0.05073124331179898,
      0.05318853790971424,
      0.02643573381950775,
      0.030002774364868614,
      0.0300820419325433,
      0.022036383813562682,
      0.014545598668304863,
      0.02310649597717094,
      0.022789425706472195,
      0.03551187031825928
    ],
    [
      0.04026792437874044,
      0.04415203519480005,
      0.041338036542348695,
      0.0486306527684198,
      0.051365383853196465,
      0.045063612223058935,
      0.05168245412389521,
      0.03983195275652967,
      0.03273750544964528,
      0.056874479806587136,
      0.07082557171733185,
      0.061868336570092344,
      0.053743410883437044,
      0.038365502754547975,
      0.03725575680710237,
      0.03634417977884349,
      0.05283183385517815,
      0.04042645951408981,
      1.0,
      0.08723395822599184,
      0.047203836550275456,
      0.05782569061868337,
      0.09389243391066546,
      0.16400459751892513,
      0.1289286988228766,
      0.06927985414767548,
      0.06539574333161587,
      0.06111529467718283,
      0.044865443303872224,
      0.04399350005945068,
      0.04264595140898102,
      0.020609567595418335,
      0.022115651381237368,
      0.02136260948832785,
      0.01787483651064167,
      0.013911458126907375,
      0.02996314058103127,
      0.016210217589473268,
      0.023463200031707026
    ],
    [
      0.04185327573223416,
      0.05279220007134081,
      0.049383694661329317,
      0.05540802980460544,
      0.05144465142087115,
      0.05160318655622052,
      0.04359716222107725,
      0.045895921683643134,
      0.03999048789187904,
      0.04569775276445642,
      0.06214577305695375,
      0.042923387895842414,
      0.047045301414926084,
      0.04232888113828227,
      0.05164282034005786,
      0.041338036542348695,
      0.05358487574808767,
      0.047084935198763424,
      0.08723395822599184,
      1.0,
      0.04934406087749198,
      0.05346597439657564,
      0.10368197851848916,
      0.11584955015655345,
      0.09555705283183386,
      0.05893543656612897,
      0.053386706828900954,
      0.06503903927707978,
      0.047837977091672944,
      0.05517022710158139,
      0.048789187903769175,
      0.02699060679323055,
      0.028258887876025523,
      0.02750584598311601,
      0.0238991716539178,
      0.017914470294479012,
      0.02738694463160398,
      0.021957116245887996,
      0.030280210851730015
    ],
    [
      0.04220997978677024,
      0.06793230549720582,
      0.04985930006737743,
      0.06115492846102017,
      0.0784352582141017,
      0.09131623796123815,
      0.08338948119376957,
      0.09547778526415916,
      0.04312155681502913,
      0.03535333518290991,
      0.041139867623161984,
      0.04454837303317348,
      0.034560659506163056,
      0.04609409060282985,
      0.0675359676588324,
      0.044627640600848166,
      0.04736237168562483,
      0.04656969600887797,
      0.047203836550275456,
      0.04934406087749198,
      1.0,
      0.11695929610399905,
      0.05909397170147834,
      0.05417938250564781,
      0.051008679798660375,
      0.07149934604256668,
      0.07819745551107764,
      0.10701121636082597,
      0.09270342039554516,
      0.08854187309262415,
      0.09436803931671357,
      0.03610637707581943,
      0.046252625738179225,
      0.04609409060282985,
      0.0430026554635171,
      0.03590820815663271,
      0.024414410843803257,
      0.03551187031825928,
      0.05449645277634656
    ],
    [
      0.04518251357457097,
      0.06809084063255519,
      0.05009710277040149,
      0.06250247711148983,
      0.0772462446989814,
      0.09068209741984067,
      0.08453886092505251,
      0.08834370417343744,
      0.042923387895842414,
      0.03800879870001189,
      0.049383694661329317,
      0.052356228449130036,
      0.03852403788989735,
      0.047441639253299514,
      0.06789267171336848,
      0.04379533114026396,
      0.05247512980064207,
      0.04542031627759502,
      0.05782569061868337,
      0.05346597439657564,
      0.11695929610399905,
      1.0,
      0.05517022710158139,
      0.058459831160080855,
      0.05528912845309342,
      0.0761364987515358,
      0.07910903253933653,
      0.11315445285561412,
      0.08259680551702271,
      0.09924299472870675,
      0.09313939201775594,
      0.03293567436883199,
      0.043478260869565216,
      0.040783163568625894,
      0.03725575680710237,
      0.028655225714398953,
      0.030319844635567358,
      0.03210336490824779,
      0.0539812135864611
    ],
    [
      0.0410606000554873,
      0.046450794657365936,
      0.04542031627759502,
      0.04859101898458246,
      0.04981966628354009,
      0.048075779794697,
      0.0421703460029329,
      0.043081923031191786,
      0.03923744599896952,
      0.038206967619198604,
      0.045856287899805795,
      0.04276485276049304,
      0.03745392572628909,
      0.04256668384130633,
      0.04557885141294439,
      0.04256668384130633,
      0.04518251357457097,
      0.04653006222504062,
      0.09389243391066546,
      0.10368197851848916,
      0.05909397170147834,
      0.05517022710158139,
      1.0,
      0.10027347310847767,
      0.08081328524434228,
      0.04898735682295589,
      0.04565811898061908,
      0.05358487574808767,
      0.047084935198763424,
      0.045459950061432365,
      0.04442947168166145,
      0.026475367603345092,
      0.02738694463160398,
      0.02683207165788118,
      0.023463200031707026,
      0.016566921644009355,
      0.025722325710435576,
      0.021441877056002537,
      0.025167452736712774
    ],
    [
      0.04220997978677024,
      0.050414173041100234,
      0.04256668384130633,
      0.05318853790971424,
      0.05604217034600293,
      0.05548729737228013,
      0.05362450953192501,
      0.04930442709365463,
      0.038167333835361264,
      0.04989893385121478,
      0.06115492846102017,
      0.05758788791565931,
      0.04898735682295589,
      0.04359716222107725,
      0.04597518925131782,
      0.041694740596884786,
      0.05223732709761801,
      0.04534104870992033,
      0.16400459751892513,
      0.11584955015655345,
      0.05417938250564781,
      0.058459831160080855,
      0.10027347310847767,
      1.0,
      0.1385993420791883,
      0.06729816495580833,
      0.06499940549324244,
      0.06444453251951963,
      0.04993856763505212,
      0.050969046014823036,
      0.04906662439063057,
      0.024731481114502,
      0.027545479766953353,
      0.027149141928579923,
      0.02282905949030954,
      0.015734612183425152,
      0.02750584598311601,
      0.020847370298442393,
      0.02762474733462804
    ],
    [
      0.043676429788751935,
      0.05362450953192501,
      0.045856287899805795,
      0.053743410883437044,
      0.06036225278427331,
      0.06484087035789307,
      0.05742935278030994,
      0.05952994332368911,
      0.039514882485830925,
      0.05580436764297887,
      0.06793230549720582,
      0.054932424398557334,
      0.052950735206690185,
      0.045499583845269705,
      0.05077087709563632,
      0.04399350005945068,
      0.0537037770995997,
      0.04609409060282985,
      0.1289286988228766,
      0.09555705283183386,
      0.051008679798660375,
      0.05528912845309342,
      0.08081328524434228,
      0.1385993420791883,
      1.0,
      0.07998097578375808,
      0.0742737109111807,
      0.0612738298125322,
      0.05318853790971424,
      0.05112758115017241,
      0.05449645277634656,
      0.02580159327811026,
      0.030002774364868614,
      0.028298521659862866,
      0.023701002734731084,
      0.018350441916689785,
      0.027545479766953353,
      0.02271015813879751,
      0.03059728112242876
    ],
    [
      0.05465498791169593,
      0.10744718798303673,
      0.05560619872379216,
      0.08327057984225754,
      0.15017240695969244,
      0.24838492330862827,
      0.17613253537315207,
      0.2469184733066466,
      0.049225159525979945,
      0.11117276366374698,
      0.09801434742974911,
      0.08386508659981769,
      0.10716975149617534,
      0.05303000277436487,
      0.09654789742776743,
      0.04771907574016091,
      0.06622805279220007,
      0.05156355277238318,
      0.06927985414767548,
      0.05893543656612897,
      0.07149934604256668,
      0.0761364987515358,
      0.04898735682295589,
      0.06729816495580833,
      0.07998097578375808,
      1.0,
      0.43474297491181485,
      0.0894138163370457,
      0.08045658118980618,
      0.08303277713923349,
      0.0801791447029448,
      0.037929531132337206,
      0.04268558519281836,
      0.04296302167967976,
      0.04419166897863739,
      0.05283183385517815,
      0.025008917601363402,
      0.02913083112044707,
      0.08517300146645
    ],
    [
      0.05326780547738893,
      0.1163647893464389,
      0.0556458325076295,
      0.08362728389679362,
      0.16364789346438904,
      0.2777535571320994,
      0.19892196107962426,
      0.2872656652530617,
      0.048075779794697,
      0.08556933930482342,
      0.07807855415956562,
      0.08196266497562522,
      0.0880266339027387,
      0.050969046014823036,
      0.10518806230430819,
      0.047481273037136854,
      0.05897507034996631,
      0.050969046014823036,
      0.06539574333161587,
      0.053386706828900954,
      0.07819745551107764,
      0.07910903253933653,
      0.04565811898061908,
      0.06499940549324244,
      0.0742737109111807,
      0.43474297491181485,
      1.0,
      0.09555705283183386,
      0.09064246363600333,
      0.08552970552098609,
      0.0919107447187983,
      0.04312155681502913,
      0.05326780547738893,
      0.050810510879473664,
      0.05164282034005786,
      0.06424636360033292,
      0.025325987872062146,
      0.034402124370813685,
      0.09948079743173081
    ],
    [
      0.05291110142285284,
      0.0854504379533114,
      0.05857873251159288,
      0.07193531766477745,
      0.08592604335935952,
      0.11485870556061988,
      0.08818516903808807,
      0.11787087313225794,
      0.05116721493400975,
      0.041734374380722125,
      0.056914113590424475,
      0.048392850065395746,
      0.0430026554635171,
      0.05576473385914153,
      0.08921564741785898,
      0.05239586223296738,
      0.06595061630533867,
      0.05616107169751496,
      0.06111529467718283,
      0.06503903927707978,
      0.10701121636082597,
      0.11315445285561412,
      0.05358487574808767,
      0.06444453251951963,
      0.0612738298125322,
      0.0894138163370457,
      0.09555705283183386,
      1.0,
      0.1370139907256946,
      0.16963259482382784,
      0.1276207839562443,
      0.03689905275256629,
      0.05616107169751496,
      0.05497205818239467,
      0.0502952716895882,
      0.037017954104078314,
      0.027069874360905237,
      0.04256668384130633,
      0.07637430145455987
    ],
    [
      0.050969046014823036,
      0.07883159605247513,
      0.05715191629344853,
      0.06820974198406722,
      0.08477666362807658,
      0.10423685149221196,
      0.08663945146843169,
      0.10598073798105505,
      0.05132575006935912,
      0.03388688518092822,
      0.04320082438270382,
      0.04557885141294439,
      0.034203955451626966,
      0.0542586500733225,
      0.08025841227061947,
      0.05243549601680472,
      0.05065197574412429,
      0.05112758115017241,
      0.044865443303872224,
      0.047837977091672944,
      0.09270342039554516,
      0.08259680551702271,
      0.047084935198763424,
      0.04993856763505212,
      0.05318853790971424,
      0.08045658118980618,
      0.09064246363600333,
      0.1370139907256946,
      1.0,
      0.12710554476635885,
      0.11620625421108953,
      0.038722206809084066,
      0.05322817169355158,
      0.05088977844714835,
      0.04811541357853434,
      0.03721612302326503,
      0.026396100035670406,
      0.04014902302722841,
      0.07189568388094011
    ],
    [
      0.04926479330981729,
      0.07930720145852324,
      0.05417938250564781,
      0.06927985414767548,
      0.08053584875748088,
      0.10927034203955452,
      0.08180412984027585,
      0.10891363798501844,
      0.047600174388648886,
      0.036581982481867545,
      0.04898735682295589,
      0.044469105465498794,
      0.03646308113035551,
      0.05184098925924458,
      0.08596567714319686,
      0.04775870952399826,
      0.05758788791565931,
      0.05073124331179898,
      0.04399350005945068,
      0.05517022710158139,
      0.08854187309262415,
      0.09924299472870675,
      0.045459950061432365,
      0.050969046014823036,
      0.05112758115017241,
      0.08303277713923349,
      0.08552970552098609,
      0.16963259482382784,
      0.12710554476635885,
      1.0,
      0.15988268399984146,
      0.03987158654036701,
      0.05659704331972573,
      0.05489279061471999,
      0.05156355277238318,
      0.03606674329198208,
      0.02833815544370021,
      0.04312155681502913,
      0.07304506361222306
    ],
    [
      0.05172208790773255,
      0.08331021362609488,
      0.058103127105544765,
      0.06951765685069954,
      0.08636201498157028,
      0.11810867583528199,
      0.0852522690341247,
      0.12056597043319726,
      0.05195989061075661,
      0.030002774364868614,
      0.041139867623161984,
      0.043834964924101306,
      0.0337679838294162,
      0.05616107169751496,
      0.08735285957750387,
      0.05160318655622052,
      0.05703301494193651,
      0.05318853790971424,
      0.04264595140898102,
      0.048789187903769175,
      0.09436803931671357,
      0.09313939201775594,
      0.04442947168166145,
      0.04906662439063057,
      0.05449645277634656,
      0.0801791447029448,
      0.0919107447187983,
      0.1276207839562443,
      0.11620625421108953,
      0.15988268399984146,
      1.0,
      0.03642344734651817,
      0.054298283857159846,
      0.04867028655225714,
      0.04514287979073362,
      0.034322856803139,
      0.023819904086243113,
      0.03824660140303595,
      0.06741706630732036
    ],
    [
      0.028457056795212238,
      0.04022829059490309,
      0.030557647338591416,
      0.03131068923150093,
      0.03674051761721692,
      0.06028298521659863,
      0.040743529784788554,
      0.062264674408465774,
      0.027307677063929295,
      0.01410962704609409,
      0.015774245967262495,
      0.01946018786413539,
      0.017082160833894813,
      0.030319844635567358,
      0.04482580952003488,
      0.024691847330664658,
      0.023542467599381712,
      0.02643573381950775,
      0.020609567595418335,
      0.02699060679323055,
      0.03610637707581943,
      0.03293567436883199,
      0.026475367603345092,
      0.024731481114502,
      0.02580159327811026,
      0.037929531132337206,
      0.04312155681502913,
      0.03689905275256629,
      0.038722206809084066,
      0.03987158654036701,
      0.03642344734651817,
      1.0,
      0.07570052712932504,
      0.07272799334152431,
      0.07597796361618643,
      0.06036225278427331,
      0.04157583924537275,
      0.05782569061868337,
      0.04985930006737743
    ],
    [
      0.030280210851730015,
      0.05077087709563632,
      0.03650271491419286,
      0.04102096627164995,
      0.046252625738179225,
      0.07403590820815663,
      0.049225159525979945,
      0.07498711902025286,
      0.03293567436883199,
      0.013951091910744718,
      0.01517973920970235,
      0.02199675002972534,
      0.014545598668304863,
      0.033649082477904164,
      0.05683484602274979,
      0.0317466608537117,
      0.02282905949030954,
      0.030002774364868614,
      0.022115651381237368,
      0.028258887876025523,
      0.046252625738179225,
      0.043478260869565216,
      0.02738694463160398,
      0.027545479766953353,
      0.030002774364868614,
      0.04268558519281836,
      0.05326780547738893,
      0.05616107169751496,
      0.05322817169355158,
      0.05659704331972573,
      0.054298283857159846,
      0.07570052712932504,
      1.0,
      0.4581665411596845,
      0.3371249653204391,
      0.09686496769846617,
      0.04676786492806468,
      0.08866077444413618,
      0.11537394475050533
    ],
    [
      0.028457056795212238,
      0.04791724465934763,
      0.036621616265704884,
      0.03884110816059609,
      0.044667274384685506,
      0.07118227577186793,
      0.045856287899805795,
      0.07387737307280726,
      0.03309420950418136,
      0.014069993262256747,
      0.01410962704609409,
      0.02092663786611708,
      0.014149260829931433,
      0.03218263247592248,
      0.05402084737029844,
      0.032261900043597164,
      0.02227418651658674,
      0.0300820419325433,
      0.02136260948832785,
      0.02750584598311601,
      0.04609409060282985,
      0.040783163568625894,
      0.02683207165788118,
      0.027149141928579923,
      0.028298521659862866,
      0.04296302167967976,
      0.050810510879473664,
      0.05497205818239467,
      0.05088977844714835,
      0.05489279061471999,
      0.04867028655225714,
      0.07272799334152431,
      0.4581665411596845,
      1.0,
      0.34572549641314254,
      0.09734057310451429,
      0.04601482303515517,
      0.08834370417343744,
      0.12413301097855813
    ],
    [
      0.022908327057984224,
      0.04026792437874044,
      0.02833815544370021,
      0.03131068923150093,
      0.0362649122111688,
      0.06702072846894692,
      0.04399350005945068,
      0.06995362847291031,
      0.024652213546827315,
      0.014307795965280805,
      0.012841345963299116,
      0.0171614284015695,
      0.013316951369347232,
      0.024533312195315286,
      0.04565811898061908,
      0.023740636518568427,
      0.019103483809599302,
      0.022036383813562682,
      0.01787483651064167,
      0.0238991716539178,
      0.0430026554635171,
      0.03725575680710237,
      0.023463200031707026,
      0.02282905949030954,
      0.023701002734731084,
      0.04419166897863739,
      0.05164282034005786,
      0.0502952716895882,
      0.04811541357853434,
      0.05156355277238318,
      0.04514287979073362,
      0.07597796361618643,
      0.3371249653204391,
      0.34572549641314254,
      1.0,
      0.1001149379731283,
      0.04538068249375768,
      0.0883040703896001,
      0.13174269747532796
    ],
    [
      0.015615710831913123,
      0.028655225714398953,
      0.02001506083785819,
      0.02068883516309302,
      0.030161309500217986,
      0.06583171495382664,
      0.04082279735246324,
      0.0725298244223376,
      0.017716301375292298,
      0.011335262177480083,
      0.009710277040149023,
      0.015417541912726408,
      0.01141452974515477,
      0.01775593515912964,
      0.03392651896476557,
      0.016448020292497326,
      0.012960247314811145,
      0.014545598668304863,
      0.013911458126907375,
      0.017914470294479012,
      0.03590820815663271,
      0.028655225714398953,
      0.016566921644009355,
      0.015734612183425152,
      0.018350441916689785,
      0.05283183385517815,
      0.06424636360033292,
      0.037017954104078314,
      0.03721612302326503,
      0.03606674329198208,
      0.034322856803139,
      0.06036225278427331,
      0.09686496769846617,
      0.09734057310451429,
      0.1001149379731283,
      1.0,
      0.02659426895485712,
      0.04811541357853434,
      0.05386231223494907
    ],
    [
      0.019816891918671475,
      0.029527168958820498,
      0.024374777059965914,
      0.027466212199278667,
      0.028060718956838808,
      0.030161309500217986,
      0.030953985176964845,
      0.028179620308350837,
      0.02239308786809877,
      0.019777258134834132,
      0.02053030002774365,
      0.0298046054456819,
      0.018112639213665727,
      0.022432721651936112,
      0.02877412706591098,
      0.020569933811580992,
      0.02239308786809877,
      0.02310649597717094,
      0.02996314058103127,
      0.02738694463160398,
      0.024414410843803257,
      0.030319844635567358,
      0.025722325710435576,
      0.02750584598311601,
      0.027545479766953353,
      0.025008917601363402,
      0.025325987872062146,
      0.027069874360905237,
      0.026396100035670406,
