{
  "model": "mistralai/Mistral-Large-Instruct-2407",
  "sign": "positive",
  "percentage": 0.1,
  "component": "neurons",
  "tasks": [
    "MD/add_sub_2op_symbolic",
    "MD/add_sub_2op_verbal",
    "MD/add_sub_3op_symbolic",
    "MD/add_sub_3op_verbal",
    "MD/code_A",
    "MD/code_B",
    "MD/code_conditional",
    "MD/code_list",
    "MD/code_loop",
    "MD/logic_propositional_1",
    "MD/logic_propositional_symbolic",
    "MD/logic_syllogism_1",
    "MD/logic_syllogism_symbolic",
    "MD/mul_div_2op_symbolic",
    "MD/mul_div_2op_verbal",
    "MD/mul_div_3op_symbolic",
    "MD/number_sorting",
    "MD/simple_equation",
    "ToM/agent",
    "ToM/desires_goals",
    "ToM/emotion_fewshot",
    "ToM/norm_appropriate",
    "ToM/primary_emotions",
    "ToM/social_interactions",
    "ToM/social_relations",
    "phys/phys_newton",
    "phys/phys_prost",
    "phys/physics_buoyancy",
    "phys/physics_elasticity",
    "phys/physics_solubility",
    "phys/physics_temperature",
    "Lan/anaphor_gender_agreement",
    "Lan/det_noun_agreement_irregular",
    "Lan/det_noun_agreement_regular",
    "Lan/det_noun_agreement_with_adjective",
    "Lan/hypernymy",
    "Lan/npi",
    "Lan/subject_verb_agreement",
    "Lan/wug"
  ],
  "overlap_matrix": [
    [
      1.0,
      0.3206500198176774,
      0.28656361474435194,
      0.28339278636543797,
      0.269124058660325,
      0.05984938565200158,
      0.025762980578676178,
      0.02140309155766944,
      0.3832738803012287,
      0.014268727705112961,
      0.020610384462940945,
      0.0178359096313912,
      0.026952041220768927,
      0.4284581847007531,
      0.3119302417756639,
      0.3690051525961157,
      0.08323424494649227,
      0.3111375346809354,
      0.0186286167261197,
      0.03289734443123266,
      0.017043202536662704,
      0.028141101862861673,
      0.03329369797859691,
      0.024177566389219182,
      0.020610384462940945,
      0.022592152199762187,
      0.013872374157748711,
      0.03329369797859691,
      0.02536662703131193,
      0.02933016250495442,
      0.0348791121680539,
      0.0075307173999207295,
      0.0075307173999207295,
      0.006738010305192232,
      0.0031708283789139914,
      0.0019817677368212444,
      0.005152596115735236,
      0.005152596115735236,
      0.006738010305192232
    ],
    [
      0.3206500198176774,
      1.0,
      0.2358303606817281,
      0.4926674593737614,
      0.25089179548156954,
      0.12921125644074513,
      0.07847800237812129,
      0.09710661910424098,
      0.2968688069758224,
      0.013079667063020214,
      0.017043202536662704,
      0.034482758620689655,
      0.014268727705112961,
      0.31906460562822037,
      0.6389219183511693,
      0.27269124058660327,
      0.07332540626238605,
      0.269124058660325,
      0.016646848989298454,
      0.030915576694411414,
      0.02497027348394768,
      0.03329369797859691,
      0.023384859294490686,
      0.02536662703131193,
      0.028141101862861673,
      0.07966706302021404,
      0.07570352754657154,
      0.05112960760998811,
      0.034482758620689655,
      0.04518430439952437,
      0.042409829567974636,
      0.0047562425683709865,
      0.007134363852556481,
      0.009512485136741973,
      0.005152596115735236,
      0.0007927070947284979,
      0.005945303210463734,
      0.0023781212841854932,
      0.014268727705112961
    ],
    [
      0.28656361474435194,
      0.2358303606817281,
      1.0,
      0.22433610780816488,
      0.20967102655568767,
      0.055489496630994846,
      0.023384859294490686,
      0.019817677368212445,
      0.28220372572334523,
      0.0186286167261197,
      0.026555687673404677,
      0.026159334126040427,
      0.03210463733650416,
      0.3103448275862069,
      0.2235434007134364,
      0.2984542211652794,
      0.09195402298850575,
      0.24772096710265556,
      0.025762980578676178,
      0.05192231470471661,
      0.025762980578676178,
      0.03170828378913991,
      0.042409829567974636,
      0.03289734443123266,
      0.0348791121680539,
      0.022592152199762187,
      0.01466508125247721,
      0.04359889021006738,
      0.033690051525961155,
      0.03250099088386841,
      0.037653586999603646,
      0.009116131589377725,
      0.005945303210463734,
      0.007927070947284977,
      0.004359889021006738,
      0.0007927070947284979,
      0.004359889021006738,
      0.0075307173999207295,
      0.004359889021006738
    ],
    [
      0.28339278636543797,
      0.4926674593737614,
      0.22433610780816488,
      1.0,
      0.21878715814506539,
      0.09235037653587,
      0.05747126436781609,
      0.04994054696789536,
      0.2544589774078478,
      0.022592152199762187,
      0.026555687673404677,
      0.037653586999603646,
      0.023781212841854936,
      0.26397146254458975,
      0.456995640110979,
      0.23305588585017836,
      0.08481965913594927,
      0.23860483551327785,
      0.022988505747126436,
      0.0372572334522394,
      0.033690051525961155,
      0.03804994054696789,
      0.03408640507332541,
      0.030122869599682918,
      0.036068172810146654,
      0.04994054696789536,
      0.04082441537851764,
      0.048355132778438364,
      0.0372572334522394,
      0.04201347602061038,
      0.04795877923107412,
      0.0075307173999207295,
      0.008719778042013475,
      0.009512485136741973,
      0.005548949663099485,
      0.0031708283789139914,
      0.006738010305192232,
      0.0023781212841854932,
      0.010305192231470472
    ],
    [
      0.269124058660325,
      0.25089179548156954,
      0.20967102655568767,
      0.21878715814506539,
      1.0,
      0.27665477606024574,
      0.5045580657946889,
      0.20689655172413793,
      0.3206500198176774,
      0.0364645263575109,
      0.04399524375743163,
      0.10225921521997622,
      0.04082441537851764,
      0.26555687673404677,
      0.24692826000792706,
      0.24296472453428458,
      0.089179548156956,
      0.22671422909235037,
      0.038446294094332145,
      0.030519223147047168,
      0.05866032500990884,
      0.06302021403091558,
      0.03329369797859691,
      0.03289734443123266,
      0.0543004359889021,
      0.18192627824019025,
      0.18113357114546175,
      0.060245739199365836,
      0.05826397146254459,
      0.05747126436781609,
      0.06698374950455807,
      0.0075307173999207295,
      0.005945303210463734,
      0.005152596115735236,
      0.0031708283789139914,
      0.0035671819262782403,
      0.005548949663099485,
      0.007927070947284977,
      0.027744748315497423
    ],
    [
      0.05984938565200158,
      0.12921125644074513,
      0.055489496630994846,
      0.09235037653587,
      0.27665477606024574,
      1.0,
      0.3337296868806976,
      0.608402695204122,
      0.05073325406262386,
      0.023781212841854936,
      0.036068172810146654,
      0.05984938565200158,
      0.0372572334522394,
      0.05826397146254459,
      0.12405866032500991,
      0.04875148632580262,
      0.0558858501783591,
      0.04518430439952437,
      0.024573919936583432,
      0.02933016250495442,
      0.06856916369401506,
      0.06302021403091558,
      0.02179944510503369,
      0.03170828378913991,
      0.06302021403091558,
      0.3555291319857313,
      0.38921918351169243,
      0.10344827586206896,
      0.08759413396749902,
      0.089179548156956,
      0.10186286167261197,
      0.011494252873563218,
      0.009908838684106223,
      0.011494252873563218,
      0.010305192231470472,
      0.009512485136741973,
      0.005152596115735236,
      0.0035671819262782403,
      0.04795877923107412
    ],
    [
      0.025762980578676178,
      0.07847800237812129,
      0.023384859294490686,
      0.05747126436781609,
      0.5045580657946889,
      0.3337296868806976,
      1.0,
      0.31153388822829964,
      0.017043202536662704,
      0.04597701149425287,
      0.05112960760998811,
      0.14308363059849386,
      0.05073325406262386,
      0.025762980578676178,
      0.0713436385255648,
      0.02179944510503369,
      0.026159334126040427,
      0.02140309155766944,
      0.04320253666270313,
      0.019421323820848196,
      0.07649623464130004,
      0.07570352754657154,
      0.02893380895759017,
      0.0364645263575109,
      0.06262386048355133,
      0.26040428061831156,
      0.26872770511296074,
      0.06579468886246533,
      0.06777645659928656,
      0.05826397146254459,
      0.07332540626238605,
      0.005152596115735236,
      0.005945303210463734,
      0.005945303210463734,
      0.005945303210463734,
      0.007134363852556481,
      0.006738010305192232,
      0.005945303210463734,
      0.05033690051525961
    ],
    [
      0.02140309155766944,
      0.09710661910424098,
      0.019817677368212445,
      0.04994054696789536,
      0.20689655172413793,
      0.608402695204122,
      0.31153388822829964,
      1.0,
      0.011890606420927468,
      0.02536662703131193,
      0.0348791121680539,
      0.0543004359889021,
      0.030519223147047168,
      0.02179944510503369,
      0.09036860879904875,
      0.01823226317875545,
      0.026159334126040427,
      0.013872374157748711,
      0.02100673801030519,
      0.02536662703131193,
      0.07055093143083631,
      0.05747126436781609,
      0.01823226317875545,
      0.030915576694411414,
      0.06579468886246533,
      0.37138327388030123,
      0.42172017439556087,
      0.09671026555687673,
      0.07887435592548553,
      0.08204518430439953,
      0.09552120491478398,
      0.012683313515655966,
      0.007927070947284977,
      0.008719778042013475,
      0.007927070947284977,
      0.01070154577883472,
      0.0031708283789139914,
      0.005945303210463734,
      0.0550931430836306
    ],
    [
      0.3832738803012287,
      0.2968688069758224,
      0.28220372572334523,
      0.2544589774078478,
      0.3206500198176774,
      0.05073325406262386,
      0.017043202536662704,
      0.011890606420927468,
      1.0,
      0.019024970273483946,
      0.019024970273483946,
      0.019421323820848196,
      0.028537455410225922,
      0.37098692033293695,
      0.291319857312723,
      0.33729686880697585,
      0.08164883075703527,
      0.3162901307966706,
      0.015854141894569955,
      0.028141101862861673,
      0.016250495441934205,
      0.0186286167261197,
      0.02536662703131193,
      0.015457788347205707,
      0.0178359096313912,
      0.01466508125247721,
      0.008719778042013475,
      0.028537455410225922,
      0.022988505747126436,
      0.026555687673404677,
      0.02497027348394768,
      0.006341656757827983,
      0.0075307173999207295,
      0.0035671819262782403,
      0.0023781212841854932,
      0.0011890606420927466,
      0.003963535473642489,
      0.005548949663099485,
      0.005945303210463734
    ],
    [
      0.014268727705112961,
      0.013079667063020214,
      0.0186286167261197,
      0.022592152199762187,
      0.0364645263575109,
      0.023781212841854936,
      0.04597701149425287,
      0.02536662703131193,
      0.019024970273483946,
      1.0,
      0.14427269124058661,
      0.060245739199365836,
      0.19738406658739596,
      0.020610384462940945,
      0.005945303210463734,
      0.016646848989298454,
      0.038446294094332145,
      0.022988505747126436,
      0.04637336504161712,
      0.03289734443123266,
      0.027744748315497423,
      0.02219579865239794,
      0.028141101862861673,
      0.04003170828378914,
      0.04399524375743163,
      0.09829567974633373,
      0.06341656757827982,
      0.026159334126040427,
      0.023781212841854936,
      0.02140309155766944,
      0.015854141894569955,
      0.0007927070947284979,
      0.0027744748315497426,
      0.0035671819262782403,
      0.0031708283789139914,
      0.00039635354736424893,
      0.003963535473642489,
      0.0011890606420927466,
      0.006341656757827983
    ],
    [
      0.020610384462940945,
      0.017043202536662704,
      0.026555687673404677,
      0.026555687673404677,
      0.04399524375743163,
      0.036068172810146654,
      0.05112960760998811,
      0.0348791121680539,
      0.019024970273483946,
      0.14427269124058661,
      1.0,
      0.07411811335711455,
      0.13912009512485138,
      0.023384859294490686,
      0.015061434799841459,
      0.02100673801030519,
      0.0558858501783591,
      0.025762980578676178,
      0.07094728497820056,
      0.04003170828378914,
      0.030519223147047168,
      0.0364645263575109,
      0.04042806183115339,
      0.04597701149425287,
      0.0535077288941736,
      0.08640507332540626,
      0.07055093143083631,
      0.04756242568370987,
      0.037653586999603646,
      0.031311930241775664,
      0.033690051525961155,
      0.0007927070947284979,
      0.00039635354736424893,
      0.0007927070947284979,
      0.00039635354736424893,
      0.00039635354736424893,
      0.0011890606420927466,
      0.0015854141894569957,
      0.0031708283789139914
    ],
    [
      0.0178359096313912,
      0.034482758620689655,
      0.026159334126040427,
      0.037653586999603646,
      0.10225921521997622,
      0.05984938565200158,
      0.14308363059849386,
      0.0543004359889021,
      0.019421323820848196,
      0.060245739199365836,
      0.07411811335711455,
      1.0,
      0.059453032104637336,
      0.019024970273483946,
      0.027348394768133173,
      0.015061434799841459,
      0.03170828378913991,
      0.02219579865239794,
      0.06777645659928656,
      0.03804994054696789,
      0.04042806183115339,
      0.04003170828378914,
      0.02893380895759017,
      0.051525961157352355,
      0.059453032104637336,
      0.08402695204122076,
      0.0729290527150218,
      0.037653586999603646,
      0.038446294094332145,
      0.027348394768133173,
      0.023781212841854936,
      0.003963535473642489,
      0.0031708283789139914,
      0.0019817677368212444,
      0.0023781212841854932,
      0.0031708283789139914,
      0.012683313515655966,
      0.003963535473642489,
      0.019421323820848196
    ],
    [
      0.026952041220768927,
      0.014268727705112961,
      0.03210463733650416,
      0.023781212841854936,
      0.04082441537851764,
      0.0372572334522394,
      0.05073325406262386,
      0.030519223147047168,
      0.028537455410225922,
      0.19738406658739596,
      0.13912009512485138,
      0.059453032104637336,
      1.0,
      0.023781212841854936,
      0.007134363852556481,
      0.024573919936583432,
      0.04122076892588189,
      0.02893380895759017,
      0.0372572334522394,
      0.030519223147047168,
      0.03210463733650416,
      0.028537455410225922,
      0.030519223147047168,
      0.0348791121680539,
      0.041617122473246136,
      0.09988109393579073,
      0.07332540626238605,
      0.02933016250495442,
      0.024177566389219182,
      0.0186286167261197,
      0.024573919936583432,
      0.0027744748315497426,
      0.00039635354736424893,
      0.0011890606420927466,
      0.00039635354736424893,
      0.0011890606420927466,
      0.0023781212841854932,
      0.00039635354736424893,
      0.006341656757827983
    ],
    [
      0.4284581847007531,
      0.31906460562822037,
      0.3103448275862069,
      0.26397146254458975,
      0.26555687673404677,
      0.05826397146254459,
      0.025762980578676178,
      0.02179944510503369,
      0.37098692033293695,
      0.020610384462940945,
      0.023384859294490686,
      0.019024970273483946,
      0.023781212841854936,
      1.0,
      0.34086405073325404,
      0.4272691240586603,
      0.089179548156956,
      0.30638129211256443,
      0.019024970273483946,
      0.04042806183115339,
      0.0186286167261197,
      0.02497027348394768,
      0.03408640507332541,
      0.02536662703131193,
      0.025762980578676178,
      0.027744748315497423,
      0.019421323820848196,
      0.036860879904875146,
      0.028141101862861673,
      0.034482758620689655,
      0.0356718192627824,
      0.005945303210463734,
      0.005548949663099485,
      0.003963535473642489,
      0.0031708283789139914,
      0.0015854141894569957,
      0.003963535473642489,
      0.005548949663099485,
      0.0075307173999207295
    ],
    [
      0.3119302417756639,
      0.6389219183511693,
      0.2235434007134364,
      0.456995640110979,
      0.24692826000792706,
      0.12405866032500991,
      0.0713436385255648,
      0.09036860879904875,
      0.291319857312723,
      0.005945303210463734,
      0.015061434799841459,
      0.027348394768133173,
      0.007134363852556481,
      0.34086405073325404,
      1.0,
      0.28814902893380895,
      0.05984938565200158,
      0.2615933412604043,
      0.011494252873563218,
      0.02100673801030519,
      0.02536662703131193,
      0.030915576694411414,
      0.020214030915576695,
      0.016646848989298454,
      0.02140309155766944,
      0.07332540626238605,
      0.06777645659928656,
      0.05112960760998811,
      0.036068172810146654,
      0.042409829567974636,
      0.04478795085216013,
      0.005152596115735236,
      0.009908838684106223,
      0.01070154577883472,
      0.006341656757827983,
      0.0027744748315497426,
      0.007134363852556481,
      0.004359889021006738,
      0.01743955608402695
    ],
    [
      0.3690051525961157,
      0.27269124058660327,
      0.2984542211652794,
      0.23305588585017836,
      0.24296472453428458,
      0.04875148632580262,
      0.02179944510503369,
      0.01823226317875545,
      0.33729686880697585,
      0.016646848989298454,
      0.02100673801030519,
      0.015061434799841459,
      0.024573919936583432,
      0.4272691240586603,
      0.28814902893380895,
      1.0,
      0.08680142687277051,
      0.284978200554895,
      0.02100673801030519,
      0.035275465715418154,
      0.022592152199762187,
      0.026159334126040427,
      0.035275465715418154,
      0.022988505747126436,
      0.028537455410225922,
      0.02179944510503369,
      0.013476020610384463,
      0.029726516052318668,
      0.03170828378913991,
      0.035275465715418154,
      0.030519223147047168,
      0.004359889021006738,
      0.006341656757827983,
      0.005152596115735236,
      0.0035671819262782403,
      0.0023781212841854932,
      0.0019817677368212444,
      0.0047562425683709865,
      0.006341656757827983
    ],
    [
      0.08323424494649227,
      0.07332540626238605,
      0.09195402298850575,
      0.08481965913594927,
      0.089179548156956,
      0.0558858501783591,
      0.026159334126040427,
      0.026159334126040427,
      0.08164883075703527,
      0.038446294094332145,
      0.0558858501783591,
      0.03170828378913991,
      0.04122076892588189,
      0.089179548156956,
      0.05984938565200158,
      0.08680142687277051,
      1.0,
      0.08244153785176378,
      0.033690051525961155,
      0.04795877923107412,
      0.038446294094332145,
      0.04478795085216013,
      0.04399524375743163,
      0.038446294094332145,
      0.036068172810146654,
      0.0348791121680539,
      0.022592152199762187,
      0.06738010305192231,
      0.04280618311533888,
      0.0543004359889021,
      0.0550931430836306,
      0.007134363852556481,
      0.003963535473642489,
      0.005152596115735236,
      0.003963535473642489,
      0.0027744748315497426,
      0.007134363852556481,
      0.0047562425683709865,
      0.005548949663099485
    ],
    [
      0.3111375346809354,
      0.269124058660325,
      0.24772096710265556,
      0.23860483551327785,
      0.22671422909235037,
      0.04518430439952437,
      0.02140309155766944,
      0.013872374157748711,
      0.3162901307966706,
      0.022988505747126436,
      0.025762980578676178,
      0.02219579865239794,
      0.02893380895759017,
      0.30638129211256443,
      0.2615933412604043,
      0.284978200554895,
      0.08244153785176378,
      1.0,
      0.019421323820848196,
      0.0348791121680539,
      0.0178359096313912,
      0.023384859294490686,
      0.02893380895759017,
      0.022988505747126436,
      0.027348394768133173,
      0.017043202536662704,
      0.01109789932619897,
      0.03170828378913991,
      0.028141101862861673,
      0.02933016250495442,
      0.03170828378913991,
      0.003963535473642489,
      0.0027744748315497426,
      0.0019817677368212444,
      0.0011890606420927466,
      0.0011890606420927466,
      0.0027744748315497426,
      0.003963535473642489,
      0.004359889021006738
    ],
    [
      0.0186286167261197,
      0.016646848989298454,
      0.025762980578676178,
      0.022988505747126436,
      0.038446294094332145,
      0.024573919936583432,
      0.04320253666270313,
      0.02100673801030519,
      0.015854141894569955,
      0.04637336504161712,
      0.07094728497820056,
      0.06777645659928656,
      0.0372572334522394,
      0.019024970273483946,
      0.011494252873563218,
      0.02100673801030519,
      0.033690051525961155,
      0.019421323820848196,
      1.0,
      0.09353943717796274,
      0.049147839873166864,
      0.038446294094332145,
      0.08997225525168451,
      0.17717003567181927,
      0.14110186286167262,
      0.04201347602061038,
      0.03963535473642489,
      0.04359889021006738,
      0.03210463733650416,
      0.023781212841854936,
      0.03250099088386841,
      0.005548949663099485,
      0.005548949663099485,
      0.005152596115735236,
      0.003963535473642489,
      0.0011890606420927466,
      0.009116131589377725,
      0.004359889021006738,
      0.0027744748315497426
    ],
    [
      0.03289734443123266,
      0.030915576694411414,
      0.05192231470471661,
      0.0372572334522394,
      0.030519223147047168,
      0.02933016250495442,
      0.019421323820848196,
      0.02536662703131193,
      0.028141101862861673,
      0.03289734443123266,
      0.04003170828378914,
      0.03804994054696789,
      0.030519223147047168,
      0.04042806183115339,
      0.02100673801030519,
      0.035275465715418154,
      0.04795877923107412,
      0.0348791121680539,
      0.09353943717796274,
      1.0,
      0.036860879904875146,
      0.041617122473246136,
      0.11930241775663893,
      0.14783987316686484,
      0.10939357907253269,
      0.030519223147047168,
      0.02179944510503369,
      0.05667855727308759,
      0.04478795085216013,
      0.036860879904875146,
      0.035275465715418154,
      0.01109789932619897,
      0.010305192231470472,
      0.007134363852556481,
      0.004359889021006738,
      0.0015854141894569957,
      0.009908838684106223,
      0.01070154577883472,
      0.0047562425683709865
    ],
    [
      0.017043202536662704,
      0.02497027348394768,
      0.025762980578676178,
      0.033690051525961155,
      0.05866032500990884,
      0.06856916369401506,
      0.07649623464130004,
      0.07055093143083631,
      0.016250495441934205,
      0.027744748315497423,
      0.030519223147047168,
      0.04042806183115339,
      0.03210463733650416,
      0.0186286167261197,
      0.02536662703131193,
      0.022592152199762187,
      0.038446294094332145,
      0.0178359096313912,
      0.049147839873166864,
      0.036860879904875146,
      1.0,
      0.11771700356718193,
      0.06222750693618708,
      0.04676971858898137,
      0.04756242568370987,
      0.0745144669044788,
      0.06896551724137931,
      0.09671026555687673,
      0.07847800237812129,
      0.07015457788347206,
      0.06817281014665082,
      0.008719778042013475,
      0.01109789932619897,
      0.013872374157748711,
      0.013872374157748711,
      0.013079667063020214,
      0.006738010305192232,
      0.01109789932619897,
      0.016250495441934205
    ],
    [
      0.028141101862861673,
      0.03329369797859691,
      0.03170828378913991,
      0.03804994054696789,
      0.06302021403091558,
      0.06302021403091558,
      0.07570352754657154,
      0.05747126436781609,
      0.0186286167261197,
      0.02219579865239794,
      0.0364645263575109,
      0.04003170828378914,
      0.028537455410225922,
      0.02497027348394768,
      0.030915576694411414,
      0.026159334126040427,
      0.04478795085216013,
      0.023384859294490686,
      0.038446294094332145,
      0.041617122473246136,
      0.11771700356718193,
      1.0,
      0.053904082441537854,
      0.036068172810146654,
      0.042409829567974636,
      0.06183115338882283,
      0.057074910820451845,
      0.09591755846214824,
      0.07768529528339278,
      0.08957590170432025,
      0.08997225525168451,
      0.008719778042013475,
      0.01109789932619897,
      0.007927070947284977,
      0.007927070947284977,
      0.0031708283789139914,
      0.007134363852556481,
      0.012286959968291716,
      0.013476020610384463
    ],
    [
      0.03329369797859691,
      0.023384859294490686,
      0.042409829567974636,
      0.03408640507332541,
      0.03329369797859691,
      0.02179944510503369,
      0.02893380895759017,
      0.01823226317875545,
      0.02536662703131193,
      0.028141101862861673,
      0.04042806183115339,
      0.02893380895759017,
      0.030519223147047168,
      0.03408640507332541,
      0.020214030915576695,
      0.035275465715418154,
      0.04399524375743163,
      0.02893380895759017,
      0.08997225525168451,
      0.11930241775663893,
      0.06222750693618708,
      0.053904082441537854,
      1.0,
      0.11771700356718193,
      0.08442330558858502,
      0.026952041220768927,
      0.024573919936583432,
      0.04359889021006738,
      0.037653586999603646,
      0.038446294094332145,
      0.036068172810146654,
      0.009512485136741973,
      0.005945303210463734,
      0.005945303210463734,
      0.005152596115735236,
      0.0023781212841854932,
      0.007927070947284977,
      0.008323424494649227,
      0.004359889021006738
    ],
    [
      0.024177566389219182,
      0.02536662703131193,
      0.03289734443123266,
      0.030122869599682918,
      0.03289734443123266,
      0.03170828378913991,
      0.0364645263575109,
      0.030915576694411414,
      0.015457788347205707,
      0.04003170828378914,
      0.04597701149425287,
      0.051525961157352355,
      0.0348791121680539,
      0.02536662703131193,
      0.016646848989298454,
      0.022988505747126436,
      0.038446294094332145,
      0.022988505747126436,
      0.17717003567181927,
      0.14783987316686484,
      0.04676971858898137,
      0.036068172810146654,
      0.11771700356718193,
      1.0,
      0.17558462148236226,
      0.04637336504161712,
      0.041617122473246136,
      0.05033690051525961,
      0.03329369797859691,
      0.030519223147047168,
      0.03963535473642489,
      0.0075307173999207295,
      0.008719778042013475,
      0.005945303210463734,
      0.003963535473642489,
      0.0015854141894569957,
      0.010305192231470472,
      0.004359889021006738,
      0.005152596115735236
    ],
    [
      0.020610384462940945,
      0.028141101862861673,
      0.0348791121680539,
      0.036068172810146654,
      0.0543004359889021,
      0.06302021403091558,
      0.06262386048355133,
      0.06579468886246533,
      0.0178359096313912,
      0.04399524375743163,
      0.0535077288941736,
      0.059453032104637336,
      0.041617122473246136,
      0.025762980578676178,
      0.02140309155766944,
      0.028537455410225922,
      0.036068172810146654,
      0.027348394768133173,
      0.14110186286167262,
      0.10939357907253269,
      0.04756242568370987,
      0.042409829567974636,
      0.08442330558858502,
      0.17558462148236226,
      1.0,
      0.08481965913594927,
      0.06856916369401506,
      0.04954419342053112,
      0.04875148632580262,
      0.03884264764169639,
      0.04597701149425287,
      0.01070154577883472,
      0.0047562425683709865,
      0.005548949663099485,
      0.003963535473642489,
      0.0019817677368212444,
      0.008323424494649227,
      0.006738010305192232,
      0.005152596115735236
    ],
    [
      0.022592152199762187,
      0.07966706302021404,
      0.022592152199762187,
      0.04994054696789536,
      0.18192627824019025,
      0.3555291319857313,
      0.26040428061831156,
      0.37138327388030123,
      0.01466508125247721,
      0.09829567974633373,
      0.08640507332540626,
      0.08402695204122076,
      0.09988109393579073,
      0.027744748315497423,
      0.07332540626238605,
      0.02179944510503369,
      0.0348791121680539,
      0.017043202536662704,
      0.04201347602061038,
      0.030519223147047168,
      0.0745144669044788,
      0.06183115338882283,
      0.026952041220768927,
      0.04637336504161712,
      0.08481965913594927,
      1.0,
      0.5541022592152199,
      0.08600871977804202,
      0.08164883075703527,
      0.06936187078874356,
      0.0745144669044788,
      0.011494252873563218,
      0.009512485136741973,
      0.007134363852556481,
      0.004359889021006738,
      0.01823226317875545,
      0.0031708283789139914,
      0.0031708283789139914,
      0.03250099088386841
    ],
    [
      0.013872374157748711,
      0.07570352754657154,
      0.01466508125247721,
      0.04082441537851764,
      0.18113357114546175,
      0.38921918351169243,
      0.26872770511296074,
      0.42172017439556087,
      0.008719778042013475,
      0.06341656757827982,
      0.07055093143083631,
      0.0729290527150218,
      0.07332540626238605,
      0.019421323820848196,
      0.06777645659928656,
      0.013476020610384463,
      0.022592152199762187,
      0.01109789932619897,
      0.03963535473642489,
      0.02179944510503369,
      0.06896551724137931,
      0.057074910820451845,
      0.024573919936583432,
      0.041617122473246136,
      0.06856916369401506,
      0.5541022592152199,
      1.0,
      0.08204518430439953,
      0.08283789139912802,
      0.06143479984145858,
      0.08521601268331351,
      0.008719778042013475,
      0.007927070947284977,
      0.008719778042013475,
      0.005945303210463734,
      0.02140309155766944,
      0.0015854141894569957,
      0.0019817677368212444,
      0.0372572334522394
    ],
    [
      0.03329369797859691,
      0.05112960760998811,
      0.04359889021006738,
      0.048355132778438364,
      0.060245739199365836,
      0.10344827586206896,
      0.06579468886246533,
      0.09671026555687673,
      0.028537455410225922,
      0.026159334126040427,
      0.04756242568370987,
      0.037653586999603646,
      0.02933016250495442,
      0.036860879904875146,
      0.05112960760998811,
      0.029726516052318668,
      0.06738010305192231,
      0.03170828378913991,
      0.04359889021006738,
      0.05667855727308759,
      0.09671026555687673,
      0.09591755846214824,
      0.04359889021006738,
      0.05033690051525961,
      0.04954419342053112,
      0.08600871977804202,
      0.08204518430439953,
      1.0,
      0.14070550931430836,
      0.17994451050336902,
      0.13991280221957986,
      0.009116131589377725,
      0.014268727705112961,
      0.013476020610384463,
      0.015854141894569955,
      0.006341656757827983,
      0.0031708283789139914,
      0.020610384462940945,
      0.04439159730479588
    ],
    [
      0.02536662703131193,
      0.034482758620689655,
      0.033690051525961155,
      0.0372572334522394,
      0.05826397146254459,
      0.08759413396749902,
      0.06777645659928656,
      0.07887435592548553,
      0.022988505747126436,
      0.023781212841854936,
      0.037653586999603646,
      0.038446294094332145,
      0.024177566389219182,
      0.028141101862861673,
      0.036068172810146654,
      0.03170828378913991,
      0.04280618311533888,
      0.028141101862861673,
      0.03210463733650416,
      0.04478795085216013,
      0.07847800237812129,
      0.07768529528339278,
      0.037653586999603646,
      0.03329369797859691,
      0.04875148632580262,
      0.08164883075703527,
      0.08283789139912802,
      0.14070550931430836,
      1.0,
      0.12604042806183116,
      0.10305192231470471,
      0.009908838684106223,
      0.013476020610384463,
      0.013079667063020214,
      0.011890606420927468,
      0.005945303210463734,
      0.006738010305192232,
      0.020610384462940945,
      0.030519223147047168
    ],
    [
      0.02933016250495442,
      0.04518430439952437,
      0.03250099088386841,
      0.04201347602061038,
      0.05747126436781609,
      0.089179548156956,
      0.05826397146254459,
      0.08204518430439953,
      0.026555687673404677,
      0.02140309155766944,
      0.031311930241775664,
      0.027348394768133173,
      0.0186286167261197,
      0.034482758620689655,
      0.042409829567974636,
      0.035275465715418154,
      0.0543004359889021,
      0.02933016250495442,
      0.023781212841854936,
      0.036860879904875146,
      0.07015457788347206,
      0.08957590170432025,
      0.038446294094332145,
      0.030519223147047168,
      0.03884264764169639,
      0.06936187078874356,
      0.06143479984145858,
      0.17994451050336902,
      0.12604042806183116,
      1.0,
      0.15219976218787157,
      0.010305192231470472,
      0.01466508125247721,
      0.013872374157748711,
      0.016250495441934205,
      0.009116131589377725,
      0.005548949663099485,
      0.022988505747126436,
      0.036068172810146654
    ],
    [
      0.0348791121680539,
      0.042409829567974636,
      0.037653586999603646,
      0.04795877923107412,
      0.06698374950455807,
      0.10186286167261197,
      0.07332540626238605,
      0.09552120491478398,
      0.02497027348394768,
      0.015854141894569955,
      0.033690051525961155,
      0.023781212841854936,
      0.024573919936583432,
      0.0356718192627824,
      0.04478795085216013,
      0.030519223147047168,
      0.0550931430836306,
      0.03170828378913991,
      0.03250099088386841,
      0.035275465715418154,
      0.06817281014665082,
      0.08997225525168451,
      0.036068172810146654,
      0.03963535473642489,
      0.04597701149425287,
      0.0745144669044788,
      0.08521601268331351,
      0.13991280221957986,
      0.10305192231470471,
      0.15219976218787157,
      1.0,
      0.009512485136741973,
      0.013872374157748711,
      0.009512485136741973,
      0.0075307173999207295,
      0.005945303210463734,
      0.005152596115735236,
      0.013476020610384463,
      0.026555687673404677
    ],
    [
      0.0075307173999207295,
      0.0047562425683709865,
      0.009116131589377725,
      0.0075307173999207295,
      0.0075307173999207295,
      0.011494252873563218,
      0.005152596115735236,
      0.012683313515655966,
      0.006341656757827983,
      0.0007927070947284979,
      0.0007927070947284979,
      0.003963535473642489,
      0.0027744748315497426,
      0.005945303210463734,
      0.005152596115735236,
      0.004359889021006738,
      0.007134363852556481,
      0.003963535473642489,
      0.005548949663099485,
      0.01109789932619897,
      0.008719778042013475,
      0.008719778042013475,
      0.009512485136741973,
      0.0075307173999207295,
      0.01070154577883472,
      0.011494252873563218,
      0.008719778042013475,
      0.009116131589377725,
      0.009908838684106223,
      0.010305192231470472,
      0.009512485136741973,
      1.0,
      0.03170828378913991,
      0.020214030915576695,
      0.030915576694411414,
      0.027744748315497423,
      0.011890606420927468,
      0.027744748315497423,
      0.005548949663099485
    ],
    [
      0.0075307173999207295,
      0.007134363852556481,
      0.005945303210463734,
      0.008719778042013475,
      0.005945303210463734,
      0.009908838684106223,
      0.005945303210463734,
      0.007927070947284977,
      0.0075307173999207295,
      0.0027744748315497426,
      0.00039635354736424893,
      0.0031708283789139914,
      0.00039635354736424893,
      0.005548949663099485,
      0.009908838684106223,
      0.006341656757827983,
      0.003963535473642489,
      0.0027744748315497426,
      0.005548949663099485,
      0.010305192231470472,
      0.01109789932619897,
      0.01109789932619897,
      0.005945303210463734,
      0.008719778042013475,
      0.0047562425683709865,
      0.009512485136741973,
      0.007927070947284977,
      0.014268727705112961,
      0.013476020610384463,
      0.01466508125247721,
      0.013872374157748711,
      0.03170828378913991,
      1.0,
      0.5655965120887831,
      0.4470868014268728,
      0.051525961157352355,
      0.008323424494649227,
      0.06500198176773682,
      0.11216805390408244
    ],
    [
      0.006738010305192232,
      0.009512485136741973,
      0.007927070947284977,
      0.009512485136741973,
      0.005152596115735236,
      0.011494252873563218,
      0.005945303210463734,
      0.008719778042013475,
      0.0035671819262782403,
      0.0035671819262782403,
      0.0007927070947284979,
      0.0019817677368212444,
      0.0011890606420927466,
      0.003963535473642489,
      0.01070154577883472,
      0.005152596115735236,
      0.005152596115735236,
      0.0019817677368212444,
      0.005152596115735236,
      0.007134363852556481,
      0.013872374157748711,
      0.007927070947284977,
      0.005945303210463734,
      0.005945303210463734,
      0.005548949663099485,
      0.007134363852556481,
      0.008719778042013475,
      0.013476020610384463,
      0.013079667063020214,
      0.013872374157748711,
      0.009512485136741973,
      0.020214030915576695,
      0.5655965120887831,
      1.0,
      0.4990091161315894,
      0.04558065794688863,
      0.009116131589377725,
      0.07094728497820056,
      0.1256440745144669
    ],
    [
      0.0031708283789139914,
      0.005152596115735236,
      0.004359889021006738,
      0.005548949663099485,
      0.0031708283789139914,
      0.010305192231470472,
      0.005945303210463734,
      0.007927070947284977,
      0.0023781212841854932,
      0.0031708283789139914,
      0.00039635354736424893,
      0.0023781212841854932,
      0.00039635354736424893,
      0.0031708283789139914,
      0.006341656757827983,
      0.0035671819262782403,
      0.003963535473642489,
      0.0011890606420927466,
      0.003963535473642489,
      0.004359889021006738,
      0.013872374157748711,
      0.007927070947284977,
      0.005152596115735236,
      0.003963535473642489,
      0.003963535473642489,
      0.004359889021006738,
      0.005945303210463734,
      0.015854141894569955,
      0.011890606420927468,
      0.016250495441934205,
      0.0075307173999207295,
      0.030915576694411414,
      0.4470868014268728,
      0.4990091161315894,
      1.0,
      0.052318668252080855,
      0.008323424494649227,
      0.0729290527150218,
      0.1466508125247721
    ],
    [
      0.0019817677368212444,
      0.0007927070947284979,
      0.0007927070947284979,
      0.0031708283789139914,
      0.0035671819262782403,
      0.009512485136741973,
      0.007134363852556481,
      0.01070154577883472,
      0.0011890606420927466,
      0.00039635354736424893,
      0.00039635354736424893,
      0.0031708283789139914,
      0.0011890606420927466,
      0.0015854141894569957,
      0.0027744748315497426,
      0.0023781212841854932,
      0.0027744748315497426,
      0.0011890606420927466,
      0.0011890606420927466,
      0.0015854141894569957,
      0.013079667063020214,
      0.0031708283789139914,
      0.0023781212841854932,
      0.0015854141894569957,
      0.0019817677368212444,
      0.01823226317875545,
      0.02140309155766944,
      0.006341656757827983,
      0.005945303210463734,
      0.009116131589377725,
      0.005945303210463734,
      0.027744748315497423,
      0.051525961157352355,
      0.04558065794688863,
      0.052318668252080855,
      1.0,
      0.006341656757827983,
      0.010305192231470472,
      0.012286959968291716
    ],
    [
      0.005152596115735236,
      0.005945303210463734,
      0.004359889021006738,
      0.006738010305192232,
      0.005548949663099485,
      0.005152596115735236,
      0.006738010305192232,
      0.0031708283789139914,
      0.003963535473642489,
      0.003963535473642489,
