{
  "model": "mistralai/Mistral-Small-24B-Instruct-2501",
  "sign": "positive",
  "percentage": 5.0,
  "component": "neurons",
  "tasks": [
    "MD/add_sub_2op_symbolic",
    "MD/add_sub_2op_verbal",
    "MD/add_sub_3op_symbolic",
    "MD/add_sub_3op_verbal",
    "MD/code_A",
    "MD/code_B",
    "MD/code_conditional",
    "MD/code_list",
    "MD/code_loop",
    "MD/logic_propositional_1",
    "MD/logic_propositional_symbolic",
    "MD/logic_syllogism_1",
    "MD/logic_syllogism_symbolic",
    "MD/mul_div_2op_symbolic",
    "MD/mul_div_2op_verbal",
    "MD/number_sorting",
    "ToM/agent",
    "ToM/desires_goals",
    "ToM/emotion_fewshot",
    "ToM/norm_appropriate",
    "ToM/norm_moral",
    "ToM/primary_emotions",
    "ToM/social_interactions",
    "ToM/social_relations",
    "phys/phys_newton",
    "phys/phys_prost",
    "phys/physics_brightness",
    "phys/physics_elasticity",
    "phys/physics_solubility",
    "phys/physics_speed",
    "phys/physics_stability",
    "phys/physics_temperature",
    "Lan/anaphor_gender_agreement",
    "Lan/det_noun_agreement_irregular",
    "Lan/det_noun_agreement_regular",
    "Lan/det_noun_agreement_with_adjective",
    "Lan/hypernymy",
    "Lan/npi",
    "Lan/subject_verb_agreement",
    "Lan/wug"
  ],
  "overlap_matrix": [
    [
      1.0,
      0.161041259765625,
      0.188140869140625,
      0.1149444580078125,
      0.158233642578125,
      0.1302490234375,
      0.1225738525390625,
      0.1274871826171875,
      0.1417236328125,
      0.0663299560546875,
      0.070159912109375,
      0.105316162109375,
      0.078216552734375,
      0.334808349609375,
      0.138671875,
      0.1108551025390625,
      0.086639404296875,
      0.0709228515625,
      0.1221466064453125,
      0.1158447265625,
      0.1184539794921875,
      0.0811309814453125,
      0.0919189453125,
      0.09326171875,
      0.085845947265625,
      0.0991668701171875,
      0.124298095703125,
      0.1272735595703125,
      0.119873046875,
      0.12554931640625,
      0.1203460693359375,
      0.1225433349609375,
      0.0849456787109375,
      0.0977020263671875,
      0.095001220703125,
      0.0851287841796875,
      0.084442138671875,
      0.0764312744140625,
      0.080078125,
      0.1011199951171875
    ],
    [
      0.161041259765625,
      1.0,
      0.1484832763671875,
      0.200775146484375,
      0.1411285400390625,
      0.135223388671875,
      0.12579345703125,
      0.13287353515625,
      0.11572265625,
      0.08056640625,
      0.0815582275390625,
      0.110565185546875,
      0.08636474609375,
      0.16033935546875,
      0.2323455810546875,
      0.1038818359375,
      0.0970458984375,
      0.0804290771484375,
      0.117034912109375,
      0.11260986328125,
      0.1139068603515625,
      0.08660888671875,
      0.0992889404296875,
      0.099212646484375,
      0.1132354736328125,
      0.121978759765625,
      0.1118011474609375,
      0.117401123046875,
      0.11602783203125,
      0.1191864013671875,
      0.1147918701171875,
      0.1187896728515625,
      0.0786590576171875,
      0.08843994140625,
      0.0876312255859375,
      0.0797882080078125,
      0.081939697265625,
      0.0744781494140625,
      0.0746002197265625,
      0.10162353515625
    ],
    [
      0.188140869140625,
      0.1484832763671875,
      1.0,
      0.131195068359375,
      0.1326446533203125,
      0.1095733642578125,
      0.1044921875,
      0.1032257080078125,
      0.134674072265625,
      0.08941650390625,
      0.0895843505859375,
      0.106536865234375,
      0.095428466796875,
      0.194000244140625,
      0.1392364501953125,
      0.1100006103515625,
      0.104217529296875,
      0.0931396484375,
      0.094482421875,
      0.09722900390625,
      0.0996551513671875,
      0.102630615234375,
      0.10693359375,
      0.10614013671875,
      0.0977935791015625,
      0.098052978515625,
      0.097564697265625,
      0.0956878662109375,
      0.097808837890625,
      0.098052978515625,
      0.0984039306640625,
      0.09405517578125,
      0.0720367431640625,
      0.078643798828125,
      0.0797882080078125,
      0.072967529296875,
      0.0710296630859375,
      0.07568359375,
      0.06768798828125,
      0.0782318115234375
    ],
    [
      0.1149444580078125,
      0.200775146484375,
      0.131195068359375,
      1.0,
      0.110321044921875,
      0.0968780517578125,
      0.0929412841796875,
      0.0914459228515625,
      0.1044464111328125,
      0.0885772705078125,
      0.08990478515625,
      0.096893310546875,
      0.0935821533203125,
      0.1094207763671875,
      0.1767730712890625,
      0.094482421875,
      0.0952911376953125,
      0.0925140380859375,
      0.08526611328125,
      0.08953857421875,
      0.0908966064453125,
      0.09393310546875,
      0.0993804931640625,
      0.0983123779296875,
      0.1027984619140625,
      0.1014556884765625,
      0.0851898193359375,
      0.084686279296875,
      0.0902099609375,
      0.0907135009765625,
      0.088653564453125,
      0.0859832763671875,
      0.06451416015625,
      0.068756103515625,
      0.069580078125,
      0.063079833984375,
      0.06201171875,
      0.068511962890625,
      0.0606842041015625,
      0.0715179443359375
    ],
    [
      0.158233642578125,
      0.1411285400390625,
      0.1326446533203125,
      0.110321044921875,
      1.0,
      0.2080535888671875,
      0.444580078125,
      0.1913909912109375,
      0.291168212890625,
      0.08526611328125,
      0.0692138671875,
      0.1511993408203125,
      0.093780517578125,
      0.14892578125,
      0.13067626953125,
      0.108367919921875,
      0.09466552734375,
      0.07623291015625,
      0.1215057373046875,
      0.12005615234375,
      0.1263885498046875,
      0.0956573486328125,
      0.1024932861328125,
      0.1011810302734375,
      0.13323974609375,
      0.14556884765625,
      0.1187591552734375,
      0.1204376220703125,
      0.11834716796875,
      0.1252593994140625,
      0.1256561279296875,
      0.115631103515625,
      0.080810546875,
      0.092376708984375,
      0.091583251953125,
      0.08477783203125,
      0.0836029052734375,
      0.07647705078125,
      0.0780487060546875,
      0.110137939453125
    ],
    [
      0.1302490234375,
      0.135223388671875,
      0.1095733642578125,
      0.0968780517578125,
      0.2080535888671875,
      1.0,
      0.2454071044921875,
      0.4625244140625,
      0.10614013671875,
      0.0907135009765625,
      0.0736541748046875,
      0.1248626708984375,
      0.099853515625,
      0.1280364990234375,
      0.12554931640625,
      0.1074676513671875,
      0.1007843017578125,
      0.0751953125,
      0.1304779052734375,
      0.1241912841796875,
      0.12847900390625,
      0.0886993408203125,
      0.10650634765625,
      0.110809326171875,
      0.1876220703125,
      0.20977783203125,
      0.1320037841796875,
      0.135345458984375,
      0.1310882568359375,
      0.124847412109375,
      0.130645751953125,
      0.1277313232421875,
      0.087066650390625,
      0.1079254150390625,
      0.108367919921875,
      0.10723876953125,
      0.11181640625,
      0.0789794921875,
      0.0897979736328125,
      0.1463165283203125
    ],
    [
      0.1225738525390625,
      0.12579345703125,
      0.1044921875,
      0.0929412841796875,
      0.444580078125,
      0.2454071044921875,
      1.0,
      0.233917236328125,
      0.1013336181640625,
      0.0857696533203125,
      0.0692596435546875,
      0.157928466796875,
      0.0925750732421875,
      0.1199798583984375,
      0.1143951416015625,
      0.1004791259765625,
      0.0951080322265625,
      0.0700836181640625,
      0.135284423828125,
      0.13006591796875,
      0.13470458984375,
      0.0855255126953125,
      0.1010284423828125,
      0.0992279052734375,
      0.1493377685546875,
      0.167510986328125,
      0.12994384765625,
      0.1337432861328125,
      0.1243438720703125,
      0.1306304931640625,
      0.1355743408203125,
      0.125091552734375,
      0.08367919921875,
      0.1020965576171875,
      0.09906005859375,
      0.0961456298828125,
      0.098388671875,
      0.0796051025390625,
      0.0844879150390625,
      0.1311492919921875
    ],
    [
      0.1274871826171875,
      0.13287353515625,
      0.1032257080078125,
      0.0914459228515625,
      0.1913909912109375,
      0.4625244140625,
      0.233917236328125,
      1.0,
      0.094268798828125,
      0.0828704833984375,
      0.06817626953125,
      0.1190948486328125,
      0.0932159423828125,
      0.1279449462890625,
      0.1224212646484375,
      0.10260009765625,
      0.0938720703125,
      0.0684814453125,
      0.13885498046875,
      0.128662109375,
      0.1339874267578125,
      0.08038330078125,
      0.1006317138671875,
      0.105072021484375,
      0.1785430908203125,
      0.2087249755859375,
      0.136993408203125,
      0.1443634033203125,
      0.138671875,
      0.1316680908203125,
      0.13677978515625,
      0.13800048828125,
      0.0912628173828125,
      0.112640380859375,
      0.11004638671875,
      0.109039306640625,
      0.1170654296875,
      0.0767974853515625,
      0.0919036865234375,
      0.1480560302734375
    ],
    [
      0.1417236328125,
      0.11572265625,
      0.134674072265625,
      0.1044464111328125,
      0.291168212890625,
      0.10614013671875,
      0.1013336181640625,
      0.094268798828125,
      1.0,
      0.0621795654296875,
      0.0592498779296875,
      0.104888916015625,
      0.071197509765625,
      0.1344451904296875,
      0.1148529052734375,
      0.0984039306640625,
      0.0775909423828125,
      0.078521728515625,
      0.090362548828125,
      0.0881500244140625,
      0.0956268310546875,
      0.0981292724609375,
      0.083099365234375,
      0.0867462158203125,
      0.062347412109375,
      0.07208251953125,
      0.09759521484375,
      0.0909271240234375,
      0.0924224853515625,
      0.09478759765625,
      0.0953826904296875,
      0.094146728515625,
      0.0708465576171875,
      0.0778961181640625,
      0.0769805908203125,
      0.066619873046875,
      0.069732666015625,
      0.0664520263671875,
      0.06439208984375,
      0.072052001953125
    ],
    [
      0.0663299560546875,
      0.08056640625,
      0.08941650390625,
      0.0885772705078125,
      0.08526611328125,
      0.0907135009765625,
      0.0857696533203125,
      0.0828704833984375,
      0.0621795654296875,
      1.0,
      0.1396942138671875,
      0.0992889404296875,
      0.2369537353515625,
      0.059844970703125,
      0.08648681640625,
      0.0902862548828125,
      0.1296234130859375,
      0.1175079345703125,
      0.0475311279296875,
      0.069580078125,
      0.0618743896484375,
      0.1109619140625,
      0.124786376953125,
      0.1197967529296875,
      0.1943206787109375,
      0.15582275390625,
      0.040618896484375,
      0.039825439453125,
      0.053192138671875,
      0.0525054931640625,
      0.057037353515625,
      0.0405426025390625,
      0.05047607421875,
      0.0513916015625,
      0.0569610595703125,
      0.0638580322265625,
      0.0513458251953125,
      0.082611083984375,
      0.048736572265625,
      0.0590362548828125
    ],
    [
      0.070159912109375,
      0.0815582275390625,
      0.0895843505859375,
      0.08990478515625,
      0.0692138671875,
      0.0736541748046875,
      0.0692596435546875,
      0.06817626953125,
      0.0592498779296875,
      0.1396942138671875,
      1.0,
      0.08685302734375,
      0.1375579833984375,
      0.0652313232421875,
      0.0887908935546875,
      0.086700439453125,
      0.12969970703125,
      0.11083984375,
      0.0586395263671875,
      0.0729827880859375,
      0.0709991455078125,
      0.10400390625,
      0.1260833740234375,
      0.1123046875,
      0.1282958984375,
      0.11334228515625,
      0.0533294677734375,
      0.0519866943359375,
      0.065582275390625,
      0.063262939453125,
      0.0654144287109375,
      0.05426025390625,
      0.0511627197265625,
      0.0542449951171875,
      0.0561065673828125,
      0.06005859375,
      0.050018310546875,
      0.075103759765625,
      0.052215576171875,
      0.058319091796875
    ],
    [
      0.105316162109375,
      0.110565185546875,
      0.106536865234375,
      0.096893310546875,
      0.1511993408203125,
      0.1248626708984375,
      0.157928466796875,
      0.1190948486328125,
      0.104888916015625,
      0.0992889404296875,
      0.08685302734375,
      1.0,
      0.1005706787109375,
      0.10296630859375,
      0.105133056640625,
      0.100250244140625,
      0.11700439453125,
      0.0901031494140625,
      0.1009979248046875,
      0.1093597412109375,
      0.1114501953125,
      0.104339599609375,
      0.115081787109375,
      0.112823486328125,
      0.122344970703125,
      0.13043212890625,
      0.0974578857421875,
      0.09808349609375,
      0.0993804931640625,
      0.1056976318359375,
      0.1076812744140625,
      0.09185791015625,
      0.0699310302734375,
      0.080474853515625,
      0.0815277099609375,
      0.076019287109375,
      0.07427978515625,
      0.0811920166015625,
      0.0675811767578125,
      0.088958740234375
    ],
    [
      0.078216552734375,
      0.08636474609375,
      0.095428466796875,
      0.0935821533203125,
      0.093780517578125,
      0.099853515625,
      0.0925750732421875,
      0.0932159423828125,
      0.071197509765625,
      0.2369537353515625,
      0.1375579833984375,
      0.1005706787109375,
      1.0,
      0.0700531005859375,
      0.09271240234375,
      0.0947113037109375,
      0.120208740234375,
      0.1052093505859375,
      0.057464599609375,
      0.0737152099609375,
      0.0706634521484375,
      0.1040496826171875,
      0.1199188232421875,
      0.1136016845703125,
      0.1833648681640625,
      0.1505584716796875,
      0.0552520751953125,
      0.0532379150390625,
      0.06231689453125,
      0.06463623046875,
      0.066009521484375,
      0.053802490234375,
      0.0533905029296875,
      0.05487060546875,
      0.059051513671875,
      0.0612335205078125,
      0.0545501708984375,
      0.0763702392578125,
      0.052490234375,
      0.0634613037109375
    ],
    [
      0.334808349609375,
      0.16033935546875,
      0.194000244140625,
      0.1094207763671875,
      0.14892578125,
      0.1280364990234375,
      0.1199798583984375,
      0.1279449462890625,
      0.1344451904296875,
      0.059844970703125,
      0.0652313232421875,
      0.10296630859375,
      0.0700531005859375,
      1.0,
      0.155548095703125,
      0.1076202392578125,
      0.082977294921875,
      0.0682830810546875,
      0.12432861328125,
      0.1182403564453125,
      0.11962890625,
      0.0778045654296875,
      0.088531494140625,
      0.09124755859375,
      0.0833740234375,
      0.0941162109375,
      0.126068115234375,
      0.1311187744140625,
      0.1254425048828125,
      0.12652587890625,
      0.1212921142578125,
      0.1290740966796875,
      0.087493896484375,
      0.100616455078125,
      0.0960540771484375,
      0.08740234375,
      0.0899810791015625,
      0.0752410888671875,
      0.082427978515625,
      0.104766845703125
    ],
    [
      0.138671875,
      0.2323455810546875,
      0.1392364501953125,
      0.1767730712890625,
      0.13067626953125,
      0.12554931640625,
      0.1143951416015625,
      0.1224212646484375,
      0.1148529052734375,
      0.08648681640625,
      0.0887908935546875,
      0.105133056640625,
      0.09271240234375,
      0.155548095703125,
      1.0,
      0.1016845703125,
      0.1016998291015625,
      0.0899658203125,
      0.106353759765625,
      0.105010986328125,
      0.108001708984375,
      0.0933380126953125,
      0.10443115234375,
      0.1012115478515625,
      0.11572265625,
      0.1165313720703125,
      0.1034088134765625,
      0.107391357421875,
      0.108184814453125,
      0.108673095703125,
      0.1045989990234375,
      0.1060791015625,
      0.073150634765625,
      0.08392333984375,
      0.084930419921875,
      0.0753173828125,
      0.07659912109375,
      0.075164794921875,
      0.071380615234375,
      0.0945587158203125
    ],
    [
      0.1108551025390625,
      0.1038818359375,
      0.1100006103515625,
      0.094482421875,
      0.108367919921875,
      0.1074676513671875,
      0.1004791259765625,
      0.10260009765625,
      0.0984039306640625,
      0.0902862548828125,
      0.086700439453125,
      0.100250244140625,
      0.0947113037109375,
      0.1076202392578125,
      0.1016845703125,
      1.0,
      0.10125732421875,
      0.0861663818359375,
      0.09210205078125,
      0.0978240966796875,
      0.096099853515625,
      0.0939483642578125,
      0.099822998046875,
      0.0994110107421875,
      0.100311279296875,
      0.1024627685546875,
      0.09307861328125,
      0.0906524658203125,
      0.091888427734375,
      0.0968475341796875,
      0.09564208984375,
      0.090362548828125,
      0.071685791015625,
      0.0794677734375,
      0.079498291015625,
      0.0753326416015625,
      0.0727691650390625,
      0.0774078369140625,
      0.070648193359375,
      0.0831146240234375
    ],
    [
      0.086639404296875,
      0.0970458984375,
      0.104217529296875,
      0.0952911376953125,
      0.09466552734375,
      0.1007843017578125,
      0.0951080322265625,
      0.0938720703125,
      0.0775909423828125,
      0.1296234130859375,
      0.12969970703125,
      0.11700439453125,
      0.120208740234375,
      0.082977294921875,
      0.1016998291015625,
      0.10125732421875,
      1.0,
      0.1429443359375,
      0.078704833984375,
      0.0997467041015625,
      0.0986328125,
      0.1629638671875,
      0.240753173828125,
      0.2835693359375,
      0.1376800537109375,
      0.1304779052734375,
      0.074554443359375,
      0.0713653564453125,
      0.083831787109375,
      0.08697509765625,
      0.086578369140625,
      0.0698699951171875,
      0.0629119873046875,
      0.072509765625,
      0.0763092041015625,
      0.0760040283203125,
      0.062225341796875,
      0.089111328125,
      0.0622406005859375,
      0.0709381103515625
    ],
    [
      0.0709228515625,
      0.0804290771484375,
      0.0931396484375,
      0.0925140380859375,
      0.07623291015625,
      0.0751953125,
      0.0700836181640625,
      0.0684814453125,
      0.078521728515625,
      0.1175079345703125,
      0.11083984375,
      0.0901031494140625,
      0.1052093505859375,
      0.0682830810546875,
      0.0899658203125,
      0.0861663818359375,
      0.1429443359375,
      1.0,
      0.061431884765625,
      0.0751800537109375,
      0.0744781494140625,
      0.1648406982421875,
      0.1402587890625,
      0.12799072265625,
      0.10992431640625,
      0.1021575927734375,
      0.0587921142578125,
      0.0532684326171875,
      0.0679168701171875,
      0.06707763671875,
      0.0671539306640625,
      0.055419921875,
      0.0565185546875,
      0.0583953857421875,
      0.0613861083984375,
      0.063232421875,
      0.05377197265625,
      0.0772552490234375,
      0.0552978515625,
      0.055938720703125
    ],
    [
      0.1221466064453125,
      0.117034912109375,
      0.094482421875,
      0.08526611328125,
      0.1215057373046875,
      0.1304779052734375,
      0.135284423828125,
      0.13885498046875,
      0.090362548828125,
      0.0475311279296875,
      0.0586395263671875,
      0.1009979248046875,
      0.057464599609375,
      0.12432861328125,
      0.106353759765625,
      0.09210205078125,
      0.078704833984375,
      0.061431884765625,
      1.0,
      0.1776275634765625,
      0.1718292236328125,
      0.0861358642578125,
      0.0856170654296875,
      0.087310791015625,
      0.0891876220703125,
      0.1074066162109375,
      0.1548309326171875,
      0.1597137451171875,
      0.153778076171875,
      0.17059326171875,
      0.1715850830078125,
      0.1542205810546875,
      0.0888214111328125,
      0.104339599609375,
      0.098663330078125,
      0.09429931640625,
      0.1043548583984375,
      0.071868896484375,
      0.0878143310546875,
      0.1166229248046875
    ],
    [
      0.1158447265625,
      0.11260986328125,
      0.09722900390625,
      0.08953857421875,
      0.12005615234375,
      0.1241912841796875,
      0.13006591796875,
      0.128662109375,
      0.0881500244140625,
      0.069580078125,
      0.0729827880859375,
      0.1093597412109375,
      0.0737152099609375,
      0.1182403564453125,
      0.105010986328125,
      0.0978240966796875,
      0.0997467041015625,
      0.0751800537109375,
      0.1776275634765625,
      1.0,
      0.21435546875,
      0.0947418212890625,
      0.10748291015625,
      0.100830078125,
      0.1030120849609375,
      0.11285400390625,
      0.1368255615234375,
      0.14056396484375,
      0.1413726806640625,
      0.1536712646484375,
      0.208709716796875,
      0.1363983154296875,
      0.0823516845703125,
      0.1003875732421875,
      0.0964508056640625,
      0.0901641845703125,
      0.090057373046875,
      0.0801544189453125,
      0.08685302734375,
      0.110260009765625
    ],
    [
      0.1184539794921875,
      0.1139068603515625,
      0.0996551513671875,
      0.0908966064453125,
      0.1263885498046875,
      0.12847900390625,
      0.13470458984375,
      0.1339874267578125,
      0.0956268310546875,
      0.0618743896484375,
      0.0709991455078125,
      0.1114501953125,
      0.0706634521484375,
      0.11962890625,
      0.108001708984375,
      0.096099853515625,
      0.0986328125,
      0.0744781494140625,
      0.1718292236328125,
      0.21435546875,
      1.0,
      0.0949554443359375,
      0.1081085205078125,
      0.097900390625,
      0.0992584228515625,
      0.111114501953125,
      0.1434783935546875,
      0.1507415771484375,
      0.150665283203125,
      0.16009521484375,
      0.19244384765625,
      0.1526947021484375,
      0.08447265625,
      0.0979156494140625,
      0.0947113037109375,
      0.0887603759765625,
      0.0963592529296875,
      0.074859619140625,
      0.0832977294921875,
      0.109527587890625
    ],
    [
      0.0811309814453125,
      0.08660888671875,
      0.102630615234375,
      0.09393310546875,
      0.0956573486328125,
      0.0886993408203125,
      0.0855255126953125,
      0.08038330078125,
      0.0981292724609375,
      0.1109619140625,
      0.10400390625,
      0.104339599609375,
      0.1040496826171875,
      0.0778045654296875,
      0.0933380126953125,
      0.0939483642578125,
      0.1629638671875,
      0.1648406982421875,
      0.0861358642578125,
      0.0947418212890625,
      0.0949554443359375,
      1.0,
      0.15380859375,
      0.1442718505859375,
      0.109039306640625,
      0.10546875,
      0.072509765625,
      0.069793701171875,
      0.0791778564453125,
      0.0805816650390625,
      0.083404541015625,
      0.0669403076171875,
      0.0621185302734375,
      0.06744384765625,
      0.069122314453125,
      0.06982421875,
      0.061004638671875,
      0.0793609619140625,
      0.05767822265625,
      0.063812255859375
    ],
    [
      0.0919189453125,
      0.0992889404296875,
      0.10693359375,
      0.0993804931640625,
      0.1024932861328125,
      0.10650634765625,
      0.1010284423828125,
      0.1006317138671875,
      0.083099365234375,
      0.124786376953125,
      0.1260833740234375,
      0.115081787109375,
      0.1199188232421875,
      0.088531494140625,
      0.10443115234375,
      0.099822998046875,
      0.240753173828125,
      0.1402587890625,
      0.0856170654296875,
      0.10748291015625,
      0.1081085205078125,
      0.15380859375,
      1.0,
      0.177032470703125,
      0.1364898681640625,
      0.132171630859375,
      0.08099365234375,
      0.0792083740234375,
      0.0908355712890625,
      0.08966064453125,
      0.0955810546875,
      0.0774078369140625,
      0.0654296875,
      0.0760650634765625,
      0.07818603515625,
      0.07733154296875,
      0.0644378662109375,
      0.087860107421875,
      0.0657806396484375,
      0.07470703125
    ],
    [
      0.09326171875,
      0.099212646484375,
      0.10614013671875,
      0.0983123779296875,
      0.1011810302734375,
      0.110809326171875,
      0.0992279052734375,
      0.105072021484375,
      0.0867462158203125,
      0.1197967529296875,
      0.1123046875,
      0.112823486328125,
      0.1136016845703125,
      0.09124755859375,
      0.1012115478515625,
      0.0994110107421875,
      0.2835693359375,
      0.12799072265625,
      0.087310791015625,
      0.100830078125,
      0.097900390625,
      0.1442718505859375,
      0.177032470703125,
      1.0,
      0.1327056884765625,
      0.1269378662109375,
      0.085662841796875,
      0.081817626953125,
      0.08856201171875,
      0.0923004150390625,
      0.0913848876953125,
      0.0809783935546875,
      0.0689544677734375,
      0.079132080078125,
      0.08154296875,
      0.07904052734375,
      0.0673065185546875,
      0.087738037109375,
      0.0659637451171875,
      0.0783538818359375
    ],
    [
      0.085845947265625,
      0.1132354736328125,
      0.0977935791015625,
      0.1027984619140625,
      0.13323974609375,
      0.1876220703125,
      0.1493377685546875,
      0.1785430908203125,
      0.062347412109375,
      0.1943206787109375,
      0.1282958984375,
      0.122344970703125,
      0.1833648681640625,
      0.0833740234375,
      0.11572265625,
      0.100311279296875,
      0.1376800537109375,
      0.10992431640625,
      0.0891876220703125,
      0.1030120849609375,
      0.0992584228515625,
      0.109039306640625,
      0.1364898681640625,
      0.1327056884765625,
      1.0,
      0.388671875,
      0.080718994140625,
      0.0835418701171875,
      0.092498779296875,
      0.0893402099609375,
      0.0962066650390625,
      0.0809783935546875,
      0.0658416748046875,
      0.0711212158203125,
      0.07464599609375,
      0.0816802978515625,
      0.0831451416015625,
      0.0815277099609375,
      0.06341552734375,
      0.1007843017578125
    ],
    [
      0.0991668701171875,
      0.121978759765625,
      0.098052978515625,
      0.1014556884765625,
      0.14556884765625,
      0.20977783203125,
      0.167510986328125,
      0.2087249755859375,
      0.07208251953125,
      0.15582275390625,
      0.11334228515625,
      0.13043212890625,
      0.1505584716796875,
      0.0941162109375,
      0.1165313720703125,
      0.1024627685546875,
      0.1304779052734375,
      0.1021575927734375,
      0.1074066162109375,
      0.11285400390625,
      0.111114501953125,
      0.10546875,
      0.132171630859375,
      0.1269378662109375,
      0.388671875,
      1.0,
      0.100616455078125,
      0.1054229736328125,
      0.1071319580078125,
      0.1063995361328125,
      0.112762451171875,
      0.0999755859375,
      0.0719146728515625,
      0.082244873046875,
      0.0841522216796875,
      0.090301513671875,
      0.0979156494140625,
      0.078948974609375,
      0.0686798095703125,
      0.11322021484375
    ],
    [
      0.124298095703125,
      0.1118011474609375,
      0.097564697265625,
      0.0851898193359375,
      0.1187591552734375,
      0.1320037841796875,
      0.12994384765625,
      0.136993408203125,
      0.09759521484375,
      0.040618896484375,
      0.0533294677734375,
      0.0974578857421875,
      0.0552520751953125,
      0.126068115234375,
      0.1034088134765625,
      0.09307861328125,
      0.074554443359375,
      0.0587921142578125,
      0.1548309326171875,
      0.1368255615234375,
      0.1434783935546875,
      0.072509765625,
      0.08099365234375,
      0.085662841796875,
      0.080718994140625,
      0.100616455078125,
      1.0,
      0.1644744873046875,
      0.15765380859375,
      0.1602020263671875,
      0.149688720703125,
      0.1585845947265625,
      0.0884246826171875,
      0.1059112548828125,
      0.1002349853515625,
      0.092559814453125,
      0.104583740234375,
      0.0694732666015625,
      0.0878143310546875,
      0.1182403564453125
    ],
    [
      0.1272735595703125,
      0.117401123046875,
      0.0956878662109375,
      0.084686279296875,
      0.1204376220703125,
      0.135345458984375,
      0.1337432861328125,
      0.1443634033203125,
      0.0909271240234375,
      0.039825439453125,
      0.0519866943359375,
      0.09808349609375,
      0.0532379150390625,
      0.1311187744140625,
      0.107391357421875,
      0.0906524658203125,
      0.0713653564453125,
      0.0532684326171875,
      0.1597137451171875,
      0.14056396484375,
      0.1507415771484375,
      0.069793701171875,
      0.0792083740234375,
      0.081817626953125,
      0.0835418701171875,
      0.1054229736328125,
      0.1644744873046875,
      1.0,
      0.1622772216796875,
      0.1619720458984375,
      0.1622161865234375,
      0.17138671875,
      0.0912322998046875,
      0.1123504638671875,
      0.107391357421875,
      0.096466064453125,
      0.1068115234375,
      0.0708770751953125,
      0.0931396484375,
      0.1267547607421875
    ],
    [
      0.119873046875,
      0.11602783203125,
      0.097808837890625,
      0.0902099609375,
      0.11834716796875,
      0.1310882568359375,
      0.1243438720703125,
      0.138671875,
      0.0924224853515625,
      0.053192138671875,
      0.065582275390625,
      0.0993804931640625,
      0.06231689453125,
      0.1254425048828125,
      0.108184814453125,
      0.091888427734375,
      0.083831787109375,
      0.0679168701171875,
      0.153778076171875,
      0.1413726806640625,
      0.150665283203125,
      0.0791778564453125,
      0.0908355712890625,
      0.08856201171875,
      0.092498779296875,
      0.1071319580078125,
      0.15765380859375,
      0.1622772216796875,
      1.0,
      0.16851806640625,
      0.1515960693359375,
      0.1838531494140625,
      0.085479736328125,
      0.1046142578125,
      0.0993499755859375,
      0.0918731689453125,
      0.100921630859375,
      0.07391357421875,
      0.0899200439453125,
      0.1173095703125
    ],
    [
      0.12554931640625,
      0.1191864013671875,
      0.098052978515625,
      0.0907135009765625,
      0.1252593994140625,
      0.124847412109375,
      0.1306304931640625,
      0.1316680908203125,
      0.09478759765625,
      0.0525054931640625,
      0.063262939453125,
      0.1056976318359375,
      0.06463623046875,
      0.12652587890625,
      0.108673095703125,
      0.0968475341796875,
      0.08697509765625,
      0.06707763671875,
      0.17059326171875,
      0.1536712646484375,
      0.16009521484375,
      0.0805816650390625,
      0.08966064453125,
      0.0923004150390625,
      0.0893402099609375,
      0.1063995361328125,
      0.1602020263671875,
      0.1619720458984375,
      0.16851806640625,
      1.0,
      0.173370361328125,
      0.16033935546875,
      0.0870208740234375,
      0.10125732421875,
      0.09710693359375,
      0.0880126953125,
      0.1021270751953125,
      0.0739593505859375,
      0.0836334228515625,
      0.1076507568359375
    ],
    [
      0.1203460693359375,
      0.1147918701171875,
      0.0984039306640625,
      0.088653564453125,
      0.1256561279296875,
      0.130645751953125,
      0.1355743408203125,
      0.13677978515625,
      0.0953826904296875,
      0.057037353515625,
      0.0654144287109375,
      0.1076812744140625,
      0.066009521484375,
      0.1212921142578125,
      0.1045989990234375,
      0.09564208984375,
      0.086578369140625,
      0.0671539306640625,
      0.1715850830078125,
      0.208709716796875,
      0.19244384765625,
      0.083404541015625,
      0.0955810546875,
      0.0913848876953125,
      0.0962066650390625,
      0.112762451171875,
      0.149688720703125,
      0.1622161865234375,
      0.1515960693359375,
      0.173370361328125,
      1.0,
      0.1500396728515625,
      0.0864715576171875,
      0.10150146484375,
      0.0984039306640625,
      0.0906982421875,
      0.0994415283203125,
      0.0756072998046875,
      0.0842437744140625,
      0.1125640869140625
    ],
    [
      0.1225433349609375,
      0.1187896728515625,
      0.09405517578125,
      0.0859832763671875,
      0.115631103515625,
      0.1277313232421875,
      0.125091552734375,
      0.13800048828125,
      0.094146728515625,
      0.0405426025390625,
      0.05426025390625,
      0.09185791015625,
      0.053802490234375,
      0.1290740966796875,
      0.1060791015625,
      0.090362548828125,
      0.0698699951171875,
      0.055419921875,
      0.1542205810546875,
      0.1363983154296875,
      0.1526947021484375,
      0.0669403076171875,
      0.0774078369140625,
      0.0809783935546875,
      0.0809783935546875,
      0.0999755859375,
      0.1585845947265625,
      0.17138671875,
      0.1838531494140625,
      0.16033935546875,
      0.1500396728515625,
      1.0,
      0.0900115966796875,
      0.106414794921875,
      0.1014251708984375,
      0.09130859375,
      0.1038818359375,
      0.0697784423828125,
      0.0891265869140625,
      0.118438720703125
    ],
    [
      0.0849456787109375,
      0.0786590576171875,
      0.0720367431640625,
      0.06451416015625,
      0.080810546875,
      0.087066650390625,
      0.08367919921875,
      0.0912628173828125,
      0.0708465576171875,
      0.05047607421875,
      0.0511627197265625,
      0.0699310302734375,
      0.0533905029296875,
      0.087493896484375,
      0.073150634765625,
      0.071685791015625,
      0.0629119873046875,
      0.0565185546875,
      0.0888214111328125,
      0.0823516845703125,
      0.08447265625,
      0.0621185302734375,
      0.0654296875,
      0.0689544677734375,
      0.0658416748046875,
      0.0719146728515625,
      0.0884246826171875,
      0.0912322998046875,
      0.085479736328125,
      0.0870208740234375,
      0.0864715576171875,
      0.0900115966796875,
      1.0,
      0.1092529296875,
      0.1058349609375,
      0.1052398681640625,
      0.1009368896484375,
      0.0765228271484375,
      0.09588623046875,
      0.0931549072265625
    ],
    [
      0.0977020263671875,
      0.08843994140625,
      0.078643798828125,
      0.068756103515625,
      0.092376708984375,
      0.1079254150390625,
      0.1020965576171875,
      0.112640380859375,
      0.0778961181640625,
      0.0513916015625,
      0.0542449951171875,
      0.080474853515625,
      0.05487060546875,
      0.100616455078125,
      0.08392333984375,
      0.0794677734375,
      0.072509765625,
      0.0583953857421875,
      0.104339599609375,
      0.1003875732421875,
      0.0979156494140625,
      0.06744384765625,
      0.0760650634765625,
      0.079132080078125,
      0.0711212158203125,
      0.082244873046875,
      0.1059112548828125,
      0.1123504638671875,
      0.1046142578125,
      0.10125732421875,
      0.10150146484375,
      0.106414794921875,
      0.1092529296875,
      1.0,
      0.4723968505859375,
      0.3368682861328125,
      0.1219482421875,
      0.094390869140625,
      0.1264190673828125,
      0.1368408203125
    ],
    [
      0.095001220703125,
      0.0876312255859375,
      0.0797882080078125,
      0.069580078125,
      0.091583251953125,
      0.108367919921875,
      0.09906005859375,
      0.11004638671875,
      0.0769805908203125,
      0.0569610595703125,
      0.0561065673828125,
      0.0815277099609375,
      0.059051513671875,
      0.0960540771484375,
      0.084930419921875,
      0.079498291015625,
      0.0763092041015625,
      0.0613861083984375,
      0.098663330078125,
      0.0964508056640625,
      0.0947113037109375,
      0.069122314453125,
      0.07818603515625,
      0.08154296875,
      0.07464599609375,
      0.0841522216796875,
      0.1002349853515625,
      0.107391357421875,
      0.0993499755859375,
      0.09710693359375,
      0.0984039306640625,
      0.1014251708984375,
      0.1058349609375,
      0.4723968505859375,
      1.0,
      0.3419952392578125,
      0.121917724609375,
      0.0958099365234375,
      0.1264495849609375,
      0.1388397216796875
    ],
    [
      0.0851287841796875,
      0.0797882080078125,
      0.072967529296875,
      0.063079833984375,
      0.08477783203125,
      0.10723876953125,
      0.0961456298828125,
      0.109039306640625,
      0.066619873046875,
      0.0638580322265625,
      0.06005859375,
      0.076019287109375,
      0.0612335205078125,
      0.08740234375,
      0.0753173828125,
      0.0753326416015625,
      0.0760040283203125,
      0.063232421875,
      0.09429931640625,
      0.0901641845703125,
      0.0887603759765625,
      0.06982421875,
      0.07733154296875,
      0.07904052734375,
      0.0816802978515625,
      0.090301513671875,
      0.092559814453125,
      0.096466064453125,
      0.0918731689453125,
      0.0880126953125,
      0.0906982421875,
      0.09130859375,
      0.1052398681640625,
      0.3368682861328125,
      0.3419952392578125,
      1.0,
      0.1263885498046875,
      0.0970001220703125,
      0.1295928955078125,
      0.1468353271484375
    ],
    [
      0.084442138671875,
      0.081939697265625,
      0.0710296630859375,
      0.06201171875,
      0.0836029052734375,
      0.11181640625,
      0.098388671875,
      0.1170654296875,
      0.069732666015625,
      0.0513458251953125,
      0.050018310546875,
      0.07427978515625,
      0.0545501708984375,
      0.0899810791015625,
      0.07659912109375,
      0.0727691650390625,
      0.062225341796875,
      0.05377197265625,
      0.1043548583984375,
      0.090057373046875,
      0.0963592529296875,
      0.061004638671875,
      0.0644378662109375,
      0.0673065185546875,
      0.0831451416015625,
      0.0979156494140625,
      0.104583740234375,
      0.1068115234375,
      0.100921630859375,
      0.1021270751953125,
      0.0994415283203125,
      0.1038818359375,
      0.1009368896484375,
      0.1219482421875,
      0.121917724609375,
      0.1263885498046875,
      1.0,
      0.073883056640625,
      0.0965576171875,
      0.1063079833984375
    ],
    [
      0.0764312744140625,
      0.0744781494140625,
      0.07568359375,
      0.068511962890625,
      0.07647705078125,
      0.0789794921875,
      0.0796051025390625,
      0.0767974853515625,
      0.0664520263671875,
      0.082611083984375,
      0.075103759765625,
      0.0811920166015625,
      0.0763702392578125,
      0.0752410888671875,
      0.075164794921875,
      0.0774078369140625,
      0.089111328125,
      0.0772552490234375,
      0.071868896484375,
      0.0801544189453125,
      0.074859619140625,
      0.0793609619140625,
      0.087860107421875,
      0.087738037109375,
      0.0815277099609375,
      0.078948974609375,
      0.0694732666015625,
      0.0708770751953125,
      0.07391357421875,
      0.0739593505859375,
      0.0756072998046875,
      0.0697784423828125,
      0.0765228271484375,
      0.094390869140625,
      0.0958099365234375,
      0.0970001220703125,
      0.073883056640625,
      1.0,
      0.088134765625,
      0.0834808349609375
    ],
    [
      0.080078125,
      0.0746002197265625,
      0.06768798828125,
      0.0606842041015625,
      0.0780487060546875,
      0.0897979736328125,
      0.0844879150390625,
      0.0919036865234375,
      0.06439208984375,
      0.048736572265625,
      0.052215576171875,
      0.0675811767578125,
      0.052490234375,
      0.082427978515625,
      0.071380615234375,
      0.070648193359375,
      0.0622406005859375,
      0.0552978515625,
      0.0878143310546875,
      0.08685302734375,
      0.0832977294921875,
      0.05767822265625,
      0.0657806396484375,
      0.0659637451171875,
      0.06341552734375,
      0.0686798095703125,
      0.0878143310546875,
      0.0931396484375,
      0.0899200439453125,
      0.0836334228515625,
      0.0842437744140625,
      0.0891265869140625,
      0.09588623046875,
