{
  "model": "mistralai/Mistral-Small-24B-Instruct-2501",
  "sign": "positive",
  "percentage": 0.1,
  "component": "neurons",
  "tasks": [
    "MD/add_sub_2op_symbolic",
    "MD/add_sub_2op_verbal",
    "MD/add_sub_3op_symbolic",
    "MD/add_sub_3op_verbal",
    "MD/code_A",
    "MD/code_B",
    "MD/code_conditional",
    "MD/code_list",
    "MD/code_loop",
    "MD/logic_propositional_1",
    "MD/logic_propositional_symbolic",
    "MD/logic_syllogism_1",
    "MD/logic_syllogism_symbolic",
    "MD/mul_div_2op_symbolic",
    "MD/mul_div_2op_verbal",
    "MD/number_sorting",
    "ToM/agent",
    "ToM/desires_goals",
    "ToM/emotion_fewshot",
    "ToM/norm_appropriate",
    "ToM/norm_moral",
    "ToM/primary_emotions",
    "ToM/social_interactions",
    "ToM/social_relations",
    "phys/phys_newton",
    "phys/phys_prost",
    "phys/physics_brightness",
    "phys/physics_elasticity",
    "phys/physics_solubility",
    "phys/physics_speed",
    "phys/physics_stability",
    "phys/physics_temperature",
    "Lan/anaphor_gender_agreement",
    "Lan/det_noun_agreement_irregular",
    "Lan/det_noun_agreement_regular",
    "Lan/det_noun_agreement_with_adjective",
    "Lan/hypernymy",
    "Lan/npi",
    "Lan/subject_verb_agreement",
    "Lan/wug"
  ],
  "overlap_matrix": [
    [
      1.0,
      0.4022900763358779,
      0.4587786259541985,
      0.1435114503816794,
      0.28396946564885495,
      0.022900763358778626,
      0.009923664122137405,
      0.0030534351145038168,
      0.3618320610687023,
      0.006870229007633588,
      0.008396946564885497,
      0.012977099236641221,
      0.0053435114503816794,
      0.716030534351145,
      0.35877862595419846,
      0.030534351145038167,
      0.008396946564885497,
      0.009923664122137405,
      0.010687022900763359,
      0.016793893129770993,
      0.011450381679389313,
      0.008396946564885497,
      0.008396946564885497,
      0.009923664122137405,
      0.0061068702290076335,
      0.004580152671755725,
      0.012213740458015267,
      0.009923664122137405,
      0.009923664122137405,
      0.006870229007633588,
      0.007633587786259542,
      0.012213740458015267,
      0.006870229007633588,
      0.0053435114503816794,
      0.0030534351145038168,
      0.0022900763358778627,
      0.0015267175572519084,
      0.004580152671755725,
      0.0030534351145038168,
      0.003816793893129771
    ],
    [
      0.4022900763358779,
      1.0,
      0.3,
      0.23282442748091603,
      0.24122137404580152,
      0.07938931297709924,
      0.05801526717557252,
      0.07404580152671755,
      0.2648854961832061,
      0.007633587786259542,
      0.015267175572519083,
      0.03816793893129771,
      0.011450381679389313,
      0.383206106870229,
      0.4900763358778626,
      0.02748091603053435,
      0.013740458015267175,
      0.008396946564885497,
      0.03969465648854962,
      0.028244274809160305,
      0.029770992366412213,
      0.011450381679389313,
      0.013740458015267175,
      0.013740458015267175,
      0.0633587786259542,
      0.0732824427480916,
      0.031297709923664124,
      0.04122137404580153,
      0.04198473282442748,
      0.05419847328244275,
      0.04351145038167939,
      0.05114503816793893,
      0.0061068702290076335,
      0.0061068702290076335,
      0.003816793893129771,
      0.0015267175572519084,
      0.003816793893129771,
      0.0030534351145038168,
      0.003816793893129771,
      0.007633587786259542
    ],
    [
      0.4587786259541985,
      0.3,
      1.0,
      0.15725190839694655,
      0.22061068702290076,
      0.026717557251908396,
      0.013740458015267175,
      0.012213740458015267,
      0.2931297709923664,
      0.015267175572519083,
      0.022900763358778626,
      0.021374045801526718,
      0.021374045801526718,
      0.449618320610687,
      0.27557251908396946,
      0.04045801526717557,
      0.013740458015267175,
      0.021374045801526718,
      0.020610687022900764,
      0.0183206106870229,
      0.022137404580152672,
      0.013740458015267175,
      0.01984732824427481,
      0.01984732824427481,
      0.01603053435114504,
      0.012977099236641221,
      0.0183206106870229,
      0.01603053435114504,
      0.020610687022900764,
      0.024427480916030534,
      0.011450381679389313,
      0.012213740458015267,
      0.010687022900763359,
      0.007633587786259542,
      0.0061068702290076335,
      0.006870229007633588,
      0.0022900763358778627,
      0.0030534351145038168,
      0.006870229007633588,
      0.0053435114503816794
    ],
    [
      0.1435114503816794,
      0.23282442748091603,
      0.15725190839694655,
      1.0,
      0.10381679389312977,
      0.03206106870229008,
      0.03358778625954199,
      0.028244274809160305,
      0.11984732824427481,
      0.02366412213740458,
      0.029770992366412213,
      0.028244274809160305,
      0.02900763358778626,
      0.15267175572519084,
      0.2015267175572519,
      0.03816793893129771,
      0.019083969465648856,
      0.021374045801526718,
      0.029770992366412213,
      0.031297709923664124,
      0.03282442748091603,
      0.017557251908396947,
      0.025190839694656488,
      0.02366412213740458,
      0.038931297709923665,
      0.02900763358778626,
      0.022137404580152672,
      0.025190839694656488,
      0.03206106870229008,
      0.03740458015267176,
      0.028244274809160305,
      0.03206106870229008,
      0.007633587786259542,
      0.0053435114503816794,
      0.0061068702290076335,
      0.0022900763358778627,
      0.004580152671755725,
      0.00916030534351145,
      0.0061068702290076335,
      0.0022900763358778627
    ],
    [
      0.28396946564885495,
      0.24122137404580152,
      0.22061068702290076,
      0.10381679389312977,
      1.0,
      0.250381679389313,
      0.44656488549618323,
      0.20076335877862594,
      0.3793893129770992,
      0.03358778625954199,
      0.010687022900763359,
      0.11526717557251909,
      0.044274809160305344,
      0.2816793893129771,
      0.19541984732824427,
      0.042748091603053436,
      0.016793893129770993,
      0.004580152671755725,
      0.07709923664122137,
      0.07862595419847328,
      0.07633587786259542,
      0.009923664122137405,
      0.024427480916030534,
      0.031297709923664124,
      0.17480916030534352,
      0.17099236641221374,
      0.059541984732824425,
      0.050381679389312976,
      0.05419847328244275,
      0.07862595419847328,
      0.07786259541984733,
      0.05877862595419847,
      0.0053435114503816794,
      0.004580152671755725,
      0.0022900763358778627,
      0.0022900763358778627,
      0.007633587786259542,
      0.0030534351145038168,
      0.0022900763358778627,
      0.010687022900763359
    ],
    [
      0.022900763358778626,
      0.07938931297709924,
      0.026717557251908396,
      0.03206106870229008,
      0.250381679389313,
      1.0,
      0.3946564885496183,
      0.6450381679389313,
      0.016793893129770993,
      0.03587786259541985,
      0.01603053435114504,
      0.09465648854961832,
      0.06412213740458016,
      0.02366412213740458,
      0.0916030534351145,
      0.03816793893129771,
      0.012977099236641221,
      0.006870229007633588,
      0.09541984732824428,
      0.0717557251908397,
      0.09465648854961832,
      0.0061068702290076335,
      0.035114503816793895,
      0.0549618320610687,
      0.3717557251908397,
      0.38244274809160306,
      0.1267175572519084,
      0.09694656488549619,
      0.12900763358778625,
      0.09541984732824428,
      0.0984732824427481,
      0.11908396946564885,
      0.009923664122137405,
      0.003816793893129771,
      0.0061068702290076335,
      0.004580152671755725,
      0.013740458015267175,
      0.0007633587786259542,
      0.004580152671755725,
      0.029770992366412213
    ],
    [
      0.009923664122137405,
      0.05801526717557252,
      0.013740458015267175,
      0.03358778625954199,
      0.44656488549618323,
      0.3946564885496183,
      1.0,
      0.34885496183206105,
      0.006870229007633588,
      0.04198473282442748,
      0.013740458015267175,
      0.19083969465648856,
      0.0648854961832061,
      0.01450381679389313,
      0.06183206106870229,
      0.0366412213740458,
      0.022900763358778626,
      0.006870229007633588,
      0.11374045801526718,
      0.11450381679389313,
      0.12442748091603054,
      0.012977099236641221,
      0.03435114503816794,
      0.04045801526717557,
      0.2679389312977099,
      0.26106870229007634,
      0.11068702290076336,
      0.08473282442748091,
      0.0816793893129771,
      0.116793893129771,
      0.13129770992366413,
      0.09465648854961832,
      0.006870229007633588,
      0.007633587786259542,
      0.009923664122137405,
      0.006870229007633588,
      0.012977099236641221,
      0.0030534351145038168,
      0.003816793893129771,
      0.03740458015267176
    ],
    [
      0.0030534351145038168,
      0.07404580152671755,
      0.012213740458015267,
      0.028244274809160305,
      0.20076335877862594,
      0.6450381679389313,
      0.34885496183206105,
      1.0,
      0.0015267175572519084,
      0.02748091603053435,
      0.01603053435114504,
      0.08396946564885496,
      0.05877862595419847,
      0.007633587786259542,
      0.08091603053435115,
      0.03282442748091603,
      0.01450381679389313,
      0.0053435114503816794,
      0.10305343511450382,
      0.07251908396946564,
      0.10610687022900764,
      0.006870229007633588,
      0.04198473282442748,
      0.05648854961832061,
      0.3656488549618321,
      0.3900763358778626,
      0.12213740458015267,
      0.09694656488549619,
      0.1435114503816794,
      0.09923664122137404,
      0.10381679389312977,
      0.12290076335877863,
      0.011450381679389313,
      0.004580152671755725,
      0.006870229007633588,
      0.0061068702290076335,
      0.013740458015267175,
      0.0015267175572519084,
      0.004580152671755725,
      0.03435114503816794
    ],
    [
      0.3618320610687023,
      0.2648854961832061,
      0.2931297709923664,
      0.11984732824427481,
      0.3793893129770992,
      0.016793893129770993,
      0.006870229007633588,
      0.0015267175572519084,
      1.0,
      0.013740458015267175,
      0.0022900763358778627,
      0.012213740458015267,
      0.010687022900763359,
      0.3748091603053435,
      0.23282442748091603,
      0.020610687022900764,
      0.0061068702290076335,
      0.007633587786259542,
      0.0053435114503816794,
      0.004580152671755725,
      0.007633587786259542,
      0.006870229007633588,
      0.006870229007633588,
      0.007633587786259542,
      0.0053435114503816794,
      0.003816793893129771,
      0.00916030534351145,
      0.004580152671755725,
      0.0030534351145038168,
      0.006870229007633588,
      0.00916030534351145,
      0.008396946564885497,
      0.0030534351145038168,
      0.0030534351145038168,
      0.0030534351145038168,
      0.0015267175572519084,
      0.0,
      0.0030534351145038168,
      0.003816793893129771,
      0.003816793893129771
    ],
    [
      0.006870229007633588,
      0.007633587786259542,
      0.015267175572519083,
      0.02366412213740458,
      0.03358778625954199,
      0.03587786259541985,
      0.04198473282442748,
      0.02748091603053435,
      0.013740458015267175,
      1.0,
      0.06030534351145038,
      0.06641221374045801,
      0.28091603053435116,
      0.008396946564885497,
      0.0183206106870229,
      0.02748091603053435,
      0.0366412213740458,
      0.017557251908396947,
      0.022137404580152672,
      0.0183206106870229,
      0.02900763358778626,
      0.0183206106870229,
      0.03740458015267176,
      0.04045801526717557,
      0.18244274809160305,
      0.12061068702290076,
      0.017557251908396947,
      0.013740458015267175,
      0.013740458015267175,
      0.025954198473282442,
      0.02748091603053435,
      0.012213740458015267,
      0.006870229007633588,
      0.0030534351145038168,
      0.0022900763358778627,
      0.0022900763358778627,
      0.0007633587786259542,
      0.010687022900763359,
      0.0015267175572519084,
      0.003816793893129771
    ],
    [
      0.008396946564885497,
      0.015267175572519083,
      0.022900763358778626,
      0.029770992366412213,
      0.010687022900763359,
      0.01603053435114504,
      0.013740458015267175,
      0.01603053435114504,
      0.0022900763358778627,
      0.06030534351145038,
      1.0,
      0.028244274809160305,
      0.0648854961832061,
      0.010687022900763359,
      0.025954198473282442,
      0.028244274809160305,
      0.05267175572519084,
      0.03282442748091603,
      0.017557251908396947,
      0.019083969465648856,
      0.031297709923664124,
      0.0366412213740458,
      0.08091603053435115,
      0.06030534351145038,
      0.04351145038167939,
      0.031297709923664124,
      0.01603053435114504,
      0.012977099236641221,
      0.01984732824427481,
      0.026717557251908396,
      0.017557251908396947,
      0.01603053435114504,
      0.008396946564885497,
      0.007633587786259542,
      0.0053435114503816794,
      0.0053435114503816794,
      0.0007633587786259542,
      0.009923664122137405,
      0.0053435114503816794,
      0.0061068702290076335
    ],
    [
      0.012977099236641221,
      0.03816793893129771,
      0.021374045801526718,
      0.028244274809160305,
      0.11526717557251909,
      0.09465648854961832,
      0.19083969465648856,
      0.08396946564885496,
      0.012213740458015267,
      0.06641221374045801,
      0.028244274809160305,
      1.0,
      0.08625954198473282,
      0.012977099236641221,
      0.0366412213740458,
      0.03969465648854962,
      0.042748091603053436,
      0.016793893129770993,
      0.06870229007633588,
      0.08015267175572519,
      0.08244274809160305,
      0.026717557251908396,
      0.03740458015267176,
      0.0366412213740458,
      0.10610687022900764,
      0.0984732824427481,
      0.044274809160305344,
      0.04045801526717557,
      0.04122137404580153,
      0.08702290076335878,
      0.08549618320610687,
      0.04122137404580153,
      0.012213740458015267,
      0.01603053435114504,
      0.013740458015267175,
      0.011450381679389313,
      0.011450381679389313,
      0.019083969465648856,
      0.010687022900763359,
      0.012977099236641221
    ],
    [
      0.0053435114503816794,
      0.011450381679389313,
      0.021374045801526718,
      0.02900763358778626,
      0.044274809160305344,
      0.06412213740458016,
      0.0648854961832061,
      0.05877862595419847,
      0.010687022900763359,
      0.28091603053435116,
      0.0648854961832061,
      0.08625954198473282,
      1.0,
      0.007633587786259542,
      0.015267175572519083,
      0.029770992366412213,
      0.03282442748091603,
      0.021374045801526718,
      0.026717557251908396,
      0.02366412213740458,
      0.03969465648854962,
      0.020610687022900764,
      0.04045801526717557,
      0.04961832061068702,
      0.20763358778625954,
      0.1480916030534351,
      0.028244274809160305,
      0.017557251908396947,
      0.021374045801526718,
      0.04045801526717557,
      0.03206106870229008,
      0.0183206106870229,
      0.007633587786259542,
      0.0030534351145038168,
      0.0030534351145038168,
      0.0030534351145038168,
      0.0007633587786259542,
      0.007633587786259542,
      0.0022900763358778627,
      0.0061068702290076335
    ],
    [
      0.716030534351145,
      0.383206106870229,
      0.449618320610687,
      0.15267175572519084,
      0.2816793893129771,
      0.02366412213740458,
      0.01450381679389313,
      0.007633587786259542,
      0.3748091603053435,
      0.008396946564885497,
      0.010687022900763359,
      0.012977099236641221,
      0.007633587786259542,
      1.0,
      0.3763358778625954,
      0.026717557251908396,
      0.010687022900763359,
      0.010687022900763359,
      0.012977099236641221,
      0.01450381679389313,
      0.011450381679389313,
      0.008396946564885497,
      0.012213740458015267,
      0.012977099236641221,
      0.011450381679389313,
      0.00916030534351145,
      0.01450381679389313,
      0.011450381679389313,
      0.011450381679389313,
      0.011450381679389313,
      0.011450381679389313,
      0.016793893129770993,
      0.0061068702290076335,
      0.0053435114503816794,
      0.003816793893129771,
      0.0007633587786259542,
      0.0007633587786259542,
      0.0030534351145038168,
      0.004580152671755725,
      0.0053435114503816794
    ],
    [
      0.35877862595419846,
      0.4900763358778626,
      0.27557251908396946,
      0.2015267175572519,
      0.19541984732824427,
      0.0916030534351145,
      0.06183206106870229,
      0.08091603053435115,
      0.23282442748091603,
      0.0183206106870229,
      0.025954198473282442,
      0.0366412213740458,
      0.015267175572519083,
      0.3763358778625954,
      1.0,
      0.031297709923664124,
      0.016793893129770993,
      0.01603053435114504,
      0.03587786259541985,
      0.028244274809160305,
      0.0366412213740458,
      0.01450381679389313,
      0.021374045801526718,
      0.019083969465648856,
      0.0717557251908397,
      0.07480916030534351,
      0.035114503816793895,
      0.03740458015267176,
      0.051908396946564885,
      0.05343511450381679,
      0.03816793893129771,
      0.0549618320610687,
      0.008396946564885497,
      0.0061068702290076335,
      0.004580152671755725,
      0.003816793893129771,
      0.0061068702290076335,
      0.004580152671755725,
      0.0053435114503816794,
      0.006870229007633588
    ],
    [
      0.030534351145038167,
      0.02748091603053435,
      0.04045801526717557,
      0.03816793893129771,
      0.042748091603053436,
      0.03816793893129771,
      0.0366412213740458,
      0.03282442748091603,
      0.020610687022900764,
      0.02748091603053435,
      0.028244274809160305,
      0.03969465648854962,
      0.029770992366412213,
      0.026717557251908396,
      0.031297709923664124,
      1.0,
      0.025190839694656488,
      0.020610687022900764,
      0.03740458015267176,
      0.04198473282442748,
      0.038931297709923665,
      0.016793893129770993,
      0.030534351145038167,
      0.035114503816793895,
      0.03587786259541985,
      0.0366412213740458,
      0.04045801526717557,
      0.030534351145038167,
      0.03816793893129771,
      0.04122137404580153,
      0.03435114503816794,
      0.025190839694656488,
      0.016793893129770993,
      0.011450381679389313,
      0.008396946564885497,
      0.00916030534351145,
      0.0030534351145038168,
      0.00916030534351145,
      0.010687022900763359,
      0.0061068702290076335
    ],
    [
      0.008396946564885497,
      0.013740458015267175,
      0.013740458015267175,
      0.019083969465648856,
      0.016793893129770993,
      0.012977099236641221,
      0.022900763358778626,
      0.01450381679389313,
      0.0061068702290076335,
      0.0366412213740458,
      0.05267175572519084,
      0.042748091603053436,
      0.03282442748091603,
      0.010687022900763359,
      0.016793893129770993,
      0.025190839694656488,
      1.0,
      0.08091603053435115,
      0.02748091603053435,
      0.03282442748091603,
      0.048091603053435114,
      0.10534351145038168,
      0.1900763358778626,
      0.2580152671755725,
      0.03282442748091603,
      0.028244274809160305,
      0.016793893129770993,
      0.02748091603053435,
      0.02900763358778626,
      0.03435114503816794,
      0.03206106870229008,
      0.017557251908396947,
      0.0053435114503816794,
      0.007633587786259542,
      0.004580152671755725,
      0.0030534351145038168,
      0.0007633587786259542,
      0.006870229007633588,
      0.0053435114503816794,
      0.0007633587786259542
    ],
    [
      0.009923664122137405,
      0.008396946564885497,
      0.021374045801526718,
      0.021374045801526718,
      0.004580152671755725,
      0.006870229007633588,
      0.006870229007633588,
      0.0053435114503816794,
      0.007633587786259542,
      0.017557251908396947,
      0.03282442748091603,
      0.016793893129770993,
      0.021374045801526718,
      0.010687022900763359,
      0.01603053435114504,
      0.020610687022900764,
      0.08091603053435115,
      1.0,
      0.011450381679389313,
      0.012213740458015267,
      0.015267175572519083,
      0.11450381679389313,
      0.07557251908396946,
      0.06641221374045801,
      0.010687022900763359,
      0.008396946564885497,
      0.013740458015267175,
      0.007633587786259542,
      0.017557251908396947,
      0.010687022900763359,
      0.011450381679389313,
      0.009923664122137405,
      0.007633587786259542,
      0.0015267175572519084,
      0.0022900763358778627,
      0.0007633587786259542,
      0.0007633587786259542,
      0.008396946564885497,
      0.0030534351145038168,
      0.0022900763358778627
    ],
    [
      0.010687022900763359,
      0.03969465648854962,
      0.020610687022900764,
      0.029770992366412213,
      0.07709923664122137,
      0.09541984732824428,
      0.11374045801526718,
      0.10305343511450382,
      0.0053435114503816794,
      0.022137404580152672,
      0.017557251908396947,
      0.06870229007633588,
      0.026717557251908396,
      0.012977099236641221,
      0.03587786259541985,
      0.03740458015267176,
      0.02748091603053435,
      0.011450381679389313,
      1.0,
      0.17557251908396945,
      0.17251908396946564,
      0.038931297709923665,
      0.0366412213740458,
      0.028244274809160305,
      0.10381679389312977,
      0.11068702290076336,
      0.08854961832061069,
      0.08473282442748091,
      0.0916030534351145,
      0.16030534351145037,
      0.15801526717557252,
      0.09618320610687023,
      0.016793893129770993,
      0.015267175572519083,
      0.01450381679389313,
      0.012213740458015267,
      0.015267175572519083,
      0.012977099236641221,
      0.011450381679389313,
      0.017557251908396947
    ],
    [
      0.016793893129770993,
      0.028244274809160305,
      0.0183206106870229,
      0.031297709923664124,
      0.07862595419847328,
      0.0717557251908397,
      0.11450381679389313,
      0.07251908396946564,
      0.004580152671755725,
      0.0183206106870229,
      0.019083969465648856,
      0.08015267175572519,
      0.02366412213740458,
      0.01450381679389313,
      0.028244274809160305,
      0.04198473282442748,
      0.03282442748091603,
      0.012213740458015267,
      0.17557251908396945,
      1.0,
      0.23053435114503817,
      0.02366412213740458,
      0.04122137404580153,
      0.030534351145038167,
      0.0732824427480916,
      0.06946564885496183,
      0.09923664122137404,
      0.07480916030534351,
      0.06793893129770992,
      0.13282442748091602,
      0.22595419847328244,
      0.06793893129770992,
      0.017557251908396947,
      0.015267175572519083,
      0.012213740458015267,
      0.007633587786259542,
      0.016793893129770993,
      0.00916030534351145,
      0.012977099236641221,
      0.021374045801526718
    ],
    [
      0.011450381679389313,
      0.029770992366412213,
      0.022137404580152672,
      0.03282442748091603,
      0.07633587786259542,
      0.09465648854961832,
      0.12442748091603054,
      0.10610687022900764,
      0.007633587786259542,
      0.02900763358778626,
      0.031297709923664124,
      0.08244274809160305,
      0.03969465648854962,
      0.011450381679389313,
      0.0366412213740458,
      0.038931297709923665,
      0.048091603053435114,
      0.015267175572519083,
      0.17251908396946564,
      0.23053435114503817,
      1.0,
      0.03435114503816794,
      0.06717557251908397,
      0.050381679389312976,
      0.1183206106870229,
      0.12137404580152672,
      0.10687022900763359,
      0.07709923664122137,
      0.10763358778625955,
      0.14885496183206107,
      0.2267175572519084,
      0.13816793893129772,
      0.021374045801526718,
      0.016793893129770993,
      0.012977099236641221,
      0.012213740458015267,
      0.011450381679389313,
      0.009923664122137405,
      0.009923664122137405,
      0.017557251908396947
    ],
    [
      0.008396946564885497,
      0.011450381679389313,
      0.013740458015267175,
      0.017557251908396947,
      0.009923664122137405,
      0.0061068702290076335,
      0.012977099236641221,
      0.006870229007633588,
      0.006870229007633588,
      0.0183206106870229,
      0.0366412213740458,
      0.026717557251908396,
      0.020610687022900764,
      0.008396946564885497,
      0.01450381679389313,
      0.016793893129770993,
      0.10534351145038168,
      0.11450381679389313,
      0.038931297709923665,
      0.02366412213740458,
      0.03435114503816794,
      1.0,
      0.09083969465648854,
      0.07938931297709924,
      0.015267175572519083,
      0.017557251908396947,
      0.00916030534351145,
      0.009923664122137405,
      0.012213740458015267,
      0.026717557251908396,
      0.026717557251908396,
      0.009923664122137405,
      0.00916030534351145,
      0.0030534351145038168,
      0.0022900763358778627,
      0.0007633587786259542,
      0.0015267175572519084,
      0.009923664122137405,
      0.0022900763358778627,
      0.0
    ],
    [
      0.008396946564885497,
      0.013740458015267175,
      0.01984732824427481,
      0.025190839694656488,
      0.024427480916030534,
      0.035114503816793895,
      0.03435114503816794,
      0.04198473282442748,
      0.006870229007633588,
      0.03740458015267176,
      0.08091603053435115,
      0.03740458015267176,
      0.04045801526717557,
      0.012213740458015267,
      0.021374045801526718,
      0.030534351145038167,
      0.1900763358778626,
      0.07557251908396946,
      0.0366412213740458,
      0.04122137404580153,
      0.06717557251908397,
      0.09083969465648854,
      1.0,
      0.15419847328244274,
      0.0549618320610687,
      0.046564885496183206,
      0.035114503816793895,
      0.024427480916030534,
      0.03816793893129771,
      0.0366412213740458,
      0.038931297709923665,
      0.031297709923664124,
      0.010687022900763359,
      0.008396946564885497,
      0.003816793893129771,
      0.003816793893129771,
      0.0061068702290076335,
      0.00916030534351145,
      0.008396946564885497,
      0.006870229007633588
    ],
    [
      0.009923664122137405,
      0.013740458015267175,
      0.01984732824427481,
      0.02366412213740458,
      0.031297709923664124,
      0.0549618320610687,
      0.04045801526717557,
      0.05648854961832061,
      0.007633587786259542,
      0.04045801526717557,
      0.06030534351145038,
      0.0366412213740458,
      0.04961832061068702,
      0.012977099236641221,
      0.019083969465648856,
      0.035114503816793895,
      0.2580152671755725,
      0.06641221374045801,
      0.028244274809160305,
      0.030534351145038167,
      0.050381679389312976,
      0.07938931297709924,
      0.15419847328244274,
      1.0,
      0.07022900763358779,
      0.0648854961832061,
      0.03206106870229008,
      0.024427480916030534,
      0.03816793893129771,
      0.03587786259541985,
      0.031297709923664124,
      0.03435114503816794,
      0.012977099236641221,
      0.0061068702290076335,
      0.0053435114503816794,
      0.0030534351145038168,
      0.0030534351145038168,
      0.011450381679389313,
      0.004580152671755725,
      0.003816793893129771
    ],
    [
      0.0061068702290076335,
      0.0633587786259542,
      0.01603053435114504,
      0.038931297709923665,
      0.17480916030534352,
      0.3717557251908397,
      0.2679389312977099,
      0.3656488549618321,
      0.0053435114503816794,
      0.18244274809160305,
      0.04351145038167939,
      0.10610687022900764,
      0.20763358778625954,
      0.011450381679389313,
      0.0717557251908397,
      0.03587786259541985,
      0.03282442748091603,
      0.010687022900763359,
      0.10381679389312977,
      0.0732824427480916,
      0.1183206106870229,
      0.015267175572519083,
      0.0549618320610687,
      0.07022900763358779,
      1.0,
      0.583206106870229,
      0.11297709923664122,
      0.0900763358778626,
      0.12595419847328243,
      0.10229007633587786,
      0.11221374045801527,
      0.0984732824427481,
      0.022137404580152672,
      0.0061068702290076335,
      0.007633587786259542,
      0.004580152671755725,
      0.012977099236641221,
      0.006870229007633588,
      0.004580152671755725,
      0.01603053435114504
    ],
    [
      0.004580152671755725,
      0.0732824427480916,
      0.012977099236641221,
      0.02900763358778626,
      0.17099236641221374,
      0.38244274809160306,
      0.26106870229007634,
      0.3900763358778626,
      0.003816793893129771,
      0.12061068702290076,
      0.031297709923664124,
      0.0984732824427481,
      0.1480916030534351,
      0.00916030534351145,
      0.07480916030534351,
      0.0366412213740458,
      0.028244274809160305,
      0.008396946564885497,
      0.11068702290076336,
      0.06946564885496183,
      0.12137404580152672,
      0.017557251908396947,
      0.046564885496183206,
      0.0648854961832061,
      0.583206106870229,
      1.0,
      0.11526717557251909,
      0.09541984732824428,
      0.11450381679389313,
      0.10381679389312977,
      0.11526717557251909,
      0.10458015267175573,
      0.016793893129770993,
      0.007633587786259542,
      0.00916030534351145,
      0.007633587786259542,
      0.01603053435114504,
      0.003816793893129771,
      0.003816793893129771,
      0.019083969465648856
    ],
    [
      0.012213740458015267,
      0.031297709923664124,
      0.0183206106870229,
      0.022137404580152672,
      0.059541984732824425,
      0.1267175572519084,
      0.11068702290076336,
      0.12213740458015267,
      0.00916030534351145,
      0.017557251908396947,
      0.01603053435114504,
      0.044274809160305344,
      0.028244274809160305,
      0.01450381679389313,
      0.035114503816793895,
      0.04045801526717557,
      0.016793893129770993,
      0.013740458015267175,
      0.08854961832061069,
      0.09923664122137404,
      0.10687022900763359,
      0.00916030534351145,
      0.035114503816793895,
      0.03206106870229008,
      0.11297709923664122,
      0.11526717557251909,
      1.0,
      0.10381679389312977,
      0.1099236641221374,
      0.08931297709923663,
      0.10152671755725191,
      0.08244274809160305,
      0.0183206106870229,
      0.019083969465648856,
      0.017557251908396947,
      0.0183206106870229,
      0.016793893129770993,
      0.0022900763358778627,
      0.022137404580152672,
      0.026717557251908396
    ],
    [
      0.009923664122137405,
      0.04122137404580153,
      0.01603053435114504,
      0.025190839694656488,
      0.050381679389312976,
      0.09694656488549619,
      0.08473282442748091,
      0.09694656488549619,
      0.004580152671755725,
      0.013740458015267175,
      0.012977099236641221,
      0.04045801526717557,
      0.017557251908396947,
      0.011450381679389313,
      0.03740458015267176,
      0.030534351145038167,
      0.02748091603053435,
      0.007633587786259542,
      0.08473282442748091,
      0.07480916030534351,
      0.07709923664122137,
      0.009923664122137405,
      0.024427480916030534,
      0.024427480916030534,
      0.0900763358778626,
      0.09541984732824428,
      0.10381679389312977,
      1.0,
      0.11908396946564885,
      0.08244274809160305,
      0.08091603053435115,
      0.08625954198473282,
      0.01984732824427481,
      0.035114503816793895,
      0.02748091603053435,
      0.024427480916030534,
      0.019083969465648856,
      0.003816793893129771,
      0.025190839694656488,
      0.03587786259541985
    ],
    [
      0.009923664122137405,
      0.04198473282442748,
      0.020610687022900764,
      0.03206106870229008,
      0.05419847328244275,
      0.12900763358778625,
      0.0816793893129771,
      0.1435114503816794,
      0.0030534351145038168,
      0.013740458015267175,
      0.01984732824427481,
      0.04122137404580153,
      0.021374045801526718,
      0.011450381679389313,
      0.051908396946564885,
      0.03816793893129771,
      0.02900763358778626,
      0.017557251908396947,
      0.0916030534351145,
      0.06793893129770992,
      0.10763358778625955,
      0.012213740458015267,
      0.03816793893129771,
      0.03816793893129771,
      0.12595419847328243,
      0.11450381679389313,
      0.1099236641221374,
      0.11908396946564885,
      1.0,
      0.10229007633587786,
      0.10229007633587786,
      0.15419847328244274,
      0.015267175572519083,
      0.012977099236641221,
      0.007633587786259542,
      0.009923664122137405,
      0.011450381679389313,
      0.006870229007633588,
      0.026717557251908396,
      0.026717557251908396
    ],
    [
      0.006870229007633588,
      0.05419847328244275,
      0.024427480916030534,
      0.03740458015267176,
      0.07862595419847328,
      0.09541984732824428,
      0.116793893129771,
      0.09923664122137404,
      0.006870229007633588,
      0.025954198473282442,
      0.026717557251908396,
      0.08702290076335878,
      0.04045801526717557,
      0.011450381679389313,
      0.05343511450381679,
      0.04122137404580153,
      0.03435114503816794,
      0.010687022900763359,
      0.16030534351145037,
      0.13282442748091602,
      0.14885496183206107,
      0.026717557251908396,
      0.0366412213740458,
      0.03587786259541985,
      0.10229007633587786,
      0.10381679389312977,
      0.08931297709923663,
      0.08244274809160305,
      0.10229007633587786,
      1.0,
      0.1900763358778626,
      0.12213740458015267,
      0.015267175572519083,
      0.016793893129770993,
      0.01603053435114504,
      0.012977099236641221,
      0.013740458015267175,
      0.015267175572519083,
      0.012213740458015267,
      0.008396946564885497
    ],
    [
      0.007633587786259542,
      0.04351145038167939,
      0.011450381679389313,
      0.028244274809160305,
      0.07786259541984733,
      0.0984732824427481,
      0.13129770992366413,
      0.10381679389312977,
      0.00916030534351145,
      0.02748091603053435,
      0.017557251908396947,
      0.08549618320610687,
      0.03206106870229008,
      0.011450381679389313,
      0.03816793893129771,
      0.03435114503816794,
      0.03206106870229008,
      0.011450381679389313,
      0.15801526717557252,
      0.22595419847328244,
      0.2267175572519084,
      0.026717557251908396,
      0.038931297709923665,
      0.031297709923664124,
      0.11221374045801527,
      0.11526717557251909,
      0.10152671755725191,
      0.08091603053435115,
      0.10229007633587786,
      0.1900763358778626,
      1.0,
      0.07633587786259542,
      0.017557251908396947,
      0.01603053435114504,
      0.017557251908396947,
      0.015267175572519083,
      0.01450381679389313,
      0.011450381679389313,
      0.012213740458015267,
      0.017557251908396947
    ],
    [
      0.012213740458015267,
      0.05114503816793893,
      0.012213740458015267,
      0.03206106870229008,
      0.05877862595419847,
      0.11908396946564885,
      0.09465648854961832,
      0.12290076335877863,
      0.008396946564885497,
      0.012213740458015267,
      0.01603053435114504,
      0.04122137404580153,
      0.0183206106870229,
      0.016793893129770993,
      0.0549618320610687,
      0.025190839694656488,
      0.017557251908396947,
      0.009923664122137405,
      0.09618320610687023,
      0.06793893129770992,
      0.13816793893129772,
      0.009923664122137405,
      0.031297709923664124,
      0.03435114503816794,
      0.0984732824427481,
      0.10458015267175573,
      0.08244274809160305,
      0.08625954198473282,
      0.15419847328244274,
      0.12213740458015267,
      0.07633587786259542,
      1.0,
      0.015267175572519083,
      0.0183206106870229,
      0.01450381679389313,
      0.012213740458015267,
      0.013740458015267175,
      0.007633587786259542,
      0.012213740458015267,
      0.01603053435114504
    ],
    [
      0.006870229007633588,
      0.0061068702290076335,
      0.010687022900763359,
      0.007633587786259542,
      0.0053435114503816794,
      0.009923664122137405,
      0.006870229007633588,
      0.011450381679389313,
      0.0030534351145038168,
      0.006870229007633588,
      0.008396946564885497,
      0.012213740458015267,
      0.007633587786259542,
      0.0061068702290076335,
      0.008396946564885497,
      0.016793893129770993,
      0.0053435114503816794,
      0.007633587786259542,
      0.016793893129770993,
      0.017557251908396947,
      0.021374045801526718,
      0.00916030534351145,
      0.010687022900763359,
      0.012977099236641221,
      0.022137404580152672,
      0.016793893129770993,
      0.0183206106870229,
      0.01984732824427481,
      0.015267175572519083,
      0.015267175572519083,
      0.017557251908396947,
      0.015267175572519083,
      1.0,
      0.03816793893129771,
      0.03206106870229008,
      0.03206106870229008,
      0.025190839694656488,
      0.021374045801526718,
      0.031297709923664124,
      0.015267175572519083
    ],
    [
      0.0053435114503816794,
      0.0061068702290076335,
      0.007633587786259542,
      0.0053435114503816794,
      0.004580152671755725,
      0.003816793893129771,
      0.007633587786259542,
      0.004580152671755725,
      0.0030534351145038168,
      0.0030534351145038168,
      0.007633587786259542,
      0.01603053435114504,
      0.0030534351145038168,
      0.0053435114503816794,
      0.0061068702290076335,
      0.011450381679389313,
      0.007633587786259542,
      0.0015267175572519084,
      0.015267175572519083,
      0.015267175572519083,
      0.016793893129770993,
      0.0030534351145038168,
      0.008396946564885497,
      0.0061068702290076335,
      0.0061068702290076335,
      0.007633587786259542,
      0.019083969465648856,
      0.035114503816793895,
      0.012977099236641221,
      0.016793893129770993,
      0.01603053435114504,
      0.0183206106870229,
      0.03816793893129771,
      1.0,
      0.6633587786259542,
      0.5114503816793893,
      0.046564885496183206,
      0.012977099236641221,
      0.08549618320610687,
      0.16106870229007633
    ],
    [
      0.0030534351145038168,
      0.003816793893129771,
      0.0061068702290076335,
      0.0061068702290076335,
      0.0022900763358778627,
      0.0061068702290076335,
      0.009923664122137405,
      0.006870229007633588,
      0.0030534351145038168,
      0.0022900763358778627,
      0.0053435114503816794,
      0.013740458015267175,
      0.0030534351145038168,
      0.003816793893129771,
      0.004580152671755725,
      0.008396946564885497,
      0.004580152671755725,
      0.0022900763358778627,
      0.01450381679389313,
      0.012213740458015267,
      0.012977099236641221,
      0.0022900763358778627,
      0.003816793893129771,
      0.0053435114503816794,
      0.007633587786259542,
      0.00916030534351145,
      0.017557251908396947,
      0.02748091603053435,
      0.007633587786259542,
      0.01603053435114504,
      0.017557251908396947,
      0.01450381679389313,
      0.03206106870229008,
      0.6633587786259542,
      1.0,
      0.5687022900763359,
      0.04351145038167939,
      0.012977099236641221,
      0.08931297709923663,
      0.17251908396946564
    ],
    [
      0.0022900763358778627,
      0.0015267175572519084,
      0.006870229007633588,
      0.0022900763358778627,
      0.0022900763358778627,
      0.004580152671755725,
      0.006870229007633588,
      0.0061068702290076335,
      0.0015267175572519084,
      0.0022900763358778627,
      0.0053435114503816794,
      0.011450381679389313,
      0.0030534351145038168,
      0.0007633587786259542,
