{
  "model": "mistralai/Mistral-Small-24B-Instruct-2501",
  "sign": "positive",
  "percentage": 1.0,
  "component": "neurons",
  "tasks": [
    "MD/add_sub_2op_symbolic",
    "MD/add_sub_2op_verbal",
    "MD/add_sub_3op_symbolic",
    "MD/add_sub_3op_verbal",
    "MD/code_A",
    "MD/code_B",
    "MD/code_conditional",
    "MD/code_list",
    "MD/code_loop",
    "MD/logic_propositional_1",
    "MD/logic_propositional_symbolic",
    "MD/logic_syllogism_1",
    "MD/logic_syllogism_symbolic",
    "MD/mul_div_2op_symbolic",
    "MD/mul_div_2op_verbal",
    "MD/number_sorting",
    "ToM/agent",
    "ToM/desires_goals",
    "ToM/emotion_fewshot",
    "ToM/norm_appropriate",
    "ToM/norm_moral",
    "ToM/primary_emotions",
    "ToM/social_interactions",
    "ToM/social_relations",
    "phys/phys_newton",
    "phys/phys_prost",
    "phys/physics_brightness",
    "phys/physics_elasticity",
    "phys/physics_solubility",
    "phys/physics_speed",
    "phys/physics_stability",
    "phys/physics_temperature",
    "Lan/anaphor_gender_agreement",
    "Lan/det_noun_agreement_irregular",
    "Lan/det_noun_agreement_regular",
    "Lan/det_noun_agreement_with_adjective",
    "Lan/hypernymy",
    "Lan/npi",
    "Lan/subject_verb_agreement",
    "Lan/wug"
  ],
  "overlap_matrix": [
    [
      1.0,
      0.16441596093690394,
      0.1902037079423209,
      0.09407186999313344,
      0.1761654077973602,
      0.09132524605172808,
      0.07270923933775846,
      0.07171740291447318,
      0.1441214618142977,
      0.02937361715114061,
      0.03044174868390936,
      0.049973296711680784,
      0.03654535744258793,
      0.39085984588387884,
      0.1335164415960937,
      0.061570153353170065,
      0.0354009308003357,
      0.029831387808041506,
      0.05149919890135042,
      0.05294880598153658,
      0.052185854886701764,
      0.029068436713206684,
      0.038910505836575876,
      0.03875791561760891,
      0.05363546196688792,
      0.05828946364538033,
      0.0520332646677348,
      0.05210955977721828,
      0.05233844510566873,
      0.05806057831692989,
      0.05279621576256962,
      0.05035477225909819,
      0.03181506065461204,
      0.033951323720149536,
      0.032120241092545965,
      0.02868696116578927,
      0.020904859998474096,
      0.02357518883039597,
      0.027313649195086595,
      0.04089417868314641
    ],
    [
      0.16441596093690394,
      1.0,
      0.14190890363927672,
      0.18822003509575036,
      0.17120622568093385,
      0.13252460517280842,
      0.10261692225528343,
      0.11490043488212405,
      0.11490043488212405,
      0.04379339284351873,
      0.044174868390936144,
      0.06324864576180667,
      0.0477607385366598,
      0.15022507057297627,
      0.26756694895857175,
      0.06027313649195087,
      0.04661631189440757,
      0.038834210727092394,
      0.0673685816739147,
      0.06668192568856336,
      0.07072556649118791,
      0.037918669413290605,
      0.056153200579842834,
      0.04753185320820935,
      0.09643701838712139,
      0.10643167772945754,
      0.061036087586785685,
      0.06363012130922407,
      0.06874189364461739,
      0.07103074692912184,
      0.0686655985351339,
      0.06851300831616694,
      0.02708476386663615,
      0.033493553063248645,
      0.03356984817273213,
      0.02716105897611963,
      0.026321812771801328,
      0.02937361715114061,
      0.028992141603723202,
      0.04837109941252766
    ],
    [
      0.1902037079423209,
      0.14190890363927672,
      1.0,
      0.10429541466392005,
      0.12695506218051422,
      0.06988632028686961,
      0.053482871747920956,
      0.055237659266041045,
      0.12062256809338522,
      0.03898680094605936,
      0.04448004882887007,
      0.05134660868238346,
      0.04631113145647364,
      0.1867704280155642,
      0.12802319371328297,
      0.060578316929884794,
      0.04806591897459373,
      0.043640802624551764,
      0.03952086671244373,
      0.041504539559014265,
      0.043259327077134355,
      0.04005493247882811,
      0.0507362478065156,
      0.05111772335393301,
      0.0507362478065156,
      0.0520332646677348,
      0.0383764400701915,
      0.03860532539864195,
      0.042801556420233464,
      0.04272526131074998,
      0.0392156862745098,
      0.039749752040894176,
      0.023346303501945526,
      0.02426184481574731,
      0.023422598611429007,
      0.02136263065537499,
      0.017471580071717403,
      0.023346303501945526,
      0.01998931868467231,
      0.026932173647669186
    ],
    [
      0.09407186999313344,
      0.18822003509575036,
      0.10429541466392005,
      1.0,
      0.10131990539406424,
      0.07515068284122987,
      0.059281300068665596,
      0.06469825284199283,
      0.07400625619897765,
      0.046005951018539715,
      0.04936293583581292,
      0.04814221408407721,
      0.05111772335393301,
      0.08728160524910353,
      0.15846494239719233,
      0.0515754940108339,
      0.044708934157320517,
      0.043259327077134355,
      0.04234378576333257,
      0.04783703364614328,
      0.04882887006942855,
      0.03616388189517052,
      0.05325398641947051,
      0.0498970016021973,
      0.06523231860837721,
      0.06584267948424506,
      0.0383764400701915,
      0.038910505836575876,
      0.04570077058060578,
      0.049515526054779886,
      0.0439459830624857,
      0.04089417868314641,
      0.01998931868467231,
      0.023041123064011598,
      0.023346303501945526,
      0.01915007248035401,
      0.018310826276035707,
      0.024490730144197757,
      0.02021820401312276,
      0.027771419851987486
    ],
    [
      0.1761654077973602,
      0.17120622568093385,
      0.12695506218051422,
      0.10131990539406424,
      1.0,
      0.27740901808194096,
      0.48630502784771495,
      0.23872739757381553,
      0.2580300602731365,
      0.05737392233157854,
      0.03616388189517052,
      0.1245136186770428,
      0.06973373006790265,
      0.15617608911268788,
      0.1467154955367361,
      0.07057297627222095,
      0.04493781948577096,
      0.02929732204165713,
      0.08293278400854505,
      0.08865491721980621,
      0.09094377050431067,
      0.03730830853742275,
      0.0571450370031281,
      0.05386434729533837,
      0.17715724422064547,
      0.1880674448767834,
      0.07873655298695353,
      0.07812619211108568,
      0.07476920729381246,
      0.091630426489662,
      0.08712901503013656,
      0.07339589532310979,
      0.029907682917524988,
      0.0332646677347982,
      0.03372243839169909,
      0.030212863355458915,
      0.028076600289921417,
      0.02532997634851606,
      0.02708476386663615,
      0.07835507743953612
    ],
    [
      0.09132524605172808,
      0.13252460517280842,
      0.06988632028686961,
      0.07515068284122987,
      0.27740901808194096,
      1.0,
      0.32097352559700926,
      0.5653467612726024,
      0.06607156481269551,
      0.05729762722209506,
      0.03952086671244373,
      0.09811551079575799,
      0.07606622415503166,
      0.08110170138094148,
      0.12344548714427406,
      0.06187533379110399,
      0.04676890211337453,
      0.03219653620202945,
      0.10643167772945754,
      0.09689478904402228,
      0.10872053101396201,
      0.034866865033951325,
      0.0630960555428397,
      0.06576638437476158,
      0.2790112153810941,
      0.31662470435645074,
      0.10376134889753567,
      0.10643167772945754,
      0.11024643320363164,
      0.09498741130693522,
      0.09903105210955977,
      0.10597390707255665,
      0.04043640802624552,
      0.05249103532463569,
      0.052185854886701764,
      0.04982070649271382,
      0.05592431525139239,
      0.024414435034714275,
      0.03768978408484016,
      0.12603952086671244
    ],
    [
      0.07270923933775846,
      0.10261692225528343,
      0.053482871747920956,
      0.059281300068665596,
      0.48630502784771495,
      0.32097352559700926,
      1.0,
      0.30113679713130387,
      0.04699778744182498,
      0.06042572671091783,
      0.0383764400701915,
      0.140688181887541,
      0.07270923933775846,
      0.061417563134203094,
      0.09216449225604639,
      0.05455100328068971,
      0.04913405050736248,
      0.028534370946822308,
      0.10284580758373388,
      0.10696574349584191,
      0.11032272831311513,
      0.03639276722362097,
      0.062027924010070956,
      0.057450217441062025,
      0.20737010757610438,
      0.22507057297627223,
      0.09544518196383611,
      0.09315632867933166,
      0.08865491721980621,
      0.10330357824063477,
      0.10421911955443657,
      0.08751049057755397,
      0.03250171663996338,
      0.0413519493400473,
      0.041046768902113374,
      0.03875791561760891,
      0.039291981383993285,
      0.030518043793392843,
      0.03433279926756695,
      0.10337987335011825
    ],
    [
      0.07171740291447318,
      0.11490043488212405,
      0.055237659266041045,
      0.06469825284199283,
      0.23872739757381553,
      0.5653467612726024,
      0.30113679713130387,
      1.0,
      0.04921034561684596,
      0.05050736247806516,
      0.03479056992446784,
      0.09193560692759595,
      0.07087815671015488,
      0.06332494087129015,
      0.1074998092622263,
      0.05554283970397497,
      0.04379339284351873,
      0.03105210955977722,
      0.10933089188982986,
      0.09857328145265888,
      0.10986495765621423,
      0.032730601968413826,
      0.06126497291523613,
      0.06561379415579462,
      0.2655832761120012,
      0.3103685053788052,
      0.10643167772945754,
      0.10719462882429236,
      0.11772335393301289,
      0.09445334554055085,
      0.10177767605096513,
      0.10910200656137942,
      0.04089417868314641,
      0.053940642404821854,
      0.054016937514305335,
      0.051728084229800866,
      0.05683985656519417,
      0.024338139925230793,
      0.03768978408484016,
      0.1236743724727245
    ],
    [
      0.1441214618142977,
      0.11490043488212405,
      0.12062256809338522,
      0.07400625619897765,
      0.2580300602731365,
      0.06607156481269551,
      0.04699778744182498,
      0.04921034561684596,
      1.0,
      0.024490730144197757,
      0.01953154802777142,
      0.0434882124055848,
      0.029526207370107575,
      0.12916762035553522,
      0.0993362325474937,
      0.043640802624551764,
      0.023193713282978562,
      0.02525368123903258,
      0.023651483939879453,
      0.026550698100251773,
      0.02746623941405356,
      0.03105210955977722,
      0.026245517662317846,
      0.028305485618371862,
      0.0332646677347982,
      0.03631647211413749,
      0.024032959487296866,
      0.024490730144197757,
      0.026321812771801328,
      0.02937361715114061,
      0.02754253452353704,
      0.02571145189593347,
      0.01907377737087053,
      0.018310826276035707,
      0.018768596932936598,
      0.013885709925993743,
      0.01602197299153124,
      0.016937514305333027,
      0.014267185473411154,
      0.020904859998474096
    ],
    [
      0.02937361715114061,
      0.04379339284351873,
      0.03898680094605936,
      0.046005951018539715,
      0.05737392233157854,
      0.05729762722209506,
      0.06042572671091783,
      0.05050736247806516,
      0.024490730144197757,
      1.0,
      0.07621881437399863,
      0.06004425116350042,
      0.20698863202868695,
      0.022201876859693295,
      0.04493781948577096,
      0.03982604715037766,
      0.06370641641870756,
      0.043717097734035246,
      0.02281223773556115,
      0.02929732204165713,
      0.0324254215304799,
      0.0426489662012665,
      0.06637674525062943,
      0.05874723430228122,
      0.14343480582894635,
      0.11230640115968567,
      0.014724956130312047,
      0.016098268101014723,
      0.022201876859693295,
      0.025406271457999542,
      0.027618829633020522,
      0.01602197299153124,
      0.012130922407873656,
      0.01602197299153124,
      0.014953841458762494,
      0.01770046540016785,
      0.01441977569237812,
      0.027618829633020522,
      0.013504234378576334,
      0.01731898985275044
    ],
    [
      0.03044174868390936,
      0.044174868390936144,
      0.04448004882887007,
      0.04936293583581292,
      0.03616388189517052,
      0.03952086671244373,
      0.0383764400701915,
      0.03479056992446784,
      0.01953154802777142,
      0.07621881437399863,
      1.0,
      0.04234378576333257,
      0.08499275196459907,
      0.02746623941405356,
      0.051270313572899975,
      0.03807125963225757,
      0.0797283894102388,
      0.05600061036087587,
      0.024719615472648202,
      0.03341725795376516,
      0.03654535744258793,
      0.050431067368581675,
      0.08262760357061112,
      0.06706340123598077,
      0.06919966430151828,
      0.06263828488593881,
      0.020904859998474096,
      0.020370794232089724,
      0.030670634012359806,
      0.027695124742504004,
      0.03143358510719463,
      0.02136263065537499,
      0.013962005035477227,
      0.017929350728618294,
      0.01998931868467231,
      0.016937514305333027,
      0.013275349050125887,
      0.02418554970626383,
      0.016098268101014723,
      0.015030136568245976
    ],
    [
      0.049973296711680784,
      0.06324864576180667,
      0.05134660868238346,
      0.04814221408407721,
      0.1245136186770428,
      0.09811551079575799,
      0.140688181887541,
      0.09193560692759595,
      0.0434882124055848,
      0.06004425116350042,
      0.04234378576333257,
      1.0,
      0.06584267948424506,
      0.045090409704737926,
      0.05958648050659953,
      0.046845197222858015,
      0.06538490882734417,
      0.0383764400701915,
      0.05645838101777676,
      0.06752117189288166,
      0.06973373006790265,
      0.045090409704737926,
      0.06881818875410087,
      0.05783169298847944,
      0.10055695429922942,
      0.10627908751049057,
      0.04570077058060578,
      0.0469214923323415,
      0.05012588693064775,
      0.0630960555428397,
      0.06507972838941024,
      0.04257267109178302,
      0.021591515983825436,
      0.02639810788128481,
      0.02708476386663615,
      0.02571145189593347,
      0.023422598611429007,
      0.030594338902876324,
      0.022201876859693295,
      0.03830014496070802
    ],
    [
      0.03654535744258793,
      0.0477607385366598,
      0.04631113145647364,
      0.05111772335393301,
      0.06973373006790265,
      0.07606622415503166,
      0.07270923933775846,
      0.07087815671015488,
      0.029526207370107575,
      0.20698863202868695,
      0.08499275196459907,
      0.06584267948424506,
      1.0,
      0.02967879758907454,
      0.05104142824444953,
      0.04432745860990311,
      0.06172274357213703,
      0.0413519493400473,
      0.026321812771801328,
      0.03318837262531472,
      0.0341039139391165,
      0.04211490043488213,
      0.06385900663767452,
      0.05760280766002899,
      0.15976195925841152,
      0.12542915999084459,
      0.021820401312275882,
      0.02204928664072633,
      0.027313649195086595,
      0.030746929121843288,
      0.03257801174944686,
      0.02136263065537499,
      0.013885709925993743,
      0.014496070801861601,
      0.016098268101014723,
      0.01594567788204776,
      0.01411459525444419,
      0.025482566567483024,
      0.01441977569237812,
      0.021057450217441064
    ],
    [
      0.39085984588387884,
      0.15022507057297627,
      0.1867704280155642,
      0.08728160524910353,
      0.15617608911268788,
      0.08110170138094148,
      0.061417563134203094,
      0.06332494087129015,
      0.12916762035553522,
      0.022201876859693295,
      0.02746623941405356,
      0.045090409704737926,
      0.02967879758907454,
      1.0,
      0.14579995422293432,
      0.0515754940108339,
      0.031357289997711146,
      0.030289158464942397,
      0.049973296711680784,
      0.05279621576256962,
      0.05149919890135042,
      0.02494850080109865,
      0.03776607919432364,
      0.03807125963225757,
      0.04837109941252766,
      0.0528725108720531,
      0.052643625543602655,
      0.053482871747920956,
      0.055848020141908906,
      0.05294880598153658,
      0.05096513313496605,
      0.054016937514305335,
      0.030975814450293737,
      0.03471427481498436,
      0.033112077515831236,
      0.027618829633020522,
      0.020981155107957578,
      0.020828564888990615,
      0.026626993209735255,
      0.0434882124055848
    ],
    [
      0.1335164415960937,
      0.26756694895857175,
      0.12802319371328297,
      0.15846494239719233,
      0.1467154955367361,
      0.12344548714427406,
      0.09216449225604639,
      0.1074998092622263,
      0.0993362325474937,
      0.04493781948577096,
      0.051270313572899975,
      0.05958648050659953,
      0.05104142824444953,
      0.14579995422293432,
      1.0,
      0.05638208590829328,
      0.05279621576256962,
      0.048676279850461586,
      0.061417563134203094,
      0.0622568093385214,
      0.06340123598077363,
      0.04386968795300221,
      0.06332494087129015,
      0.058442053864347296,
      0.09399557488364996,
      0.09971770809491112,
      0.054474708171206226,
      0.056610971236743725,
      0.06721599145494773,
      0.062333104448004883,
      0.06134126802471961,
      0.06401159685664148,
      0.028000305180437935,
      0.03341725795376516,
      0.03219653620202945,
      0.026321812771801328,
      0.026169222552834364,
      0.02883955138475624,
      0.027008468757152668,
      0.04760814831769283
    ],
    [
      0.061570153353170065,
      0.06027313649195087,
      0.060578316929884794,
      0.0515754940108339,
      0.07057297627222095,
      0.06187533379110399,
      0.05455100328068971,
      0.05554283970397497,
      0.043640802624551764,
      0.03982604715037766,
      0.03807125963225757,
      0.046845197222858015,
      0.04432745860990311,
      0.0515754940108339,
      0.05638208590829328,
      1.0,
      0.04234378576333257,
      0.03418020904859999,
      0.04043640802624552,
      0.046082246128023197,
      0.047302967879758906,
      0.03555352101930266,
      0.04623483634699016,
      0.0456244754711223,
      0.0515754940108339,
      0.05455100328068971,
      0.038910505836575876,
      0.03494316014343481,
      0.04257267109178302,
      0.04631113145647364,
      0.044174868390936144,
      0.03639276722362097,
      0.023804074158846417,
      0.027008468757152668,
      0.026855878538185704,
      0.024795910582131684,
      0.021896696421759364,
      0.024490730144197757,
      0.023422598611429007,
      0.02929732204165713
    ],
    [
      0.0354009308003357,
      0.04661631189440757,
      0.04806591897459373,
      0.044708934157320517,
      0.04493781948577096,
      0.04676890211337453,
      0.04913405050736248,
      0.04379339284351873,
      0.023193713282978562,
      0.06370641641870756,
      0.0797283894102388,
      0.06538490882734417,
      0.06172274357213703,
      0.031357289997711146,
      0.05279621576256962,
      0.04234378576333257,
      1.0,
      0.09330891889829862,
      0.03990234225986114,
      0.051270313572899975,
      0.05333028152895399,
      0.10528725108720531,
      0.1932555123216602,
      0.24208438239108873,
      0.0686655985351339,
      0.06645304036011292,
      0.029526207370107575,
      0.030136568245975433,
      0.04165712977798123,
      0.04257267109178302,
      0.043717097734035246,
      0.029602502479591057,
      0.016861219195849545,
      0.02494850080109865,
      0.02578774700541695,
      0.022354467078660258,
      0.017090104524299994,
      0.029068436713206684,
      0.01777676050965133,
      0.0196078431372549
    ],
    [
      0.029831387808041506,
      0.038834210727092394,
      0.043640802624551764,
      0.043259327077134355,
      0.02929732204165713,
      0.03219653620202945,
      0.028534370946822308,
      0.03105210955977722,
      0.02525368123903258,
      0.043717097734035246,
      0.05600061036087587,
      0.0383764400701915,
      0.0413519493400473,
      0.030289158464942397,
      0.048676279850461586,
      0.03418020904859999,
      0.09330891889829862,
      1.0,
      0.027008468757152668,
      0.03479056992446784,
      0.03341725795376516,
      0.11535820553902495,
      0.09491111619745174,
      0.08400091554131381,
      0.044174868390936144,
      0.043335622186617836,
      0.022735942626077667,
      0.018997482261387044,
      0.030518043793392843,
      0.02708476386663615,
      0.027924010070954453,
      0.022125581750209813,
      0.015335317006179903,
      0.016937514305333027,
      0.018158236057068743,
      0.01808194094758526,
      0.014496070801861601,
      0.024032959487296866,
      0.01602197299153124,
      0.012130922407873656
    ],
    [
      0.05149919890135042,
      0.0673685816739147,
      0.03952086671244373,
      0.04234378576333257,
      0.08293278400854505,
      0.10643167772945754,
      0.10284580758373388,
      0.10933089188982986,
      0.023651483939879453,
      0.02281223773556115,
      0.024719615472648202,
      0.05645838101777676,
      0.026321812771801328,
      0.049973296711680784,
      0.061417563134203094,
      0.04043640802624552,
      0.03990234225986114,
      0.027008468757152668,
      1.0,
      0.12626840619516289,
      0.11978332188906692,
      0.04165712977798123,
      0.04890516517891203,
      0.043717097734035246,
      0.08636606393530175,
      0.10170138094148165,
      0.09018081940947585,
      0.09330891889829862,
      0.09399557488364996,
      0.11787594415197986,
      0.12176699473563744,
      0.09231708247501336,
      0.03555352101930266,
      0.041046768902113374,
      0.037537193865873196,
      0.03601129167620355,
      0.03952086671244373,
      0.026321812771801328,
      0.03402761882963302,
      0.05600061036087587
    ],
    [
      0.05294880598153658,
      0.06668192568856336,
      0.041504539559014265,
      0.04783703364614328,
      0.08865491721980621,
      0.09689478904402228,
      0.10696574349584191,
      0.09857328145265888,
      0.026550698100251773,
      0.02929732204165713,
      0.03341725795376516,
      0.06752117189288166,
      0.03318837262531472,
      0.05279621576256962,
      0.0622568093385214,
      0.046082246128023197,
      0.051270313572899975,
      0.03479056992446784,
      0.12626840619516289,
      1.0,
      0.1670862897688258,
      0.0439459830624857,
      0.06584267948424506,
      0.05607690547035935,
      0.08552681773098345,
      0.09521629663538567,
      0.08331425955596246,
      0.08667124437323567,
      0.09132524605172808,
      0.1074998092622263,
      0.16563668268863965,
      0.0806439307240406,
      0.0311284046692607,
      0.040665293354695965,
      0.03944457160296025,
      0.03616388189517052,
      0.03036545357442588,
      0.030975814450293737,
      0.03479056992446784,
      0.054779888609140154
    ],
    [
      0.052185854886701764,
      0.07072556649118791,
      0.043259327077134355,
      0.04882887006942855,
      0.09094377050431067,
      0.10872053101396201,
      0.11032272831311513,
      0.10986495765621423,
      0.02746623941405356,
      0.0324254215304799,
      0.03654535744258793,
      0.06973373006790265,
      0.0341039139391165,
      0.05149919890135042,
      0.06340123598077363,
      0.047302967879758906,
      0.05333028152895399,
      0.03341725795376516,
      0.11978332188906692,
      0.1670862897688258,
      1.0,
      0.046005951018539715,
      0.07270923933775846,
      0.05317769130998703,
      0.0976577401388571,
      0.10811017013809415,
      0.08636606393530175,
      0.08903639276722362,
      0.10200656137941558,
      0.11223010605020219,
      0.15205615320057983,
      0.10543984130617227,
      0.031204699778744183,
      0.03479056992446784,
      0.036621652552071414,
      0.03234912642099642,
      0.03501945525291829,
      0.023422598611429007,
      0.031967650873579,
      0.05554283970397497
    ],
    [
      0.029068436713206684,
      0.037918669413290605,
      0.04005493247882811,
      0.03616388189517052,
      0.03730830853742275,
      0.034866865033951325,
      0.03639276722362097,
      0.032730601968413826,
      0.03105210955977722,
      0.0426489662012665,
      0.050431067368581675,
      0.045090409704737926,
      0.04211490043488213,
      0.02494850080109865,
      0.04386968795300221,
      0.03555352101930266,
      0.10528725108720531,
      0.11535820553902495,
      0.04165712977798123,
      0.0439459830624857,
      0.046005951018539715,
      1.0,
      0.09895475700007629,
      0.08934157320515755,
      0.0469214923323415,
      0.04592965590905623,
      0.024872205691615166,
      0.02647440299076829,
      0.029602502479591057,
      0.033035782406347754,
      0.03463797970550088,
      0.022354467078660258,
      0.017624170290684367,
      0.018997482261387044,
      0.019302662699320974,
      0.017471580071717403,
      0.015716792553597314,
      0.023041123064011598,
      0.016861219195849545,
      0.014190890363927672
    ],
    [
      0.038910505836575876,
      0.056153200579842834,
      0.0507362478065156,
      0.05325398641947051,
      0.0571450370031281,
      0.0630960555428397,
      0.062027924010070956,
      0.06126497291523613,
      0.026245517662317846,
      0.06637674525062943,
      0.08262760357061112,
      0.06881818875410087,
      0.06385900663767452,
      0.03776607919432364,
      0.06332494087129015,
      0.04623483634699016,
      0.1932555123216602,
      0.09491111619745174,
      0.04890516517891203,
      0.06584267948424506,
      0.07270923933775846,
      0.09895475700007629,
      1.0,
      0.14168001831082627,
      0.08117799649042497,
      0.08171206225680934,
      0.040283817807278556,
      0.040207522697795074,
      0.0520332646677348,
      0.047302967879758906,
      0.05645838101777676,
      0.040512703135729,
      0.021591515983825436,
      0.030594338902876324,
      0.031738765545128556,
      0.028381780727855344,
      0.021438925764858473,
      0.030518043793392843,
      0.02426184481574731,
      0.023956664377813384
    ],
    [
      0.03875791561760891,
      0.04753185320820935,
      0.05111772335393301,
      0.0498970016021973,
      0.05386434729533837,
      0.06576638437476158,
      0.057450217441062025,
      0.06561379415579462,
      0.028305485618371862,
      0.05874723430228122,
      0.06706340123598077,
      0.05783169298847944,
      0.05760280766002899,
      0.03807125963225757,
      0.058442053864347296,
      0.0456244754711223,
      0.24208438239108873,
      0.08400091554131381,
      0.043717097734035246,
      0.05607690547035935,
      0.05317769130998703,
      0.08934157320515755,
      0.14168001831082627,
      1.0,
      0.07698176546883345,
      0.07713435568780042,
      0.04013122758831159,
      0.03906309605554284,
      0.04493781948577096,
      0.043335622186617836,
      0.0456244754711223,
      0.04036011291676204,
      0.021057450217441064,
      0.028992141603723202,
      0.029068436713206684,
      0.027237354085603113,
      0.01991302357518883,
      0.031738765545128556,
      0.022278171969176776,
      0.02594033722438392
    ],
    [
      0.05363546196688792,
      0.09643701838712139,
      0.0507362478065156,
      0.06523231860837721,
      0.17715724422064547,
      0.2790112153810941,
      0.20737010757610438,
      0.2655832761120012,
      0.0332646677347982,
      0.14343480582894635,
      0.06919966430151828,
      0.10055695429922942,
      0.15976195925841152,
      0.04837109941252766,
      0.09399557488364996,
      0.0515754940108339,
      0.0686655985351339,
      0.044174868390936144,
      0.08636606393530175,
      0.08552681773098345,
      0.0976577401388571,
      0.0469214923323415,
      0.08117799649042497,
      0.07698176546883345,
      1.0,
      0.4620431830319677,
      0.07492179751277943,
      0.08110170138094148,
      0.08560311284046693,
      0.07949950408178835,
      0.09086747539482719,
      0.07827878233005264,
      0.030975814450293737,
      0.03677424277103838,
      0.03685053788052186,
      0.03715571831845579,
      0.05058365758754864,
      0.026092927443350882,
      0.026932173647669186,
      0.07576104371709773
    ],
    [
      0.05828946364538033,
      0.10643167772945754,
      0.0520332646677348,
      0.06584267948424506,
      0.1880674448767834,
      0.31662470435645074,
      0.22507057297627223,
      0.3103685053788052,
      0.03631647211413749,
      0.11230640115968567,
      0.06263828488593881,
      0.10627908751049057,
      0.12542915999084459,
      0.0528725108720531,
      0.09971770809491112,
      0.05455100328068971,
      0.06645304036011292,
      0.043335622186617836,
      0.10170138094148165,
      0.09521629663538567,
      0.10811017013809415,
      0.04592965590905623,
      0.08171206225680934,
      0.07713435568780042,
      0.4620431830319677,
      1.0,
      0.08918898298619059,
      0.09224078736552987,
      0.09658960860608835,
      0.09018081940947585,
      0.10307469291218432,
      0.09277485313191425,
      0.03433279926756695,
      0.04158083466849775,
      0.04386968795300221,
      0.042496375982299536,
      0.060196841382467385,
      0.024872205691615166,
      0.02967879758907454,
      0.09147783627069504
    ],
    [
      0.0520332646677348,
      0.061036087586785685,
      0.0383764400701915,
      0.0383764400701915,
      0.07873655298695353,
      0.10376134889753567,
      0.09544518196383611,
      0.10643167772945754,
      0.024032959487296866,
      0.014724956130312047,
      0.020904859998474096,
      0.04570077058060578,
      0.021820401312275882,
      0.052643625543602655,
      0.054474708171206226,
      0.038910505836575876,
      0.029526207370107575,
      0.022735942626077667,
      0.09018081940947585,
      0.08331425955596246,
      0.08636606393530175,
      0.024872205691615166,
      0.040283817807278556,
      0.04013122758831159,
      0.07492179751277943,
      0.08918898298619059,
      1.0,
      0.10048065918974594,
      0.1002517738612955,
      0.09437705043106737,
      0.09010452429999237,
      0.09132524605172808,
      0.029526207370107575,
      0.04158083466849775,
      0.03814755474174106,
      0.03906309605554284,
      0.03761348897535668,
      0.02059967956054017,
      0.037460898756389714,
      0.06477454795147632
    ],
    [
      0.05210955977721828,
      0.06363012130922407,
      0.03860532539864195,
      0.038910505836575876,
      0.07812619211108568,
      0.10643167772945754,
      0.09315632867933166,
      0.10719462882429236,
      0.024490730144197757,
      0.016098268101014723,
      0.020370794232089724,
      0.0469214923323415,
      0.02204928664072633,
      0.053482871747920956,
      0.056610971236743725,
      0.03494316014343481,
      0.030136568245975433,
      0.018997482261387044,
      0.09330891889829862,
      0.08667124437323567,
      0.08903639276722362,
      0.02647440299076829,
      0.040207522697795074,
      0.03906309605554284,
      0.08110170138094148,
      0.09224078736552987,
      0.10048065918974594,
      1.0,
      0.10223544670786602,
      0.09208819714656291,
      0.0993362325474937,
      0.10215915159838254,
      0.03257801174944686,
      0.04676890211337453,
      0.04455634393835355,
      0.0434882124055848,
      0.03776607919432364,
      0.021591515983825436,
      0.041962310215915156,
      0.07568474860761425
    ],
    [
      0.05233844510566873,
      0.06874189364461739,
      0.042801556420233464,
      0.04570077058060578,
      0.07476920729381246,
      0.11024643320363164,
      0.08865491721980621,
      0.11772335393301289,
      0.026321812771801328,
      0.022201876859693295,
      0.030670634012359806,
      0.05012588693064775,
      0.027313649195086595,
      0.055848020141908906,
      0.06721599145494773,
      0.04257267109178302,
      0.04165712977798123,
      0.030518043793392843,
      0.09399557488364996,
      0.09132524605172808,
      0.10200656137941558,
      0.029602502479591057,
      0.0520332646677348,
      0.04493781948577096,
      0.08560311284046693,
      0.09658960860608835,
      0.1002517738612955,
      0.10223544670786602,
      1.0,
      0.11024643320363164,
      0.10040436408026246,
      0.12436102845807584,
      0.030823224231326773,
      0.04173342488746471,
      0.04074158846417945,
      0.04127565423056382,
      0.03677424277103838,
      0.02647440299076829,
      0.040512703135729,
      0.06691081101701381
    ],
    [
      0.05806057831692989,
      0.07103074692912184,
      0.04272526131074998,
      0.049515526054779886,
      0.091630426489662,
      0.09498741130693522,
      0.10330357824063477,
      0.09445334554055085,
      0.02937361715114061,
      0.025406271457999542,
      0.027695124742504004,
      0.0630960555428397,
      0.030746929121843288,
      0.05294880598153658,
      0.062333104448004883,
      0.04631113145647364,
      0.04257267109178302,
      0.02708476386663615,
      0.11787594415197986,
      0.1074998092622263,
      0.11223010605020219,
      0.033035782406347754,
      0.047302967879758906,
      0.043335622186617836,
      0.07949950408178835,
      0.09018081940947585,
      0.09437705043106737,
      0.09208819714656291,
      0.11024643320363164,
      1.0,
      0.12771801327534904,
      0.10086213473716335,
      0.03257801174944686,
      0.035706111238269625,
      0.03433279926756695,
      0.02861066605630579,
      0.03547722590981918,
      0.0281528953994049,
      0.030746929121843288,
      0.044632639047837035
    ],
    [
      0.05279621576256962,
      0.0686655985351339,
      0.0392156862745098,
      0.0439459830624857,
      0.08712901503013656,
      0.09903105210955977,
      0.10421911955443657,
      0.10177767605096513,
      0.02754253452353704,
      0.027618829633020522,
      0.03143358510719463,
      0.06507972838941024,
      0.03257801174944686,
      0.05096513313496605,
      0.06134126802471961,
      0.044174868390936144,
      0.043717097734035246,
      0.027924010070954453,
      0.12176699473563744,
      0.16563668268863965,
      0.15205615320057983,
      0.03463797970550088,
      0.05645838101777676,
      0.0456244754711223,
      0.09086747539482719,
      0.10307469291218432,
      0.09010452429999237,
      0.0993362325474937,
      0.10040436408026246,
      0.12771801327534904,
      1.0,
      0.08667124437323567,
      0.03219653620202945,
      0.039749752040894176,
      0.03761348897535668,
      0.03418020904859999,
      0.033951323720149536,
      0.027618829633020522,
      0.03318837262531472,
      0.05462729839017319
    ],
    [
      0.05035477225909819,
      0.06851300831616694,
      0.039749752040894176,
      0.04089417868314641,
      0.07339589532310979,
      0.10597390707255665,
      0.08751049057755397,
      0.10910200656137942,
      0.02571145189593347,
      0.01602197299153124,
      0.02136263065537499,
      0.04257267109178302,
      0.02136263065537499,
      0.054016937514305335,
      0.06401159685664148,
      0.03639276722362097,
      0.029602502479591057,
      0.022125581750209813,
      0.09231708247501336,
      0.0806439307240406,
      0.10543984130617227,
      0.022354467078660258,
      0.040512703135729,
      0.04036011291676204,
      0.07827878233005264,
      0.09277485313191425,
      0.09132524605172808,
      0.10215915159838254,
      0.12436102845807584,
      0.10086213473716335,
      0.08667124437323567,
      1.0,
      0.031662470435645074,
      0.04058899824521248,
      0.04005493247882811,
      0.036621652552071414,
      0.03593499656672007,
      0.021667811093308918,
      0.037460898756389714,
      0.060196841382467385
    ],
    [
      0.03181506065461204,
      0.02708476386663615,
      0.023346303501945526,
      0.01998931868467231,
      0.029907682917524988,
      0.04043640802624552,
      0.03250171663996338,
      0.04089417868314641,
      0.01907377737087053,
      0.012130922407873656,
      0.013962005035477227,
      0.021591515983825436,
      0.013885709925993743,
      0.030975814450293737,
      0.028000305180437935,
      0.023804074158846417,
      0.016861219195849545,
      0.015335317006179903,
      0.03555352101930266,
      0.0311284046692607,
      0.031204699778744183,
      0.017624170290684367,
      0.021591515983825436,
      0.021057450217441064,
      0.030975814450293737,
      0.03433279926756695,
      0.029526207370107575,
      0.03257801174944686,
      0.030823224231326773,
      0.03257801174944686,
      0.03219653620202945,
      0.031662470435645074,
      1.0,
      0.06713969634546425,
      0.061493858243686576,
      0.06172274357213703,
      0.05638208590829328,
      0.03425650415808347,
      0.05867093919279774,
      0.04654001678492409
    ],
    [
      0.033951323720149536,
      0.033493553063248645,
      0.02426184481574731,
      0.023041123064011598,
      0.0332646677347982,
      0.05249103532463569,
      0.0413519493400473,
      0.053940642404821854,
      0.018310826276035707,
      0.01602197299153124,
      0.017929350728618294,
      0.02639810788128481,
      0.014496070801861601,
      0.03471427481498436,
      0.03341725795376516,
      0.027008468757152668,
      0.02494850080109865,
      0.016937514305333027,
      0.041046768902113374,
      0.040665293354695965,
      0.03479056992446784,
      0.018997482261387044,
      0.030594338902876324,
      0.028992141603723202,
      0.03677424277103838,
      0.04158083466849775,
      0.04158083466849775,
      0.04676890211337453,
      0.04173342488746471,
      0.035706111238269625,
      0.039749752040894176,
      0.04058899824521248,
      0.06713969634546425,
      1.0,
      0.5142290379186694,
      0.3670557717250324,
      0.08384832532234683,
      0.04554818036163882,
      0.10582131685358968,
      0.1309987029831388
    ],
    [
      0.032120241092545965,
      0.03356984817273213,
      0.023422598611429007,
      0.023346303501945526,
      0.03372243839169909,
      0.052185854886701764,
      0.041046768902113374,
      0.054016937514305335,
      0.018768596932936598,
      0.014953841458762494,
      0.01998931868467231,
      0.02708476386663615,
      0.016098268101014723,
      0.033112077515831236,
      0.03219653620202945,
      0.026855878538185704,
      0.02578774700541695,
      0.018158236057068743,
      0.037537193865873196,
      0.03944457160296025,
      0.036621652552071414,
      0.019302662699320974,
      0.031738765545128556,
      0.029068436713206684,
      0.03685053788052186,
      0.04386968795300221,
      0.03814755474174106,
      0.04455634393835355,
      0.04074158846417945,
      0.03433279926756695,
      0.03761348897535668,
      0.04005493247882811,
      0.061493858243686576,
      0.5142290379186694,
      1.0,
      0.3906309605554284,
      0.08834973678187229,
      0.0456244754711223,
      0.1065842679484245,
      0.1407644769970245
    ],
    [
      0.02868696116578927,
      0.02716105897611963,
      0.02136263065537499,
      0.01915007248035401,
      0.030212863355458915,
      0.04982070649271382,
      0.03875791561760891,
      0.051728084229800866,
      0.013885709925993743,
      0.01770046540016785,
      0.016937514305333027,
      0.02571145189593347,
      0.01594567788204776,
      0.027618829633020522,
      0.026321812771801328,
      0.024795910582131684,
      0.022354467078660258,
      0.01808194094758526,
      0.03601129167620355,
      0.03616388189517052,
      0.03234912642099642,
      0.017471580071717403,
      0.028381780727855344,
      0.027237354085603113,
      0.03715571831845579,
      0.042496375982299536,
      0.03906309605554284,
      0.0434882124055848,
      0.04127565423056382,
