{
  "model": "Qwen/Qwen2.5-32B-Instruct",
  "sign": "positive",
  "percentage": 0.1,
  "component": "neurons",
  "tasks": [
    "MD/add_sub_2op_symbolic",
    "MD/add_sub_2op_verbal",
    "MD/add_sub_3op_symbolic",
    "MD/add_sub_3op_verbal",
    "MD/code_A",
    "MD/code_B",
    "MD/code_conditional",
    "MD/code_list",
    "MD/code_loop",
    "MD/logic_propositional_1",
    "MD/logic_propositional_symbolic",
    "MD/logic_syllogism_1",
    "MD/logic_syllogism_symbolic",
    "MD/mul_div_2op_symbolic",
    "MD/mul_div_2op_verbal",
    "MD/mul_div_3op_symbolic",
    "MD/number_sequence",
    "MD/number_sorting",
    "MD/simple_equation",
    "ToM/agent",
    "ToM/desires_goals",
    "ToM/emotion_fewshot",
    "ToM/norm_appropriate",
    "ToM/norm_moral",
    "ToM/primary_emotions",
    "ToM/secondary_emotions",
    "ToM/social_interactions",
    "ToM/social_relations",
    "phys/phys_newton",
    "phys/phys_prost",
    "phys/physics_brightness",
    "phys/physics_buoyancy",
    "phys/physics_elasticity",
    "phys/physics_solubility",
    "phys/physics_speed",
    "phys/physics_stability",
    "phys/physics_temperature",
    "Lan/anaphor_gender_agreement",
    "Lan/det_noun_agreement_irregular",
    "Lan/det_noun_agreement_regular",
    "Lan/det_noun_agreement_with_adjective",
    "Lan/hypernymy",
    "Lan/npi",
    "Lan/subject_verb_agreement",
    "Lan/wug"
  ],
  "overlap_matrix": [
    [
      1.0,
      0.539287733182589,
      0.5692481628038439,
      0.425664217071792,
      0.36122102882984736,
      0.018089315997738834,
      0.014132278123233465,
      0.010740531373657434,
      0.3369135104578858,
      0.0005652911249293386,
      0.009609949123798756,
      0.010740531373657434,
      0.01582815149802148,
      0.5127190503109101,
      0.37422272470322215,
      0.4686263425664217,
      0.09270774448841153,
      0.013566986998304126,
      0.5161107970604861,
      0.00395703787450537,
      0.0022611644997173543,
      0.014697569248162803,
      0.009609949123798756,
      0.013001695873374788,
      0.0022611644997173543,
      0.005087620124364048,
      0.005652911249293386,
      0.00791407574901074,
      0.010740531373657434,
      0.010740531373657434,
      0.013566986998304126,
      0.013001695873374788,
      0.013001695873374788,
      0.009044657998869417,
      0.010175240248728096,
      0.013566986998304126,
      0.008479366873940079,
      0.0033917467495760316,
      0.006218202374222725,
      0.002826455624646693,
      0.00395703787450537,
      0.0022611644997173543,
      0.0022611644997173543,
      0.002826455624646693,
      0.006218202374222725
    ],
    [
      0.539287733182589,
      1.0,
      0.4296212549462973,
      0.5228942905596382,
      0.29508196721311475,
      0.06557377049180328,
      0.0423968343697004,
      0.059920859242509894,
      0.2605992085924251,
      0.0016958733747880158,
      0.006218202374222725,
      0.020915771622385528,
      0.023176936122102882,
      0.37535330695308083,
      0.499152063312606,
      0.3504804974561899,
      0.0791407574901074,
      0.01243640474844545,
      0.4104013566986998,
      0.0033917467495760316,
      0.0016958733747880158,
      0.047484454494064444,
      0.02826455624646693,
      0.029395138496325607,
      0.0033917467495760316,
      0.0045223289994347085,
      0.00395703787450537,
      0.009609949123798756,
      0.048049745618993785,
      0.046353872244205764,
      0.033917467495760314,
      0.03730921424533635,
      0.03278688524590164,
      0.033917467495760314,
      0.034482758620689655,
      0.03674392312040701,
      0.03617863199547767,
      0.006783493499152063,
      0.0045223289994347085,
      0.002826455624646693,
      0.005087620124364048,
      0.0016958733747880158,
      0.0016958733747880158,
      0.00395703787450537,
      0.00791407574901074
    ],
    [
      0.5692481628038439,
      0.4296212549462973,
      1.0,
      0.4217071791972866,
      0.3035613340870548,
      0.014697569248162803,
      0.011305822498586773,
      0.010740531373657434,
      0.2899943470887507,
      0.0022611644997173543,
      0.00791407574901074,
      0.008479366873940079,
      0.01243640474844545,
      0.4375353306953081,
      0.3323911814584511,
      0.4318824194460147,
      0.07857546636517806,
      0.015262860373092142,
      0.42509892594686266,
      0.005087620124364048,
      0.0022611644997173543,
      0.014697569248162803,
      0.007348784624081402,
      0.009609949123798756,
      0.002826455624646693,
      0.0033917467495760316,
      0.0033917467495760316,
      0.005087620124364048,
      0.013566986998304126,
      0.011305822498586773,
      0.010740531373657434,
      0.013566986998304126,
      0.00791407574901074,
      0.010740531373657434,
      0.00791407574901074,
      0.013001695873374788,
      0.00791407574901074,
      0.005087620124364048,
      0.005087620124364048,
      0.002826455624646693,
      0.0016958733747880158,
      0.0016958733747880158,
      0.002826455624646693,
      0.00395703787450537,
      0.006218202374222725
    ],
    [
      0.425664217071792,
      0.5228942905596382,
      0.4217071791972866,
      1.0,
      0.24364047484454493,
      0.05144149236856981,
      0.03617863199547767,
      0.04918032786885246,
      0.215375918598078,
      0.0016958733747880158,
      0.006783493499152063,
      0.013566986998304126,
      0.01639344262295082,
      0.3165630299604296,
      0.4024872809496891,
      0.3029960429621255,
      0.05822498586772187,
      0.011871113623516111,
      0.32786885245901637,
      0.005087620124364048,
      0.00395703787450537,
      0.03278688524590164,
      0.03617863199547767,
      0.030525720746184284,
      0.00395703787450537,
      0.006783493499152063,
      0.0045223289994347085,
      0.009044657998869417,
      0.03617863199547767,
      0.03278688524590164,
      0.030525720746184284,
      0.0322215941209723,
      0.031091011871113624,
      0.035048049745618995,
      0.03278688524590164,
      0.0395703787450537,
      0.03278688524590164,
      0.007348784624081402,
      0.006218202374222725,
      0.005087620124364048,
      0.0033917467495760316,
      0.002826455624646693,
      0.0016958733747880158,
      0.0016958733747880158,
      0.005087620124364048
    ],
    [
      0.36122102882984736,
      0.29508196721311475,
      0.3035613340870548,
      0.24364047484454493,
      1.0,
      0.19276427360090448,
      0.35895986433013,
      0.17693612210288298,
      0.4115319389485585,
      0.025438100621820236,
      0.03335217637083098,
      0.09609949123798757,
      0.053702656868287166,
      0.32786885245901637,
      0.2792538157150933,
      0.3363482193329565,
      0.09892594686263426,
      0.031091011871113624,
      0.3657433578292821,
      0.011871113623516111,
      0.005087620124364048,
      0.07405313736574336,
      0.07744488411531938,
      0.07122668174109667,
      0.005652911249293386,
      0.00791407574901074,
      0.00791407574901074,
      0.023742227247032222,
      0.15884680610514415,
      0.15149802148106276,
      0.06953080836630865,
      0.06387789711701526,
      0.054833239118145846,
      0.04465799886941775,
      0.0791407574901074,
      0.07405313736574336,
      0.0570944036178632,
      0.0033917467495760316,
      0.0016958733747880158,
      0.0011305822498586771,
      0.0016958733747880158,
      0.0016958733747880158,
      0.0016958733747880158,
      0.0045223289994347085,
      0.02035048049745619
    ],
    [
      0.018089315997738834,
      0.06557377049180328,
      0.014697569248162803,
      0.05144149236856981,
      0.19276427360090448,
      1.0,
      0.30977953646127754,
      0.5279819106840022,
      0.016958733747880157,
      0.035048049745618995,
      0.047484454494064444,
      0.07122668174109667,
      0.09779536461277558,
      0.018654607122668174,
      0.060486150367439234,
      0.01582815149802148,
      0.01639344262295082,
      0.03278688524590164,
      0.026568682871678916,
      0.015262860373092142,
      0.010175240248728096,
      0.10288298473713962,
      0.09440361786319955,
      0.1141888072357264,
      0.005087620124364048,
      0.008479366873940079,
      0.015262860373092142,
      0.04409270774448841,
      0.3352176370830978,
      0.33408705483323914,
      0.08988128886376484,
      0.0994912379875636,
      0.08309779536461277,
      0.08196721311475409,
      0.07970604861503675,
      0.09836065573770492,
      0.08875070661390616,
      0.002826455624646693,
      0.005087620124364048,
      0.005087620124364048,
      0.006783493499152063,
      0.00791407574901074,
      0.002826455624646693,
      0.00395703787450537,
      0.04352741661955907
    ],
    [
      0.014132278123233465,
      0.0423968343697004,
      0.011305822498586773,
      0.03617863199547767,
      0.35895986433013,
      0.30977953646127754,
      1.0,
      0.3312605992085924,
      0.011305822498586773,
      0.03787450537026569,
      0.048049745618993785,
      0.14075749010740532,
      0.10118711136235162,
      0.011305822498586773,
      0.04013566986998304,
      0.01243640474844545,
      0.005087620124364048,
      0.034482758620689655,
      0.009044657998869417,
      0.023176936122102882,
      0.009044657998869417,
      0.11136235161107971,
      0.13510457885811192,
      0.12662521198417184,
      0.011871113623516111,
      0.01243640474844545,
      0.014697569248162803,
      0.03900508762012436,
      0.2447710570944036,
      0.24646693046919163,
      0.10627473148671567,
      0.10344827586206896,
      0.08818541548897682,
      0.071791972866026,
      0.11588468061051442,
      0.1260599208592425,
      0.07970604861503675,
      0.005652911249293386,
      0.005652911249293386,
      0.005087620124364048,
      0.006783493499152063,
      0.0045223289994347085,
      0.005652911249293386,
      0.00791407574901074,
      0.04918032786885246
    ],
    [
      0.010740531373657434,
      0.059920859242509894,
      0.010740531373657434,
      0.04918032786885246,
      0.17693612210288298,
      0.5279819106840022,
      0.3312605992085924,
      1.0,
      0.010740531373657434,
      0.027699265121537593,
      0.022046353872244205,
      0.06557377049180328,
      0.12210288298473713,
      0.013001695873374788,
      0.05144149236856981,
      0.010740531373657434,
      0.009044657998869417,
      0.026003391746749576,
      0.011871113623516111,
      0.01582815149802148,
      0.011871113623516111,
      0.1243640474844545,
      0.12040700960994913,
      0.143583945732052,
      0.0033917467495760316,
      0.008479366873940079,
      0.018654607122668174,
      0.053702656868287166,
      0.3629169022046354,
      0.36970039570378743,
      0.11984171848501979,
      0.11871113623516111,
      0.11023176936122103,
      0.09496890898812889,
      0.08140192198982477,
      0.12492933860938384,
      0.11249293386093838,
      0.005087620124364048,
      0.00791407574901074,
      0.009044657998869417,
      0.009609949123798756,
      0.011305822498586773,
      0.0033917467495760316,
      0.005652911249293386,
      0.054267947993216506
    ],
    [
      0.3369135104578858,
      0.2605992085924251,
      0.2899943470887507,
      0.215375918598078,
      0.4115319389485585,
      0.016958733747880157,
      0.011305822498586773,
      0.010740531373657434,
      1.0,
      0.0005652911249293386,
      0.006218202374222725,
      0.007348784624081402,
      0.01243640474844545,
      0.36122102882984736,
      0.2736009044657999,
      0.3747880158281515,
      0.08253250423968343,
      0.01243640474844545,
      0.37422272470322215,
      0.002826455624646693,
      0.0011305822498586771,
      0.013566986998304126,
      0.007348784624081402,
      0.0045223289994347085,
      0.0022611644997173543,
      0.0016958733747880158,
      0.00395703787450537,
      0.0033917467495760316,
      0.009609949123798756,
      0.00791407574901074,
      0.010175240248728096,
      0.01243640474844545,
      0.009609949123798756,
      0.011305822498586773,
      0.009609949123798756,
      0.011305822498586773,
      0.010175240248728096,
      0.005652911249293386,
      0.006218202374222725,
      0.005087620124364048,
      0.006783493499152063,
      0.00395703787450537,
      0.002826455624646693,
      0.0045223289994347085,
      0.00791407574901074
    ],
    [
      0.0005652911249293386,
      0.0016958733747880158,
      0.0022611644997173543,
      0.0016958733747880158,
      0.025438100621820236,
      0.035048049745618995,
      0.03787450537026569,
      0.027699265121537593,
      0.0005652911249293386,
      1.0,
      0.15319389485585078,
      0.04296212549462974,
      0.06953080836630865,
      0.0,
      0.0,
      0.0005652911249293386,
      0.005087620124364048,
      0.022046353872244205,
      0.0,
      0.01921989824759751,
      0.010740531373657434,
      0.01243640474844545,
      0.01978518937252685,
      0.025438100621820236,
      0.009609949123798756,
      0.014132278123233465,
      0.01243640474844545,
      0.018089315997738834,
      0.0847936687394008,
      0.0791407574901074,
      0.009044657998869417,
      0.025438100621820236,
      0.010740531373657434,
      0.00395703787450537,
      0.01243640474844545,
      0.020915771622385528,
      0.005652911249293386,
      0.0011305822498586771,
      0.0005652911249293386,
      0.0,
      0.0,
      0.0,
      0.010740531373657434,
      0.0,
      0.0033917467495760316
    ],
    [
      0.009609949123798756,
      0.006218202374222725,
      0.00791407574901074,
      0.006783493499152063,
      0.03335217637083098,
      0.047484454494064444,
      0.048049745618993785,
      0.022046353872244205,
      0.006218202374222725,
      0.15319389485585078,
      1.0,
      0.07744488411531938,
      0.06274731486715658,
      0.0033917467495760316,
      0.005652911249293386,
      0.00395703787450537,
      0.009609949123798756,
      0.03335217637083098,
      0.00791407574901074,
      0.027133973996608253,
      0.01243640474844545,
      0.016958733747880157,
      0.023742227247032222,
      0.02430751837196156,
      0.01978518937252685,
      0.015262860373092142,
      0.01921989824759751,
      0.02148106274731487,
      0.12719050310910118,
      0.10853589598643301,
      0.010740531373657434,
      0.02826455624646693,
      0.013566986998304126,
      0.008479366873940079,
      0.018089315997738834,
      0.02430751837196156,
      0.010175240248728096,
      0.0005652911249293386,
      0.0011305822498586771,
      0.0005652911249293386,
      0.0,
      0.0,
      0.005652911249293386,
      0.0005652911249293386,
      0.002826455624646693
    ],
    [
      0.010740531373657434,
      0.020915771622385528,
      0.008479366873940079,
      0.013566986998304126,
      0.09609949123798757,
      0.07122668174109667,
      0.14075749010740532,
      0.06557377049180328,
      0.007348784624081402,
      0.04296212549462974,
      0.07744488411531938,
      1.0,
      0.06274731486715658,
      0.008479366873940079,
      0.01639344262295082,
      0.009609949123798756,
      0.005087620124364048,
      0.03165630299604296,
      0.009044657998869417,
      0.041831543244771056,
      0.01639344262295082,
      0.04918032786885246,
      0.08027133973996609,
      0.07066139061616733,
      0.018654607122668174,
      0.02035048049745619,
      0.02826455624646693,
      0.029395138496325607,
      0.0791407574901074,
      0.06953080836630865,
      0.041266252119841716,
      0.05257207461842849,
      0.03787450537026569,
      0.027133973996608253,
      0.0570944036178632,
      0.07574901074053138,
      0.03674392312040701,
      0.006783493499152063,
      0.007348784624081402,
      0.00791407574901074,
      0.009044657998869417,
      0.007348784624081402,
      0.01582815149802148,
      0.005087620124364048,
      0.016958733747880157
    ],
    [
      0.01582815149802148,
      0.023176936122102882,
      0.01243640474844545,
      0.01639344262295082,
      0.053702656868287166,
      0.09779536461277558,
      0.10118711136235162,
      0.12210288298473713,
      0.01243640474844545,
      0.06953080836630865,
      0.06274731486715658,
      0.06274731486715658,
      1.0,
      0.015262860373092142,
      0.017524024872809497,
      0.014697569248162803,
      0.007348784624081402,
      0.02882984737139627,
      0.010175240248728096,
      0.017524024872809497,
      0.00395703787450537,
      0.04409270774448841,
      0.06218202374222725,
      0.06218202374222725,
      0.005652911249293386,
      0.007348784624081402,
      0.015262860373092142,
      0.029960429621254947,
      0.1520633126059921,
      0.1215375918598078,
      0.059355568117580554,
      0.05765969474279254,
      0.053702656868287166,
      0.046919163369135104,
      0.04296212549462974,
      0.05765969474279254,
      0.04409270774448841,
      0.011305822498586773,
      0.01243640474844545,
      0.013001695873374788,
      0.011305822498586773,
      0.01639344262295082,
      0.010175240248728096,
      0.01243640474844545,
      0.034482758620689655
    ],
    [
      0.5127190503109101,
      0.37535330695308083,
      0.4375353306953081,
      0.3165630299604296,
      0.32786885245901637,
      0.018654607122668174,
      0.011305822498586773,
      0.013001695873374788,
      0.36122102882984736,
      0.0,
      0.0033917467495760316,
      0.008479366873940079,
      0.015262860373092142,
      1.0,
      0.5302430751837196,
      0.5980780101752402,
      0.09101187111362352,
      0.008479366873940079,
      0.5223289994347089,
      0.0045223289994347085,
      0.00395703787450537,
      0.011305822498586773,
      0.009609949123798756,
      0.011305822498586773,
      0.0016958733747880158,
      0.005652911249293386,
      0.006218202374222725,
      0.006783493499152063,
      0.010175240248728096,
      0.008479366873940079,
      0.010175240248728096,
      0.010175240248728096,
      0.010175240248728096,
      0.009044657998869417,
      0.010740531373657434,
      0.014132278123233465,
      0.011871113623516111,
      0.005087620124364048,
      0.0045223289994347085,
      0.002826455624646693,
      0.0022611644997173543,
      0.002826455624646693,
      0.0016958733747880158,
      0.0033917467495760316,
      0.005087620124364048
    ],
    [
      0.37422272470322215,
      0.499152063312606,
      0.3323911814584511,
      0.4024872809496891,
      0.2792538157150933,
      0.060486150367439234,
      0.04013566986998304,
      0.05144149236856981,
      0.2736009044657999,
      0.0,
      0.005652911249293386,
      0.01639344262295082,
      0.017524024872809497,
      0.5302430751837196,
      1.0,
      0.4901074053137366,
      0.07970604861503675,
      0.011871113623516111,
      0.4313171283210854,
      0.0016958733747880158,
      0.002826455624646693,
      0.04465799886941775,
      0.027699265121537593,
      0.031091011871113624,
      0.0033917467495760316,
      0.006783493499152063,
      0.005087620124364048,
      0.006783493499152063,
      0.0423968343697004,
      0.03843979649519502,
      0.034482758620689655,
      0.03843979649519502,
      0.03165630299604296,
      0.03278688524590164,
      0.035048049745618995,
      0.035048049745618995,
      0.035048049745618995,
      0.005087620124364048,
      0.005087620124364048,
      0.0033917467495760316,
      0.00395703787450537,
      0.0022611644997173543,
      0.0016958733747880158,
      0.005087620124364048,
      0.006218202374222725
    ],
    [
      0.4686263425664217,
      0.3504804974561899,
      0.4318824194460147,
      0.3029960429621255,
      0.3363482193329565,
      0.01582815149802148,
      0.01243640474844545,
      0.010740531373657434,
      0.3747880158281515,
      0.0005652911249293386,
      0.00395703787450537,
      0.009609949123798756,
      0.014697569248162803,
      0.5980780101752402,
      0.4901074053137366,
      1.0,
      0.08705483323911814,
      0.010740531373657434,
      0.5211984171848502,
      0.0016958733747880158,
      0.0022611644997173543,
      0.011305822498586773,
      0.009044657998869417,
      0.010175240248728096,
      0.0022611644997173543,
      0.002826455624646693,
      0.002826455624646693,
      0.0045223289994347085,
      0.010740531373657434,
      0.008479366873940079,
      0.009044657998869417,
      0.00791407574901074,
      0.008479366873940079,
      0.007348784624081402,
      0.010175240248728096,
      0.011871113623516111,
      0.009044657998869417,
      0.005087620124364048,
      0.0022611644997173543,
      0.0016958733747880158,
      0.0011305822498586771,
      0.0016958733747880158,
      0.0022611644997173543,
      0.0005652911249293386,
      0.0033917467495760316
    ],
    [
      0.09270774448841153,
      0.0791407574901074,
      0.07857546636517806,
      0.05822498586772187,
      0.09892594686263426,
      0.01639344262295082,
      0.005087620124364048,
      0.009044657998869417,
      0.08253250423968343,
      0.005087620124364048,
      0.009609949123798756,
      0.005087620124364048,
      0.007348784624081402,
      0.09101187111362352,
      0.07970604861503675,
      0.08705483323911814,
      1.0,
      0.022611644997173545,
      0.10627473148671567,
      0.0322215941209723,
      0.0395703787450537,
      0.010740531373657434,
      0.009044657998869417,
      0.00791407574901074,
      0.03335217637083098,
      0.03278688524590164,
      0.030525720746184284,
      0.0322215941209723,
      0.00791407574901074,
      0.002826455624646693,
      0.006783493499152063,
      0.011871113623516111,
      0.009044657998869417,
      0.008479366873940079,
      0.010740531373657434,
      0.015262860373092142,
      0.009609949123798756,
      0.005652911249293386,
      0.005087620124364048,
      0.00395703787450537,
      0.0045223289994347085,
      0.0022611644997173543,
      0.00395703787450537,
      0.00395703787450537,
      0.0016958733747880158
    ],
    [
      0.013566986998304126,
      0.01243640474844545,
      0.015262860373092142,
      0.011871113623516111,
      0.031091011871113624,
      0.03278688524590164,
      0.034482758620689655,
      0.026003391746749576,
      0.01243640474844545,
      0.022046353872244205,
      0.03335217637083098,
      0.03165630299604296,
      0.02882984737139627,
      0.008479366873940079,
      0.011871113623516111,
      0.010740531373657434,
      0.022611644997173545,
      1.0,
      0.015262860373092142,
      0.016958733747880157,
      0.008479366873940079,
      0.022611644997173545,
      0.027699265121537593,
      0.02826455624646693,
      0.009044657998869417,
      0.00791407574901074,
      0.013566986998304126,
      0.02826455624646693,
      0.03617863199547767,
      0.033917467495760314,
      0.01582815149802148,
      0.035048049745618995,
      0.02035048049745619,
      0.01639344262295082,
      0.031091011871113624,
      0.03165630299604296,
      0.020915771622385528,
      0.006218202374222725,
      0.006218202374222725,
      0.005087620124364048,
      0.006783493499152063,
      0.0005652911249293386,
      0.005652911249293386,
      0.0045223289994347085,
      0.007348784624081402
    ],
    [
      0.5161107970604861,
      0.4104013566986998,
      0.42509892594686266,
      0.32786885245901637,
      0.3657433578292821,
      0.026568682871678916,
      0.009044657998869417,
      0.011871113623516111,
      0.37422272470322215,
      0.0,
      0.00791407574901074,
      0.009044657998869417,
      0.010175240248728096,
      0.5223289994347089,
      0.4313171283210854,
      0.5211984171848502,
      0.10627473148671567,
      0.015262860373092142,
      1.0,
      0.005087620124364048,
      0.005087620124364048,
      0.013001695873374788,
      0.008479366873940079,
      0.011871113623516111,
      0.00395703787450537,
      0.006218202374222725,
      0.005087620124364048,
      0.005652911249293386,
      0.008479366873940079,
      0.008479366873940079,
      0.007348784624081402,
      0.014132278123233465,
      0.010740531373657434,
      0.009044657998869417,
      0.010740531373657434,
      0.010740531373657434,
      0.009044657998869417,
      0.005087620124364048,
      0.002826455624646693,
      0.0016958733747880158,
      0.002826455624646693,
      0.0016958733747880158,
      0.0016958733747880158,
      0.0016958733747880158,
      0.002826455624646693
    ],
    [
      0.00395703787450537,
      0.0033917467495760316,
      0.005087620124364048,
      0.005087620124364048,
      0.011871113623516111,
      0.015262860373092142,
      0.023176936122102882,
      0.01582815149802148,
      0.002826455624646693,
      0.01921989824759751,
      0.027133973996608253,
      0.041831543244771056,
      0.017524024872809497,
      0.0045223289994347085,
      0.0016958733747880158,
      0.0016958733747880158,
      0.0322215941209723,
      0.016958733747880157,
      0.005087620124364048,
      1.0,
      0.0966647823629169,
      0.015262860373092142,
      0.01921989824759751,
      0.030525720746184284,
      0.1582815149802148,
      0.11871113623516111,
      0.24533634821933295,
      0.23911814584511024,
      0.030525720746184284,
      0.027699265121537593,
      0.014132278123233465,
      0.02430751837196156,
      0.01582815149802148,
      0.010175240248728096,
      0.02035048049745619,
      0.025438100621820236,
      0.014697569248162803,
      0.010175240248728096,
      0.006783493499152063,
      0.0045223289994347085,
      0.002826455624646693,
      0.002826455624646693,
      0.00791407574901074,
      0.0045223289994347085,
      0.0022611644997173543
    ],
    [
      0.0022611644997173543,
      0.0016958733747880158,
      0.0022611644997173543,
      0.00395703787450537,
      0.005087620124364048,
      0.010175240248728096,
      0.009044657998869417,
      0.011871113623516111,
      0.0011305822498586771,
      0.010740531373657434,
      0.01243640474844545,
      0.01639344262295082,
      0.00395703787450537,
      0.00395703787450537,
      0.002826455624646693,
      0.0022611644997173543,
      0.0395703787450537,
      0.008479366873940079,
      0.005087620124364048,
      0.0966647823629169,
      1.0,
      0.01243640474844545,
      0.010175240248728096,
      0.014132278123233465,
      0.08705483323911814,
      0.18428490672696438,
      0.11927642736009045,
      0.07631430186546072,
      0.014132278123233465,
      0.011871113623516111,
      0.009044657998869417,
      0.014697569248162803,
      0.00791407574901074,
      0.009044657998869417,
      0.010175240248728096,
      0.017524024872809497,
      0.005652911249293386,
      0.009044657998869417,
      0.0045223289994347085,
      0.00395703787450537,
      0.0022611644997173543,
      0.002826455624646693,
      0.0045223289994347085,
      0.0033917467495760316,
      0.0033917467495760316
    ],
    [
      0.014697569248162803,
      0.047484454494064444,
      0.014697569248162803,
      0.03278688524590164,
      0.07405313736574336,
      0.10288298473713962,
      0.11136235161107971,
      0.1243640474844545,
      0.013566986998304126,
      0.01243640474844545,
      0.016958733747880157,
      0.04918032786885246,
      0.04409270774448841,
      0.011305822498586773,
      0.04465799886941775,
      0.011305822498586773,
      0.010740531373657434,
      0.022611644997173545,
      0.013001695873374788,
      0.015262860373092142,
      0.01243640474844545,
      1.0,
      0.12492933860938384,
      0.11588468061051442,
      0.02148106274731487,
      0.026003391746749576,
      0.016958733747880157,
      0.0248728094968909,
      0.11927642736009045,
      0.11701526286037309,
      0.11305822498586772,
      0.12775579423403052,
      0.08762012436404748,
      0.08988128886376484,
      0.11984171848501979,
      0.13114754098360656,
      0.08535895986433013,
      0.009609949123798756,
      0.01921989824759751,
      0.01582815149802148,
      0.014697569248162803,
      0.02035048049745619,
      0.006783493499152063,
      0.013566986998304126,
      0.0248728094968909
    ],
    [
      0.009609949123798756,
      0.02826455624646693,
      0.007348784624081402,
      0.03617863199547767,
      0.07744488411531938,
      0.09440361786319955,
      0.13510457885811192,
      0.12040700960994913,
      0.007348784624081402,
      0.01978518937252685,
      0.023742227247032222,
      0.08027133973996609,
      0.06218202374222725,
      0.009609949123798756,
      0.027699265121537593,
      0.009044657998869417,
      0.009044657998869417,
      0.027699265121537593,
      0.008479366873940079,
      0.01921989824759751,
      0.010175240248728096,
      0.12492933860938384,
      1.0,
      0.1961560203504805,
      0.014697569248162803,
      0.015262860373092142,
      0.02148106274731487,
      0.029395138496325607,
      0.10570944036178632,
      0.10627473148671567,
      0.10457885811192764,
      0.1141888072357264,
      0.0893159977388355,
      0.07857546636517806,
      0.10740531373657433,
      0.2255511588468061,
      0.08366308648954211,
      0.010175240248728096,
      0.009609949123798756,
      0.009609949123798756,
      0.010740531373657434,
      0.013566986998304126,
      0.00791407574901074,
      0.011871113623516111,
      0.026003391746749576
    ],
    [
      0.013001695873374788,
      0.029395138496325607,
      0.009609949123798756,
      0.030525720746184284,
      0.07122668174109667,
      0.1141888072357264,
      0.12662521198417184,
      0.143583945732052,
      0.0045223289994347085,
      0.025438100621820236,
      0.02430751837196156,
      0.07066139061616733,
      0.06218202374222725,
      0.011305822498586773,
      0.031091011871113624,
      0.010175240248728096,
      0.00791407574901074,
      0.02826455624646693,
      0.011871113623516111,
      0.030525720746184284,
      0.014132278123233465,
      0.11588468061051442,
      0.1961560203504805,
      1.0,
      0.0322215941209723,
      0.02826455624646693,
      0.029395138496325607,
      0.03843979649519502,
      0.12323346523459582,
      0.13340870548332392,
      0.09157716223855286,
      0.12210288298473713,
      0.09157716223855286,
      0.08422837761447145,
      0.0994912379875636,
      0.17524024872809496,
      0.12266817410966648,
      0.009044657998869417,
      0.014132278123233465,
      0.014697569248162803,
      0.014132278123233465,
      0.011871113623516111,
      0.0045223289994347085,
      0.006783493499152063,
      0.026003391746749576
    ],
    [
      0.0022611644997173543,
      0.0033917467495760316,
      0.002826455624646693,
      0.00395703787450537,
      0.005652911249293386,
      0.005087620124364048,
      0.011871113623516111,
      0.0033917467495760316,
      0.0022611644997173543,
      0.009609949123798756,
      0.01978518937252685,
      0.018654607122668174,
      0.005652911249293386,
      0.0016958733747880158,
      0.0033917467495760316,
      0.0022611644997173543,
      0.03335217637083098,
      0.009044657998869417,
      0.00395703787450537,
      0.1582815149802148,
      0.08705483323911814,
      0.02148106274731487,
      0.014697569248162803,
      0.0322215941209723,
      1.0,
      0.20463538722442057,
      0.1243640474844545,
      0.10457885811192764,
      0.011871113623516111,
      0.010175240248728096,
      0.009044657998869417,
      0.01639344262295082,
      0.010740531373657434,
      0.0045223289994347085,
      0.01243640474844545,
      0.01582815149802148,
      0.00791407574901074,
      0.011871113623516111,
      0.00395703787450537,
      0.00395703787450537,
      0.00395703787450537,
      0.0011305822498586771,
      0.005652911249293386,
      0.0016958733747880158,
      0.0005652911249293386
    ],
    [
      0.005087620124364048,
      0.0045223289994347085,
      0.0033917467495760316,
      0.006783493499152063,
      0.00791407574901074,
      0.008479366873940079,
      0.01243640474844545,
      0.008479366873940079,
      0.0016958733747880158,
      0.014132278123233465,
      0.015262860373092142,
      0.02035048049745619,
      0.007348784624081402,
      0.005652911249293386,
      0.006783493499152063,
      0.002826455624646693,
      0.03278688524590164,
      0.00791407574901074,
      0.006218202374222725,
      0.11871113623516111,
      0.18428490672696438,
      0.026003391746749576,
      0.015262860373092142,
      0.02826455624646693,
      0.20463538722442057,
      1.0,
      0.15036743923120408,
      0.10514414923685698,
      0.014697569248162803,
      0.014697569248162803,
      0.011305822498586773,
      0.02148106274731487,
      0.015262860373092142,
      0.00791407574901074,
      0.014132278123233465,
      0.02148106274731487,
      0.010175240248728096,
      0.00791407574901074,
      0.005087620124364048,
      0.0045223289994347085,
      0.0033917467495760316,
      0.002826455624646693,
      0.00791407574901074,
      0.0033917467495760316,
      0.002826455624646693
    ],
    [
      0.005652911249293386,
      0.00395703787450537,
      0.0033917467495760316,
      0.0045223289994347085,
      0.00791407574901074,
      0.015262860373092142,
      0.014697569248162803,
      0.018654607122668174,
      0.00395703787450537,
      0.01243640474844545,
      0.01921989824759751,
      0.02826455624646693,
      0.015262860373092142,
      0.006218202374222725,
      0.005087620124364048,
      0.002826455624646693,
      0.030525720746184284,
      0.013566986998304126,
      0.005087620124364048,
      0.24533634821933295,
      0.11927642736009045,
      0.016958733747880157,
      0.02148106274731487,
      0.029395138496325607,
      0.1243640474844545,
      0.15036743923120408,
      1.0,
      0.1978518937252685,
      0.02882984737139627,
      0.026003391746749576,
      0.013566986998304126,
      0.027133973996608253,
      0.01921989824759751,
      0.018654607122668174,
      0.02035048049745619,
      0.026003391746749576,
      0.015262860373092142,
      0.008479366873940079,
      0.006218202374222725,
      0.006218202374222725,
      0.0045223289994347085,
      0.0022611644997173543,
      0.005087620124364048,
      0.0022611644997173543,
      0.006218202374222725
    ],
    [
      0.00791407574901074,
      0.009609949123798756,
      0.005087620124364048,
      0.009044657998869417,
      0.023742227247032222,
      0.04409270774448841,
      0.03900508762012436,
      0.053702656868287166,
      0.0033917467495760316,
      0.018089315997738834,
      0.02148106274731487,
      0.029395138496325607,
      0.029960429621254947,
      0.006783493499152063,
      0.006783493499152063,
      0.0045223289994347085,
      0.0322215941209723,
      0.02826455624646693,
      0.005652911249293386,
      0.23911814584511024,
      0.07631430186546072,
      0.0248728094968909,
      0.029395138496325607,
      0.03843979649519502,
      0.10457885811192764,
      0.10514414923685698,
      0.1978518937252685,
      1.0,
      0.05200678349349915,
      0.047484454494064444,
      0.025438100621820236,
      0.03617863199547767,
      0.029395138496325607,
      0.01978518937252685,
      0.02148106274731487,
      0.027133973996608253,
      0.025438100621820236,
      0.009044657998869417,
      0.00791407574901074,
      0.006218202374222725,
      0.006218202374222725,
      0.0033917467495760316,
      0.0016958733747880158,
      0.0045223289994347085,
      0.005087620124364048
    ],
    [
      0.010740531373657434,
      0.048049745618993785,
      0.013566986998304126,
      0.03617863199547767,
      0.15884680610514415,
      0.3352176370830978,
      0.2447710570944036,
      0.3629169022046354,
      0.009609949123798756,
      0.0847936687394008,
      0.12719050310910118,
      0.0791407574901074,
      0.1520633126059921,
      0.010175240248728096,
      0.0423968343697004,
      0.010740531373657434,
      0.00791407574901074,
      0.03617863199547767,
      0.008479366873940079,
      0.030525720746184284,
      0.014132278123233465,
      0.11927642736009045,
      0.10570944036178632,
      0.12323346523459582,
      0.011871113623516111,
      0.014697569248162803,
      0.02882984737139627,
      0.05200678349349915,
      1.0,
      0.529112492933861,
      0.09779536461277558,
      0.11136235161107971,
      0.09214245336348219,
      0.09044657998869418,
      0.08705483323911814,
      0.11927642736009045,
      0.09270774448841153,
      0.010175240248728096,
      0.009044657998869417,
      0.009044657998869417,
      0.007348784624081402,
      0.009609949123798756,
      0.005652911249293386,
      0.00395703787450537,
      0.035048049745618995
    ],
    [
      0.010740531373657434,
      0.046353872244205764,
      0.011305822498586773,
      0.03278688524590164,
      0.15149802148106276,
      0.33408705483323914,
      0.24646693046919163,
      0.36970039570378743,
      0.00791407574901074,
      0.0791407574901074,
      0.10853589598643301,
      0.06953080836630865,
      0.1215375918598078,
      0.008479366873940079,
      0.03843979649519502,
      0.008479366873940079,
      0.002826455624646693,
      0.033917467495760314,
      0.008479366873940079,
      0.027699265121537593,
      0.011871113623516111,
      0.11701526286037309,
      0.10627473148671567,
      0.13340870548332392,
      0.010175240248728096,
      0.014697569248162803,
      0.026003391746749576,
      0.047484454494064444,
      0.529112492933861,
      1.0,
      0.10231769361221028,
      0.1215375918598078,
      0.10231769361221028,
      0.08422837761447145,
      0.08196721311475409,
      0.11814584511023177,
      0.09553420011305823,
      0.0045223289994347085,
      0.005087620124364048,
      0.005652911249293386,
      0.006218202374222725,
      0.01243640474844545,
      0.0045223289994347085,
      0.005087620124364048,
      0.030525720746184284
    ],
    [
      0.013566986998304126,
      0.033917467495760314,
      0.010740531373657434,
      0.030525720746184284,
      0.06953080836630865,
      0.08988128886376484,
      0.10627473148671567,
      0.11984171848501979,
      0.010175240248728096,
      0.009044657998869417,
      0.010740531373657434,
      0.041266252119841716,
      0.059355568117580554,
      0.010175240248728096,
      0.034482758620689655,
      0.009044657998869417,
      0.006783493499152063,
      0.01582815149802148,
      0.007348784624081402,
      0.014132278123233465,
      0.009044657998869417,
      0.11305822498586772,
      0.10457885811192764,
      0.09157716223855286,
      0.009044657998869417,
      0.011305822498586773,
      0.013566986998304126,
      0.025438100621820236,
      0.09779536461277558,
      0.10231769361221028,
      1.0,
      0.1317128321085359,
      0.12040700960994913,
      0.10853589598643301,
      0.10966647823629169,
      0.11871113623516111,
      0.09440361786319955,
      0.011305822498586773,
      0.014132278123233465,
      0.013566986998304126,
      0.016958733747880157,
      0.01639344262295082,
      0.005652911249293386,
      0.014132278123233465,
      0.02826455624646693
    ],
    [
      0.013001695873374788,
      0.03730921424533635,
      0.013566986998304126,
      0.0322215941209723,
      0.06387789711701526,
      0.0994912379875636,
      0.10344827586206896,
      0.11871113623516111,
      0.01243640474844545,
      0.025438100621820236,
      0.02826455624646693,
      0.05257207461842849,
      0.05765969474279254,
      0.010175240248728096,
      0.03843979649519502,
      0.00791407574901074,
      0.011871113623516111,
      0.035048049745618995,
