{
  "model": "Qwen/Qwen2.5-32B-Instruct",
  "sign": "positive",
  "percentage": 0.05,
  "component": "neurons",
  "tasks": [
    "MD/add_sub_2op_symbolic",
    "MD/add_sub_2op_verbal",
    "MD/add_sub_3op_symbolic",
    "MD/add_sub_3op_verbal",
    "MD/code_A",
    "MD/code_B",
    "MD/code_conditional",
    "MD/code_list",
    "MD/code_loop",
    "MD/logic_propositional_1",
    "MD/logic_propositional_symbolic",
    "MD/logic_syllogism_1",
    "MD/logic_syllogism_symbolic",
    "MD/mul_div_2op_symbolic",
    "MD/mul_div_2op_verbal",
    "MD/mul_div_3op_symbolic",
    "MD/number_sequence",
    "MD/number_sorting",
    "MD/simple_equation",
    "ToM/agent",
    "ToM/desires_goals",
    "ToM/emotion_fewshot",
    "ToM/norm_appropriate",
    "ToM/norm_moral",
    "ToM/primary_emotions",
    "ToM/secondary_emotions",
    "ToM/social_interactions",
    "ToM/social_relations",
    "phys/phys_newton",
    "phys/phys_prost",
    "phys/physics_brightness",
    "phys/physics_buoyancy",
    "phys/physics_elasticity",
    "phys/physics_solubility",
    "phys/physics_speed",
    "phys/physics_stability",
    "phys/physics_temperature",
    "Lan/anaphor_gender_agreement",
    "Lan/det_noun_agreement_irregular",
    "Lan/det_noun_agreement_regular",
    "Lan/det_noun_agreement_with_adjective",
    "Lan/hypernymy",
    "Lan/npi",
    "Lan/subject_verb_agreement",
    "Lan/wug"
  ],
  "overlap_matrix": [
    [
      1.0,
      0.5871040723981901,
      0.6244343891402715,
      0.45248868778280543,
      0.3585972850678733,
      0.013574660633484163,
      0.003393665158371041,
      0.0022624434389140274,
      0.3416289592760181,
      0.0,
      0.003393665158371041,
      0.004524886877828055,
      0.004524886877828055,
      0.4920814479638009,
      0.35294117647058826,
      0.45588235294117646,
      0.09841628959276018,
      0.004524886877828055,
      0.5124434389140271,
      0.0022624434389140274,
      0.0011312217194570137,
      0.0022624434389140274,
      0.0022624434389140274,
      0.0011312217194570137,
      0.0011312217194570137,
      0.0,
      0.0022624434389140274,
      0.0011312217194570137,
      0.0011312217194570137,
      0.0011312217194570137,
      0.005656108597285068,
      0.0022624434389140274,
      0.005656108597285068,
      0.0022624434389140274,
      0.005656108597285068,
      0.006787330316742082,
      0.0022624434389140274,
      0.0,
      0.0011312217194570137,
      0.0011312217194570137,
      0.0011312217194570137,
      0.0,
      0.0011312217194570137,
      0.0,
      0.0
    ],
    [
      0.5871040723981901,
      1.0,
      0.4683257918552036,
      0.5757918552036199,
      0.26244343891402716,
      0.03959276018099547,
      0.023755656108597284,
      0.027149321266968326,
      0.2579185520361991,
      0.0,
      0.005656108597285068,
      0.007918552036199095,
      0.003393665158371041,
      0.3416289592760181,
      0.49321266968325794,
      0.332579185520362,
      0.07805429864253394,
      0.005656108597285068,
      0.3925339366515837,
      0.0011312217194570137,
      0.0011312217194570137,
      0.016968325791855202,
      0.004524886877828055,
      0.011312217194570135,
      0.0011312217194570137,
      0.0022624434389140274,
      0.0011312217194570137,
      0.0022624434389140274,
      0.020361990950226245,
      0.021493212669683258,
      0.01583710407239819,
      0.014705882352941176,
      0.010180995475113122,
      0.01583710407239819,
      0.01809954751131222,
      0.012443438914027148,
      0.014705882352941176,
      0.0022624434389140274,
      0.0,
      0.0,
      0.0,
      0.0,
      0.0,
      0.0,
      0.0011312217194570137
    ],
    [
      0.6244343891402715,
      0.4683257918552036,
      1.0,
      0.47171945701357465,
      0.3020361990950226,
      0.00904977375565611,
      0.0022624434389140274,
      0.0022624434389140274,
      0.3031674208144796,
      0.0,
      0.003393665158371041,
      0.003393665158371041,
      0.005656108597285068,
      0.44004524886877827,
      0.3269230769230769,
      0.4479638009049774,
      0.08257918552036199,
      0.007918552036199095,
      0.4117647058823529,
      0.0,
      0.0011312217194570137,
      0.0011312217194570137,
      0.0011312217194570137,
      0.0022624434389140274,
      0.0011312217194570137,
      0.0011312217194570137,
      0.0011312217194570137,
      0.0022624434389140274,
      0.0022624434389140274,
      0.0022624434389140274,
      0.004524886877828055,
      0.0011312217194570137,
      0.003393665158371041,
      0.003393665158371041,
      0.0022624434389140274,
      0.003393665158371041,
      0.003393665158371041,
      0.0,
      0.0011312217194570137,
      0.0,
      0.0,
      0.0,
      0.0,
      0.0,
      0.0011312217194570137
    ],
    [
      0.45248868778280543,
      0.5757918552036199,
      0.47171945701357465,
      1.0,
      0.19117647058823528,
      0.032805429864253395,
      0.021493212669683258,
      0.027149321266968326,
      0.19683257918552036,
      0.0,
      0.004524886877828055,
      0.007918552036199095,
      0.005656108597285068,
      0.29638009049773756,
      0.39705882352941174,
      0.2907239819004525,
      0.053167420814479636,
      0.006787330316742082,
      0.29638009049773756,
      0.003393665158371041,
      0.0,
      0.01583710407239819,
      0.013574660633484163,
      0.01583710407239819,
      0.0022624434389140274,
      0.0022624434389140274,
      0.003393665158371041,
      0.003393665158371041,
      0.016968325791855202,
      0.016968325791855202,
      0.011312217194570135,
      0.010180995475113122,
      0.007918552036199095,
      0.014705882352941176,
      0.012443438914027148,
      0.012443438914027148,
      0.012443438914027148,
      0.0022624434389140274,
      0.0022624434389140274,
      0.0011312217194570137,
      0.0011312217194570137,
      0.0011312217194570137,
      0.0,
      0.0011312217194570137,
      0.0011312217194570137
    ],
    [
      0.3585972850678733,
      0.26244343891402716,
      0.3020361990950226,
      0.19117647058823528,
      1.0,
      0.16968325791855204,
      0.3382352941176471,
      0.14592760180995476,
      0.4671945701357466,
      0.016968325791855202,
      0.027149321266968326,
      0.083710407239819,
      0.03619909502262444,
      0.334841628959276,
      0.2658371040723982,
      0.36312217194570134,
      0.11990950226244344,
      0.024886877828054297,
      0.4095022624434389,
      0.006787330316742082,
      0.005656108597285068,
      0.06334841628959276,
      0.05656108597285068,
      0.05995475113122172,
      0.004524886877828055,
      0.006787330316742082,
      0.004524886877828055,
      0.02262443438914027,
      0.1244343891402715,
      0.11990950226244344,
      0.05090497737556561,
      0.058823529411764705,
      0.04072398190045249,
      0.030542986425339366,
      0.06108597285067873,
      0.053167420814479636,
      0.03959276018099547,
      0.004524886877828055,
      0.0,
      0.0,
      0.0011312217194570137,
      0.0,
      0.0011312217194570137,
      0.003393665158371041,
      0.007918552036199095
    ],
    [
      0.013574660633484163,
      0.03959276018099547,
      0.00904977375565611,
      0.032805429864253395,
      0.16968325791855204,
      1.0,
      0.332579185520362,
      0.6119909502262444,
      0.012443438914027148,
      0.021493212669683258,
      0.042986425339366516,
      0.06787330316742081,
      0.10180995475113122,
      0.00904977375565611,
      0.03959276018099547,
      0.012443438914027148,
      0.01583710407239819,
      0.033936651583710405,
      0.012443438914027148,
      0.007918552036199095,
      0.007918552036199095,
      0.11085972850678733,
      0.09728506787330317,
      0.12330316742081449,
      0.003393665158371041,
      0.007918552036199095,
      0.010180995475113122,
      0.038461538461538464,
      0.36990950226244346,
      0.38687782805429866,
      0.10067873303167421,
      0.10972850678733032,
      0.07352941176470588,
      0.08823529411764706,
      0.07239819004524888,
      0.1074660633484163,
      0.10067873303167421,
      0.0022624434389140274,
      0.005656108597285068,
      0.003393665158371041,
      0.0022624434389140274,
      0.0022624434389140274,
      0.0022624434389140274,
      0.0,
      0.024886877828054297
    ],
    [
      0.003393665158371041,
      0.023755656108597284,
      0.0022624434389140274,
      0.021493212669683258,
      0.3382352941176471,
      0.332579185520362,
      1.0,
      0.3506787330316742,
      0.005656108597285068,
      0.03619909502262444,
      0.042986425339366516,
      0.16176470588235295,
      0.10294117647058823,
      0.0022624434389140274,
      0.020361990950226245,
      0.003393665158371041,
      0.0022624434389140274,
      0.029411764705882353,
      0.0022624434389140274,
      0.016968325791855202,
      0.010180995475113122,
      0.1085972850678733,
      0.1414027149321267,
      0.1346153846153846,
      0.012443438914027148,
      0.012443438914027148,
      0.014705882352941176,
      0.038461538461538464,
      0.23529411764705882,
      0.2420814479638009,
      0.10294117647058823,
      0.1085972850678733,
      0.08031674208144797,
      0.057692307692307696,
      0.11199095022624435,
      0.11085972850678733,
      0.08144796380090498,
      0.005656108597285068,
      0.0011312217194570137,
      0.0011312217194570137,
      0.0,
      0.0,
      0.003393665158371041,
      0.003393665158371041,
      0.03506787330316742
    ],
    [
      0.0022624434389140274,
      0.027149321266968326,
      0.0022624434389140274,
      0.027149321266968326,
      0.14592760180995476,
      0.6119909502262444,
      0.3506787330316742,
      1.0,
      0.004524886877828055,
      0.01809954751131222,
      0.019230769230769232,
      0.07126696832579185,
      0.10633484162895927,
      0.0022624434389140274,
      0.029411764705882353,
      0.003393665158371041,
      0.003393665158371041,
      0.024886877828054297,
      0.0011312217194570137,
      0.010180995475113122,
      0.006787330316742082,
      0.11877828054298642,
      0.11085972850678733,
      0.1595022624434389,
      0.0022624434389140274,
      0.007918552036199095,
      0.01809954751131222,
      0.04524886877828054,
      0.3834841628959276,
      0.417420814479638,
      0.11425339366515837,
      0.11877828054298642,
      0.09615384615384616,
      0.09841628959276018,
      0.07805429864253394,
      0.1255656108597285,
      0.10972850678733032,
      0.0022624434389140274,
      0.005656108597285068,
      0.003393665158371041,
      0.003393665158371041,
      0.005656108597285068,
      0.0011312217194570137,
      0.0011312217194570137,
      0.029411764705882353
    ],
    [
      0.3416289592760181,
      0.2579185520361991,
      0.3031674208144796,
      0.19683257918552036,
      0.4671945701357466,
      0.012443438914027148,
      0.005656108597285068,
      0.004524886877828055,
      1.0,
      0.0,
      0.0011312217194570137,
      0.004524886877828055,
      0.005656108597285068,
      0.3902714932126697,
      0.2918552036199095,
      0.415158371040724,
      0.10294117647058823,
      0.006787330316742082,
      0.4423076923076923,
      0.0022624434389140274,
      0.0,
      0.006787330316742082,
      0.0022624434389140274,
      0.0011312217194570137,
      0.0,
      0.0,
      0.0011312217194570137,
      0.0022624434389140274,
      0.005656108597285068,
      0.003393665158371041,
      0.003393665158371041,
      0.005656108597285068,
      0.003393665158371041,
      0.0022624434389140274,
      0.005656108597285068,
      0.005656108597285068,
      0.003393665158371041,
      0.004524886877828055,
      0.003393665158371041,
      0.0011312217194570137,
      0.0011312217194570137,
      0.0011312217194570137,
      0.0,
      0.0,
      0.0011312217194570137
    ],
    [
      0.0,
      0.0,
      0.0,
      0.0,
      0.016968325791855202,
      0.021493212669683258,
      0.03619909502262444,
      0.01809954751131222,
      0.0,
      1.0,
      0.16063348416289594,
      0.038461538461538464,
      0.07126696832579185,
      0.0,
      0.0,
      0.0,
      0.0011312217194570137,
      0.016968325791855202,
      0.0,
      0.013574660633484163,
      0.005656108597285068,
      0.010180995475113122,
      0.01809954751131222,
      0.020361990950226245,
      0.00904977375565611,
      0.011312217194570135,
      0.010180995475113122,
      0.013574660633484163,
      0.09049773755656108,
      0.06787330316742081,
      0.00904977375565611,
      0.021493212669683258,
      0.006787330316742082,
      0.003393665158371041,
      0.012443438914027148,
      0.012443438914027148,
      0.004524886877828055,
      0.0,
      0.0,
      0.0,
      0.0,
      0.0,
      0.005656108597285068,
      0.0,
      0.0
    ],
    [
      0.003393665158371041,
      0.005656108597285068,
      0.003393665158371041,
      0.004524886877828055,
      0.027149321266968326,
      0.042986425339366516,
      0.042986425339366516,
      0.019230769230769232,
      0.0011312217194570137,
      0.16063348416289594,
      1.0,
      0.06787330316742081,
      0.0667420814479638,
      0.0022624434389140274,
      0.003393665158371041,
      0.0011312217194570137,
      0.004524886877828055,
      0.03506787330316742,
      0.003393665158371041,
      0.014705882352941176,
      0.007918552036199095,
      0.01809954751131222,
      0.02262443438914027,
      0.029411764705882353,
      0.01809954751131222,
      0.011312217194570135,
      0.012443438914027148,
      0.01809954751131222,
      0.13687782805429866,
      0.1074660633484163,
      0.012443438914027148,
      0.030542986425339366,
      0.010180995475113122,
      0.004524886877828055,
      0.020361990950226245,
      0.026018099547511313,
      0.006787330316742082,
      0.0,
      0.0,
      0.0,
      0.0,
      0.0,
      0.0011312217194570137,
      0.0011312217194570137,
      0.0011312217194570137
    ],
    [
      0.004524886877828055,
      0.007918552036199095,
      0.003393665158371041,
      0.007918552036199095,
      0.083710407239819,
      0.06787330316742081,
      0.16176470588235295,
      0.07126696832579185,
      0.004524886877828055,
      0.038461538461538464,
      0.06787330316742081,
      1.0,
      0.053167420814479636,
      0.0022624434389140274,
      0.005656108597285068,
      0.004524886877828055,
      0.0022624434389140274,
      0.02262443438914027,
      0.0011312217194570137,
      0.027149321266968326,
      0.011312217194570135,
      0.03733031674208145,
      0.07239819004524888,
      0.0746606334841629,
      0.012443438914027148,
      0.014705882352941176,
      0.021493212669683258,
      0.021493212669683258,
      0.07352941176470588,
      0.0667420814479638,
      0.030542986425339366,
      0.042986425339366516,
      0.03733031674208145,
      0.021493212669683258,
      0.05429864253393665,
      0.06221719457013575,
      0.03506787330316742,
      0.006787330316742082,
      0.007918552036199095,
      0.006787330316742082,
      0.005656108597285068,
      0.004524886877828055,
      0.012443438914027148,
      0.0011312217194570137,
      0.010180995475113122
    ],
    [
      0.004524886877828055,
      0.003393665158371041,
      0.005656108597285068,
      0.005656108597285068,
      0.03619909502262444,
      0.10180995475113122,
      0.10294117647058823,
      0.10633484162895927,
      0.005656108597285068,
      0.07126696832579185,
      0.0667420814479638,
      0.053167420814479636,
      1.0,
      0.003393665158371041,
      0.005656108597285068,
      0.006787330316742082,
      0.010180995475113122,
      0.020361990950226245,
      0.004524886877828055,
      0.007918552036199095,
      0.0022624434389140274,
      0.029411764705882353,
      0.05656108597285068,
      0.06787330316742081,
      0.004524886877828055,
      0.006787330316742082,
      0.006787330316742082,
      0.02828054298642534,
      0.14479638009049775,
      0.12104072398190045,
      0.049773755656108594,
      0.04411764705882353,
      0.04638009049773756,
      0.032805429864253395,
      0.03167420814479638,
      0.048642533936651584,
      0.029411764705882353,
      0.011312217194570135,
      0.007918552036199095,
      0.011312217194570135,
      0.010180995475113122,
      0.012443438914027148,
      0.005656108597285068,
      0.007918552036199095,
      0.024886877828054297
    ],
    [
      0.4920814479638009,
      0.3416289592760181,
      0.44004524886877827,
      0.29638009049773756,
      0.334841628959276,
      0.00904977375565611,
      0.0022624434389140274,
      0.0022624434389140274,
      0.3902714932126697,
      0.0,
      0.0022624434389140274,
      0.0022624434389140274,
      0.003393665158371041,
      1.0,
      0.579185520361991,
      0.6606334841628959,
      0.09954751131221719,
      0.005656108597285068,
      0.5690045248868778,
      0.0,
      0.0011312217194570137,
      0.0011312217194570137,
      0.003393665158371041,
      0.0022624434389140274,
      0.0011312217194570137,
      0.0022624434389140274,
      0.0022624434389140274,
      0.0022624434389140274,
      0.0022624434389140274,
      0.0022624434389140274,
      0.0022624434389140274,
      0.0022624434389140274,
      0.005656108597285068,
      0.003393665158371041,
      0.005656108597285068,
      0.004524886877828055,
      0.004524886877828055,
      0.0022624434389140274,
      0.0,
      0.0,
      0.0,
      0.0011312217194570137,
      0.0,
      0.0,
      0.0
    ],
    [
      0.35294117647058826,
      0.49321266968325794,
      0.3269230769230769,
      0.39705882352941174,
      0.2658371040723982,
      0.03959276018099547,
      0.020361990950226245,
      0.029411764705882353,
      0.2918552036199095,
      0.0,
      0.003393665158371041,
      0.005656108597285068,
      0.005656108597285068,
      0.579185520361991,
      1.0,
      0.5373303167420814,
      0.0746606334841629,
      0.005656108597285068,
      0.4581447963800905,
      0.0011312217194570137,
      0.0011312217194570137,
      0.019230769230769232,
      0.005656108597285068,
      0.011312217194570135,
      0.0011312217194570137,
      0.0011312217194570137,
      0.0011312217194570137,
      0.003393665158371041,
      0.02262443438914027,
      0.021493212669683258,
      0.016968325791855202,
      0.016968325791855202,
      0.010180995475113122,
      0.01809954751131222,
      0.01809954751131222,
      0.011312217194570135,
      0.01809954751131222,
      0.0,
      0.0011312217194570137,
      0.0,
      0.0,
      0.0,
      0.0,
      0.0,
      0.0011312217194570137
    ],
    [
      0.45588235294117646,
      0.332579185520362,
      0.4479638009049774,
      0.2907239819004525,
      0.36312217194570134,
      0.012443438914027148,
      0.003393665158371041,
      0.003393665158371041,
      0.415158371040724,
      0.0,
      0.0011312217194570137,
      0.004524886877828055,
      0.006787330316742082,
      0.6606334841628959,
      0.5373303167420814,
      1.0,
      0.09389140271493213,
      0.006787330316742082,
      0.5859728506787331,
      0.0,
      0.0011312217194570137,
      0.0011312217194570137,
      0.0011312217194570137,
      0.0022624434389140274,
      0.0011312217194570137,
      0.0011312217194570137,
      0.0,
      0.0011312217194570137,
      0.0022624434389140274,
      0.0022624434389140274,
      0.004524886877828055,
      0.0011312217194570137,
      0.004524886877828055,
      0.004524886877828055,
      0.004524886877828055,
      0.004524886877828055,
      0.0022624434389140274,
      0.0022624434389140274,
      0.0022624434389140274,
      0.0022624434389140274,
      0.0022624434389140274,
      0.0,
      0.0022624434389140274,
      0.0,
      0.0
    ],
    [
      0.09841628959276018,
      0.07805429864253394,
      0.08257918552036199,
      0.053167420814479636,
      0.11990950226244344,
      0.01583710407239819,
      0.0022624434389140274,
      0.003393665158371041,
      0.10294117647058823,
      0.0011312217194570137,
      0.004524886877828055,
      0.0022624434389140274,
      0.010180995475113122,
      0.09954751131221719,
      0.0746606334841629,
      0.09389140271493213,
      1.0,
      0.020361990950226245,
      0.12104072398190045,
      0.03619909502262444,
      0.033936651583710405,
      0.005656108597285068,
      0.004524886877828055,
      0.005656108597285068,
      0.024886877828054297,
      0.03167420814479638,
      0.027149321266968326,
      0.030542986425339366,
      0.006787330316742082,
      0.003393665158371041,
      0.004524886877828055,
      0.00904977375565611,
      0.005656108597285068,
      0.005656108597285068,
      0.005656108597285068,
      0.007918552036199095,
      0.006787330316742082,
      0.005656108597285068,
      0.004524886877828055,
      0.004524886877828055,
      0.0022624434389140274,
      0.0,
      0.0022624434389140274,
      0.003393665158371041,
      0.0
    ],
    [
      0.004524886877828055,
      0.005656108597285068,
      0.007918552036199095,
      0.006787330316742082,
      0.024886877828054297,
      0.033936651583710405,
      0.029411764705882353,
      0.024886877828054297,
      0.006787330316742082,
      0.016968325791855202,
      0.03506787330316742,
      0.02262443438914027,
      0.020361990950226245,
      0.005656108597285068,
      0.005656108597285068,
      0.006787330316742082,
      0.020361990950226245,
      1.0,
      0.006787330316742082,
      0.013574660633484163,
      0.0022624434389140274,
      0.021493212669683258,
      0.027149321266968326,
      0.029411764705882353,
      0.006787330316742082,
      0.0022624434389140274,
      0.010180995475113122,
      0.020361990950226245,
      0.03167420814479638,
      0.032805429864253395,
      0.013574660633484163,
      0.030542986425339366,
      0.01583710407239819,
      0.013574660633484163,
      0.03167420814479638,
      0.024886877828054297,
      0.01583710407239819,
      0.006787330316742082,
      0.003393665158371041,
      0.0011312217194570137,
      0.003393665158371041,
      0.0,
      0.004524886877828055,
      0.0022624434389140274,
      0.005656108597285068
    ],
    [
      0.5124434389140271,
      0.3925339366515837,
      0.4117647058823529,
      0.29638009049773756,
      0.4095022624434389,
      0.012443438914027148,
      0.0022624434389140274,
      0.0011312217194570137,
      0.4423076923076923,
      0.0,
      0.003393665158371041,
      0.0011312217194570137,
      0.004524886877828055,
      0.5690045248868778,
      0.4581447963800905,
      0.5859728506787331,
      0.12104072398190045,
      0.006787330316742082,
      1.0,
      0.0022624434389140274,
      0.0022624434389140274,
      0.0011312217194570137,
      0.0011312217194570137,
      0.006787330316742082,
      0.0,
      0.004524886877828055,
      0.003393665158371041,
      0.003393665158371041,
      0.0011312217194570137,
      0.0011312217194570137,
      0.003393665158371041,
      0.005656108597285068,
      0.003393665158371041,
      0.004524886877828055,
      0.004524886877828055,
      0.004524886877828055,
      0.003393665158371041,
      0.0022624434389140274,
      0.0,
      0.0,
      0.0,
      0.0011312217194570137,
      0.0,
      0.0,
      0.0
    ],
    [
      0.0022624434389140274,
      0.0011312217194570137,
      0.0,
      0.003393665158371041,
      0.006787330316742082,
      0.007918552036199095,
      0.016968325791855202,
      0.010180995475113122,
      0.0022624434389140274,
      0.013574660633484163,
      0.014705882352941176,
      0.027149321266968326,
      0.007918552036199095,
      0.0,
      0.0011312217194570137,
      0.0,
      0.03619909502262444,
      0.013574660633484163,
      0.0022624434389140274,
      1.0,
      0.08710407239819004,
      0.012443438914027148,
      0.012443438914027148,
      0.019230769230769232,
      0.16289592760180996,
      0.11877828054298642,
      0.25904977375565613,
      0.24321266968325791,
      0.02262443438914027,
      0.014705882352941176,
      0.014705882352941176,
      0.02262443438914027,
      0.012443438914027148,
      0.006787330316742082,
      0.01583710407239819,
      0.014705882352941176,
      0.010180995475113122,
      0.00904977375565611,
      0.003393665158371041,
      0.0,
      0.0011312217194570137,
      0.0,
      0.0022624434389140274,
      0.0011312217194570137,
      0.0
    ],
    [
      0.0011312217194570137,
      0.0011312217194570137,
      0.0011312217194570137,
      0.0,
      0.005656108597285068,
      0.007918552036199095,
      0.010180995475113122,
      0.006787330316742082,
      0.0,
      0.005656108597285068,
      0.007918552036199095,
      0.011312217194570135,
      0.0022624434389140274,
      0.0011312217194570137,
      0.0011312217194570137,
      0.0011312217194570137,
      0.033936651583710405,
      0.0022624434389140274,
      0.0022624434389140274,
      0.08710407239819004,
      1.0,
      0.007918552036199095,
      0.007918552036199095,
      0.011312217194570135,
      0.07805429864253394,
      0.19457013574660634,
      0.12104072398190045,
      0.08031674208144797,
      0.012443438914027148,
      0.010180995475113122,
      0.0022624434389140274,
      0.007918552036199095,
      0.007918552036199095,
      0.006787330316742082,
      0.004524886877828055,
      0.010180995475113122,
      0.003393665158371041,
      0.011312217194570135,
      0.0,
      0.0011312217194570137,
      0.0,
      0.0011312217194570137,
      0.0011312217194570137,
      0.0011312217194570137,
      0.0022624434389140274
    ],
    [
      0.0022624434389140274,
      0.016968325791855202,
      0.0011312217194570137,
      0.01583710407239819,
      0.06334841628959276,
      0.11085972850678733,
      0.1085972850678733,
      0.11877828054298642,
      0.006787330316742082,
      0.010180995475113122,
      0.01809954751131222,
      0.03733031674208145,
      0.029411764705882353,
      0.0011312217194570137,
      0.019230769230769232,
      0.0011312217194570137,
      0.005656108597285068,
      0.021493212669683258,
      0.0011312217194570137,
      0.012443438914027148,
      0.007918552036199095,
      1.0,
      0.12669683257918551,
      0.10407239819004525,
      0.016968325791855202,
      0.013574660633484163,
      0.014705882352941176,
      0.016968325791855202,
      0.1085972850678733,
      0.11425339366515837,
      0.10407239819004525,
      0.1334841628959276,
      0.0757918552036199,
      0.0746606334841629,
      0.11764705882352941,
      0.12217194570135746,
      0.08257918552036199,
      0.006787330316742082,
      0.014705882352941176,
      0.010180995475113122,
      0.00904977375565611,
      0.016968325791855202,
      0.003393665158371041,
      0.00904977375565611,
      0.012443438914027148
    ],
    [
      0.0022624434389140274,
      0.004524886877828055,
      0.0011312217194570137,
      0.013574660633484163,
      0.05656108597285068,
      0.09728506787330317,
      0.1414027149321267,
      0.11085972850678733,
      0.0022624434389140274,
      0.01809954751131222,
      0.02262443438914027,
      0.07239819004524888,
      0.05656108597285068,
      0.003393665158371041,
      0.005656108597285068,
      0.0011312217194570137,
      0.004524886877828055,
      0.027149321266968326,
      0.0011312217194570137,
      0.012443438914027148,
      0.007918552036199095,
      0.12669683257918551,
      1.0,
      0.20361990950226244,
      0.00904977375565611,
      0.006787330316742082,
      0.012443438914027148,
      0.02262443438914027,
      0.10180995475113122,
      0.09728506787330317,
      0.11312217194570136,
      0.10067873303167421,
      0.0757918552036199,
      0.06334841628959276,
      0.09389140271493213,
      0.23529411764705882,
      0.07805429864253394,
      0.007918552036199095,
      0.006787330316742082,
      0.007918552036199095,
      0.010180995475113122,
      0.012443438914027148,
      0.004524886877828055,
      0.012443438914027148,
      0.019230769230769232
    ],
    [
      0.0011312217194570137,
      0.011312217194570135,
      0.0022624434389140274,
      0.01583710407239819,
      0.05995475113122172,
      0.12330316742081449,
      0.1346153846153846,
      0.1595022624434389,
      0.0011312217194570137,
      0.020361990950226245,
      0.029411764705882353,
      0.0746606334841629,
      0.06787330316742081,
      0.0022624434389140274,
      0.011312217194570135,
      0.0022624434389140274,
      0.005656108597285068,
      0.029411764705882353,
      0.006787330316742082,
      0.019230769230769232,
      0.011312217194570135,
      0.10407239819004525,
      0.20361990950226244,
      1.0,
      0.021493212669683258,
      0.026018099547511313,
      0.027149321266968326,
      0.03167420814479638,
      0.12895927601809956,
      0.1346153846153846,
      0.09615384615384616,
      0.11877828054298642,
      0.07692307692307693,
      0.0757918552036199,
      0.08823529411764706,
      0.19683257918552036,
      0.12669683257918551,
      0.00904977375565611,
      0.016968325791855202,
      0.013574660633484163,
      0.010180995475113122,
      0.007918552036199095,
      0.0022624434389140274,
      0.0022624434389140274,
      0.02262443438914027
    ],
    [
      0.0011312217194570137,
      0.0011312217194570137,
      0.0011312217194570137,
      0.0022624434389140274,
      0.004524886877828055,
      0.003393665158371041,
      0.012443438914027148,
      0.0022624434389140274,
      0.0,
      0.00904977375565611,
      0.01809954751131222,
      0.012443438914027148,
      0.004524886877828055,
      0.0011312217194570137,
      0.0011312217194570137,
      0.0011312217194570137,
      0.024886877828054297,
      0.006787330316742082,
      0.0,
      0.16289592760180996,
      0.07805429864253394,
      0.016968325791855202,
      0.00904977375565611,
      0.021493212669683258,
      1.0,
      0.20588235294117646,
      0.12782805429864252,
      0.10407239819004525,
      0.011312217194570135,
      0.013574660633484163,
      0.0011312217194570137,
      0.00904977375565611,
      0.007918552036199095,
      0.0022624434389140274,
      0.005656108597285068,
      0.010180995475113122,
      0.003393665158371041,
      0.005656108597285068,
      0.0022624434389140274,
      0.0011312217194570137,
      0.0011312217194570137,
      0.0,
      0.0011312217194570137,
      0.0011312217194570137,
      0.0
    ],
    [
      0.0,
      0.0022624434389140274,
      0.0011312217194570137,
      0.0022624434389140274,
      0.006787330316742082,
      0.007918552036199095,
      0.012443438914027148,
      0.007918552036199095,
      0.0,
      0.011312217194570135,
      0.011312217194570135,
      0.014705882352941176,
      0.006787330316742082,
      0.0022624434389140274,
      0.0011312217194570137,
      0.0011312217194570137,
      0.03167420814479638,
      0.0022624434389140274,
      0.004524886877828055,
      0.11877828054298642,
      0.19457013574660634,
      0.013574660633484163,
      0.006787330316742082,
      0.026018099547511313,
      0.20588235294117646,
      1.0,
      0.15384615384615385,
      0.09841628959276018,
      0.012443438914027148,
      0.00904977375565611,
      0.004524886877828055,
      0.01583710407239819,
      0.010180995475113122,
      0.006787330316742082,
      0.013574660633484163,
      0.012443438914027148,
      0.007918552036199095,
      0.007918552036199095,
      0.003393665158371041,
      0.0022624434389140274,
      0.0022624434389140274,
      0.0022624434389140274,
      0.0022624434389140274,
      0.0011312217194570137,
      0.0
    ],
    [
      0.0022624434389140274,
      0.0011312217194570137,
      0.0011312217194570137,
      0.003393665158371041,
      0.004524886877828055,
      0.010180995475113122,
      0.014705882352941176,
      0.01809954751131222,
      0.0011312217194570137,
      0.010180995475113122,
      0.012443438914027148,
      0.021493212669683258,
      0.006787330316742082,
      0.0022624434389140274,
      0.0011312217194570137,
      0.0,
      0.027149321266968326,
      0.010180995475113122,
      0.003393665158371041,
      0.25904977375565613,
      0.12104072398190045,
      0.014705882352941176,
      0.012443438914027148,
      0.027149321266968326,
      0.12782805429864252,
      0.15384615384615385,
      1.0,
      0.19796380090497737,
      0.024886877828054297,
      0.01809954751131222,
      0.011312217194570135,
      0.023755656108597284,
      0.016968325791855202,
      0.012443438914027148,
      0.014705882352941176,
      0.019230769230769232,
      0.010180995475113122,
      0.006787330316742082,
      0.004524886877828055,
      0.003393665158371041,
      0.0,
      0.0022624434389140274,
      0.003393665158371041,
      0.0,
      0.0011312217194570137
    ],
    [
      0.0011312217194570137,
      0.0022624434389140274,
      0.0022624434389140274,
      0.003393665158371041,
      0.02262443438914027,
      0.038461538461538464,
      0.038461538461538464,
      0.04524886877828054,
      0.0022624434389140274,
      0.013574660633484163,
      0.01809954751131222,
      0.021493212669683258,
      0.02828054298642534,
      0.0022624434389140274,
      0.003393665158371041,
      0.0011312217194570137,
      0.030542986425339366,
      0.020361990950226245,
      0.003393665158371041,
      0.24321266968325791,
      0.08031674208144797,
      0.016968325791855202,
      0.02262443438914027,
      0.03167420814479638,
      0.10407239819004525,
      0.09841628959276018,
      0.19796380090497737,
      1.0,
      0.05090497737556561,
      0.053167420814479636,
      0.019230769230769232,
      0.03167420814479638,
      0.029411764705882353,
      0.01583710407239819,
      0.016968325791855202,
      0.023755656108597284,
      0.016968325791855202,
      0.007918552036199095,
      0.003393665158371041,
      0.0,
      0.0011312217194570137,
      0.0,
      0.0011312217194570137,
      0.0011312217194570137,
      0.0022624434389140274
    ],
    [
      0.0011312217194570137,
      0.020361990950226245,
      0.0022624434389140274,
      0.016968325791855202,
      0.1244343891402715,
      0.36990950226244346,
      0.23529411764705882,
      0.3834841628959276,
      0.005656108597285068,
      0.09049773755656108,
      0.13687782805429866,
      0.07352941176470588,
      0.14479638009049775,
      0.0022624434389140274,
      0.02262443438914027,
      0.0022624434389140274,
      0.006787330316742082,
      0.03167420814479638,
      0.0011312217194570137,
      0.02262443438914027,
      0.012443438914027148,
      0.1085972850678733,
      0.10180995475113122,
      0.12895927601809956,
      0.011312217194570135,
      0.012443438914027148,
      0.024886877828054297,
      0.05090497737556561,
      1.0,
      0.5622171945701357,
      0.09841628959276018,
      0.11877828054298642,
      0.08597285067873303,
      0.08257918552036199,
      0.07692307692307693,
      0.12669683257918551,
      0.09502262443438914,
      0.010180995475113122,
      0.003393665158371041,
      0.005656108597285068,
      0.003393665158371041,
      0.004524886877828055,
      0.0011312217194570137,
      0.0011312217194570137,
      0.01583710407239819
    ],
    [
      0.0011312217194570137,
      0.021493212669683258,
      0.0022624434389140274,
      0.016968325791855202,
      0.11990950226244344,
      0.38687782805429866,
      0.2420814479638009,
      0.417420814479638,
      0.003393665158371041,
      0.06787330316742081,
      0.1074660633484163,
      0.0667420814479638,
      0.12104072398190045,
      0.0022624434389140274,
      0.021493212669683258,
      0.0022624434389140274,
      0.003393665158371041,
      0.032805429864253395,
      0.0011312217194570137,
      0.014705882352941176,
      0.010180995475113122,
      0.11425339366515837,
      0.09728506787330317,
      0.1346153846153846,
      0.013574660633484163,
      0.00904977375565611,
      0.01809954751131222,
      0.053167420814479636,
      0.5622171945701357,
      1.0,
      0.10633484162895927,
      0.13122171945701358,
      0.09276018099547512,
      0.08144796380090498,
      0.08031674208144797,
      0.13009049773755657,
      0.10180995475113122,
      0.003393665158371041,
      0.0011312217194570137,
      0.0011312217194570137,
      0.0022624434389140274,
      0.00904977375565611,
      0.0,
      0.0022624434389140274,
      0.020361990950226245
    ],
    [
      0.005656108597285068,
      0.01583710407239819,
      0.004524886877828055,
      0.011312217194570135,
      0.05090497737556561,
      0.10067873303167421,
      0.10294117647058823,
      0.11425339366515837,
      0.003393665158371041,
      0.00904977375565611,
      0.012443438914027148,
      0.030542986425339366,
      0.049773755656108594,
      0.0022624434389140274,
      0.016968325791855202,
      0.004524886877828055,
      0.004524886877828055,
      0.013574660633484163,
      0.003393665158371041,
      0.014705882352941176,
      0.0022624434389140274,
      0.10407239819004525,
      0.11312217194570136,
      0.09615384615384616,
      0.0011312217194570137,
      0.004524886877828055,
      0.011312217194570135,
      0.019230769230769232,
      0.09841628959276018,
      0.10633484162895927,
      1.0,
      0.11764705882352941,
      0.09389140271493213,
      0.09615384615384616,
      0.09502262443438914,
      0.10407239819004525,
      0.07239819004524888,
      0.011312217194570135,
      0.012443438914027148,
      0.012443438914027148,
      0.01583710407239819,
      0.00904977375565611,
      0.006787330316742082,
      0.012443438914027148,
      0.02262443438914027
    ],
    [
      0.0022624434389140274,
      0.014705882352941176,
      0.0011312217194570137,
      0.010180995475113122,
      0.058823529411764705,
      0.10972850678733032,
      0.1085972850678733,
      0.11877828054298642,
      0.005656108597285068,
      0.021493212669683258,
      0.030542986425339366,
      0.042986425339366516,
      0.04411764705882353,
      0.0022624434389140274,
      0.016968325791855202,
      0.0011312217194570137,
      0.00904977375565611,
      0.030542986425339366,
      0.005656108597285068,
      0.02262443438914027,
      0.007918552036199095,
      0.1334841628959276,
      0.10067873303167421,
      0.11877828054298642,
      0.00904977375565611,
      0.01583710407239819,
      0.023755656108597284,
      0.03167420814479638,
      0.11877828054298642,
      0.13122171945701358,
      0.11764705882352941,
      1.0,
      0.1255656108597285,
      0.1255656108597285,
      0.1346153846153846,
      0.1425339366515837,
      0.09276018099547512,
      0.010180995475113122,
      0.01809954751131222,
      0.014705882352941176,
      0.01583710407239819,
      0.013574660633484163,
      0.004524886877828055,
      0.01583710407239819,
      0.033936651583710405
    ],
    [
      0.005656108597285068,
      0.010180995475113122,
      0.003393665158371041,
      0.007918552036199095,
      0.04072398190045249,
      0.07352941176470588,
      0.08031674208144797,
      0.09615384615384616,
      0.003393665158371041,
      0.006787330316742082,
      0.010180995475113122,
      0.03733031674208145,
      0.04638009049773756,
      0.005656108597285068,
      0.010180995475113122,
      0.004524886877828055,
      0.005656108597285068,
      0.01583710407239819,
      0.003393665158371041,
      0.012443438914027148,
      0.007918552036199095,
      0.0757918552036199,
      0.0757918552036199,
