,MD/add_sub_2op_symbolic,MD/add_sub_2op_verbal,MD/add_sub_3op_symbolic,MD/add_sub_3op_verbal,MD/code_A,MD/code_B,MD/code_conditional,MD/code_list,MD/code_loop,MD/logic_propositional_1,MD/logic_propositional_symbolic,MD/logic_syllogism_1,MD/logic_syllogism_symbolic,MD/mul_div_2op_symbolic,MD/mul_div_2op_verbal,MD/mul_div_3op_symbolic,MD/number_sequence,MD/number_sorting,MD/simple_equation,ToM/agent,ToM/desires_goals,ToM/emotion_fewshot,ToM/norm_appropriate,ToM/norm_moral,ToM/primary_emotions,ToM/secondary_emotions,ToM/social_interactions,ToM/social_relations,phys/phys_newton,phys/phys_prost,phys/physics_brightness,phys/physics_buoyancy,phys/physics_elasticity,phys/physics_solubility,phys/physics_speed,phys/physics_stability,phys/physics_temperature,Lan/anaphor_gender_agreement,Lan/det_noun_agreement_irregular,Lan/det_noun_agreement_regular,Lan/det_noun_agreement_with_adjective,Lan/hypernymy,Lan/npi,Lan/subject_verb_agreement,Lan/wug
MD/add_sub_2op_symbolic,0.000000,0.101754,0.125052,0.094084,0.055913,0.003930,0.003033,0.002143,0.091816,0.000401,0.004869,0.004053,0.005568,0.103007,0.072758,0.098191,0.051417,0.010045,0.104668,0.001403,0.001291,0.004306,0.002674,0.003456,0.001106,0.002016,0.002108,0.002789,0.002022,0.002123,0.004312,0.003318,0.004176,0.003064,0.003242,0.003491,0.002864,0.003340,0.001979,0.000840,0.001249,0.001932,0.003191,0.002162,0.002841
MD/add_sub_2op_verbal,0.101754,0.000000,0.092263,0.112972,0.044655,0.013923,0.008914,0.011729,0.069427,0.001110,0.003074,0.007738,0.007993,0.073729,0.094883,0.071795,0.042889,0.008953,0.081363,0.001165,0.000933,0.013603,0.007706,0.007641,0.001598,0.001739,0.001446,0.003313,0.008869,0.009000,0.010508,0.009307,0.010300,0.011282,0.010721,0.009209,0.011922,0.006531,0.001404,0.000821,0.001557,0.001396,0.002306,0.003020,0.003539
MD/add_sub_3op_symbolic,0.125052,0.092263,0.000000,0.106087,0.053495,0.003633,0.002766,0.002440,0.089962,0.001749,0.004561,0.003664,0.004974,0.100052,0.073567,0.103014,0.049625,0.012863,0.098134,0.002036,0.001470,0.004902,0.002315,0.002905,0.001532,0.001530,0.001431,0.002050,0.002926,0.002552,0.003862,0.003951,0.002889,0.004146,0.002858,0.003798,0.003030,0.005703,0.001853,0.000956,0.000604,0.001626,0.004422,0.003516,0.003234
MD/add_sub_3op_verbal,0.094084,0.112972,0.106087,0.000000,0.043179,0.012779,0.008915,0.011285,0.067219,0.001300,0.003949,0.005898,0.006618,0.072836,0.089614,0.072701,0.036964,0.010064,0.076147,0.002048,0.002572,0.011003,0.011546,0.009285,0.002202,0.003078,0.001906,0.003638,0.007835,0.007453,0.011074,0.009411,0.011440,0.013644,0.011939,0.011639,0.012654,0.008212,0.002267,0.001752,0.001216,0.002693,0.002701,0.001503,0.002676
MD/code_A,0.055913,0.044655,0.053495,0.043179,0.000000,0.033573,0.061926,0.028419,0.089944,0.013607,0.013586,0.029191,0.015179,0.052836,0.043555,0.056517,0.043996,0.018422,0.059483,0.003346,0.002297,0.017410,0.017291,0.015182,0.002198,0.002505,0.002343,0.006711,0.024073,0.024110,0.017674,0.013081,0.014119,0.012205,0.020166,0.015255,0.015429,0.002679,0.000435,0.000265,0.000426,0.001145,0.001892,0.002787,0.007498
MD/code_B,0.003930,0.013923,0.003633,0.012779,0.033573,0.000000,0.074952,0.118972,0.005212,0.026298,0.027100,0.030335,0.038772,0.004226,0.013233,0.003724,0.010233,0.027251,0.006068,0.006035,0.006443,0.033910,0.029578,0.034155,0.002758,0.003780,0.006365,0.017515,0.071271,0.074575,0.032066,0.028568,0.030030,0.031403,0.028499,0.028412,0.033654,0.003094,0.001832,0.001721,0.002389,0.007465,0.004370,0.003475,0.022425
MD/code_conditional,0.003033,0.008914,0.002766,0.008915,0.061926,0.074952,0.000000,0.073948,0.003432,0.028209,0.027128,0.059423,0.039743,0.002530,0.008688,0.002895,0.003152,0.028394,0.002034,0.009065,0.005631,0.036366,0.041933,0.037507,0.006376,0.005462,0.006058,0.015343,0.051561,0.054504,0.037559,0.029409,0.031573,0.027239,0.041054,0.036068,0.029922,0.006240,0.002028,0.001705,0.002366,0.004212,0.008813,0.006798,0.025125
MD/code_list,0.002143,0.011729,0.002440,0.011285,0.028419,0.118972,0.073948,0.000000,0.003026,0.019201,0.011580,0.025785,0.044658,0.002711,0.010372,0.002327,0.005181,0.019929,0.002505,0.005750,0.006935,0.037821,0.034804,0.039622,0.001697,0.003487,0.007177,0.019676,0.071187,0.076132,0.039422,0.031442,0.036740,0.033565,0.026854,0.033272,0.039335,0.005200,0.002617,0.002802,0.003111,0.009851,0.004896,0.004568,0.025825
MD/code_loop,0.091816,0.069427,0.089962,0.067219,0.089944,0.005212,0.003432,0.003026,0.000000,0.000566,0.004440,0.003904,0.006171,0.102468,0.075115,0.110893,0.064613,0.012932,0.107157,0.001386,0.000872,0.005626,0.002871,0.001689,0.001562,0.000949,0.002089,0.001695,0.002562,0.002213,0.004567,0.004469,0.004355,0.005432,0.004309,0.004096,0.004852,0.007907,0.002795,0.002160,0.002998,0.004745,0.005485,0.004907,0.005112
MD/logic_propositional_1,0.000401,0.001110,0.001749,0.001300,0.013607,0.026298,0.028209,0.019201,0.000566,0.000000,0.268894,0.056359,0.084763,0.000000,0.000000,0.000435,0.009789,0.056230,0.000000,0.023298,0.020792,0.012571,0.019086,0.023370,0.015974,0.019289,0.015869,0.022115,0.055468,0.054316,0.009876,0.022435,0.011895,0.004713,0.013641,0.018565,0.006646,0.003740,0.000663,0.000000,0.000000,0.000000,0.051375,0.000000,0.005392
MD/logic_propositional_symbolic,0.004869,0.003074,0.004561,0.003949,0.013586,0.027100,0.027128,0.011580,0.004440,0.268894,0.000000,0.077032,0.058067,0.001795,0.002912,0.002203,0.013992,0.064823,0.004210,0.024970,0.018297,0.013087,0.017347,0.016977,0.025017,0.015894,0.018658,0.019947,0.063179,0.056574,0.008915,0.018981,0.011481,0.007604,0.015119,0.016390,0.009030,0.001549,0.000923,0.000473,0.000000,0.000000,0.020782,0.001218,0.003372
MD/logic_syllogism_1,0.004053,0.007738,0.003664,0.005898,0.029191,0.030335,0.059423,0.025785,0.003904,0.056359,0.077032,0.000000,0.043361,0.003351,0.006257,0.003947,0.005551,0.045943,0.003582,0.028761,0.018071,0.028283,0.043891,0.036885,0.017644,0.015825,0.020537,0.020368,0.029338,0.027061,0.025697,0.026345,0.023891,0.018104,0.035618,0.038129,0.024263,0.013109,0.004573,0.004651,0.005515,0.012034,0.043017,0.007728,0.015288
MD/logic_syllogism_symbolic,0.005568,0.007993,0.004974,0.006618,0.015179,0.038772,0.039743,0.044658,0.006171,0.084763,0.058067,0.043361,0.000000,0.005613,0.006213,0.005624,0.007393,0.038840,0.003777,0.011204,0.004101,0.023590,0.031635,0.030196,0.005004,0.005269,0.010331,0.019340,0.052495,0.044022,0.034391,0.026891,0.031499,0.029155,0.024959,0.027043,0.027130,0.020271,0.007228,0.007121,0.006443,0.025156,0.025841,0.017485,0.028870
MD/mul_div_2op_symbolic,0.103007,0.073729,0.100052,0.072836,0.052836,0.004226,0.002530,0.002711,0.102468,0.000000,0.001795,0.003351,0.005613,0.000000,0.107310,0.130456,0.052541,0.006535,0.110262,0.001642,0.002338,0.003446,0.002783,0.003127,0.000851,0.002346,0.002387,0.002499,0.002007,0.001756,0.003367,0.002710,0.003411,0.003189,0.003541,0.003767,0.004173,0.005216,0.001495,0.000874,0.000748,0.002448,0.002455,0.002733,0.002433
MD/mul_div_2op_verbal,0.072758,0.094883,0.073567,0.089614,0.043555,0.013233,0.008688,0.010372,0.075115,0.000000,0.002912,0.006257,0.006213,0.107310,0.000000,0.103454,0.044533,0.008854,0.088116,0.000600,0.001584,0.013192,0.007773,0.008330,0.001647,0.002708,0.001900,0.002419,0.008073,0.007676,0.011020,0.009874,0.010259,0.011249,0.011208,0.009050,0.011879,0.005047,0.001640,0.001028,0.001258,0.001946,0.002376,0.003968,0.002862
MD/mul_div_3op_symbolic,0.098191,0.071795,0.103014,0.072701,0.056517,0.003724,0.002895,0.002327,0.110893,0.000435,0.002203,0.003947,0.005624,0.130456,0.103454,0.000000,0.052449,0.008580,0.114756,0.000647,0.001402,0.003594,0.002722,0.002944,0.001201,0.001202,0.001124,0.001725,0.002196,0.001831,0.003098,0.002189,0.002964,0.002698,0.003520,0.003316,0.003292,0.005440,0.000797,0.000554,0.000373,0.001550,0.003464,0.000503,0.001692
MD/number_sequence,0.051417,0.042889,0.049625,0.036964,0.043996,0.010233,0.003152,0.005181,0.064613,0.009789,0.013992,0.005551,0.007393,0.052541,0.044533,0.052449,0.000000,0.047968,0.061953,0.032446,0.063901,0.009008,0.007204,0.006036,0.046151,0.037262,0.032414,0.032670,0.004291,0.001597,0.006196,0.008729,0.008309,0.008316,0.009775,0.011286,0.009295,0.016093,0.004679,0.003448,0.004038,0.005552,0.015949,0.008877,0.002239
MD/number_sorting,0.010045,0.008953,0.012863,0.010064,0.018422,0.027251,0.028394,0.019929,0.012932,0.056230,0.064823,0.045943,0.038840,0.006535,0.008854,0.008580,0.047968,0.000000,0.011874,0.022810,0.018264,0.025335,0.029525,0.028792,0.016559,0.011950,0.019246,0.038234,0.026183,0.025740,0.019171,0.034185,0.025077,0.021365,0.037830,0.031137,0.026945,0.023308,0.007574,0.005855,0.008126,0.001929,0.030262,0.013298,0.012802
MD/simple_equation,0.104668,0.081363,0.098134,0.076147,0.059483,0.006068,0.002034,0.002505,0.107157,0.000000,0.004210,0.003582,0.003777,0.110262,0.088116,0.114756,0.061953,0.011874,0.000000,0.001879,0.003009,0.004002,0.002488,0.003324,0.002021,0.002575,0.001982,0.002115,0.001688,0.001772,0.002432,0.003782,0.003612,0.003220,0.003574,0.002886,0.003186,0.005265,0.000939,0.000536,0.000919,0.001501,0.002478,0.001379,0.001348
ToM/agent,0.001403,0.001165,0.002036,0.002048,0.003346,0.006035,0.009065,0.005750,0.001386,0.023298,0.024970,0.028761,0.011204,0.001642,0.000600,0.000647,0.032446,0.022810,0.001879,0.000000,0.098644,0.008143,0.009716,0.014731,0.138274,0.085245,0.164799,0.153357,0.010473,0.009985,0.008122,0.011268,0.009221,0.006308,0.011781,0.011844,0.008997,0.018205,0.003944,0.002452,0.001588,0.004273,0.019912,0.006313,0.001915
ToM/desires_goals,0.001291,0.000933,0.001470,0.002572,0.002297,0.006443,0.005631,0.006935,0.000872,0.020792,0.018297,0.018071,0.004101,0.002338,0.001584,0.001402,0.063901,0.018264,0.003009,0.098644,0.000000,0.010568,0.008266,0.010906,0.121839,0.211960,0.128353,0.078371,0.007754,0.006870,0.008302,0.010916,0.007383,0.008914,0.009433,0.013068,0.005587,0.025724,0.004180,0.003491,0.002090,0.006843,0.018164,0.007639,0.004533
ToM/emotion_fewshot,0.004306,0.013603,0.004902,0.011003,0.017410,0.033910,0.036366,0.037821,0.005626,0.012571,0.013087,0.028283,0.023590,0.003446,0.013192,0.003594,0.009008,0.025335,0.004002,0.008143,0.010568,0.000000,0.052804,0.046770,0.015690,0.015600,0.009542,0.013343,0.034226,0.035237,0.054431,0.049510,0.042712,0.046454,0.057801,0.051076,0.043670,0.014315,0.009304,0.007194,0.006967,0.026011,0.014320,0.015941,0.017320
ToM/norm_appropriate,0.002674,0.007706,0.002315,0.011546,0.017291,0.029578,0.041933,0.034804,0.002871,0.019086,0.017347,0.043891,0.031635,0.002783,0.007773,0.002722,0.007204,0.029525,0.002488,0.009716,0.008266,0.052804,0.000000,0.075280,0.010200,0.008729,0.011474,0.014980,0.028833,0.030440,0.047864,0.042065,0.041400,0.038617,0.049270,0.083569,0.040696,0.014462,0.004423,0.004156,0.004822,0.016488,0.015818,0.013262,0.017196
ToM/norm_moral,0.003456,0.007641,0.002905,0.009285,0.015182,0.034155,0.037507,0.039622,0.001689,0.023370,0.016977,0.036885,0.030196,0.003127,0.008330,0.002944,0.006036,0.028792,0.003324,0.014731,0.010906,0.046770,0.075280,0.000000,0.021327,0.015411,0.014977,0.018675,0.032077,0.036463,0.040008,0.042929,0.040534,0.039487,0.043569,0.061947,0.056944,0.012180,0.006201,0.006075,0.006065,0.013770,0.008600,0.007234,0.016413
ToM/primary_emotions,0.001106,0.001598,0.001532,0.002202,0.002198,0.002758,0.006376,0.001697,0.001562,0.015974,0.025017,0.017644,0.005004,0.000851,0.001647,0.001201,0.046151,0.016559,0.002021,0.138274,0.121839,0.015690,0.010200,0.021327,0.000000,0.201489,0.114605,0.091998,0.005603,0.005042,0.007109,0.010428,0.008563,0.003816,0.009820,0.010103,0.006630,0.029124,0.003181,0.002989,0.003112,0.002302,0.019701,0.003270,0.000685
ToM/secondary_emotions,0.002016,0.001739,0.001530,0.003078,0.002505,0.003780,0.005462,0.003487,0.000949,0.019289,0.015894,0.015825,0.005269,0.002346,0.002708,0.001202,0.037262,0.011950,0.002575,0.085245,0.211960,0.015600,0.008729,0.015411,0.201489,0.000000,0.113917,0.076000,0.005691,0.005974,0.007339,0.011240,0.010067,0.005509,0.009180,0.011303,0.007038,0.015896,0.003335,0.002765,0.002175,0.004818,0.022449,0.005378,0.002628
ToM/social_interactions,0.002108,0.001446,0.001431,0.001906,0.002343,0.006365,0.006058,0.007177,0.002089,0.015869,0.018658,0.020537,0.010331,0.002387,0.001900,0.001124,0.032414,0.019246,0.001982,0.164799,0.128353,0.009542,0.011474,0.014977,0.114605,0.113917,0.000000,0.133873,0.010430,0.009885,0.008262,0.013253,0.011818,0.012198,0.012425,0.012787,0.009877,0.016000,0.003793,0.003564,0.002692,0.003702,0.013558,0.003403,0.005444
ToM/social_relations,0.002789,0.003313,0.002050,0.003638,0.006711,0.017515,0.015343,0.019676,0.001695,0.022115,0.019947,0.020368,0.019340,0.002499,0.002419,0.001725,0.032670,0.038234,0.002115,0.153357,0.078371,0.013343,0.014980,0.018675,0.091998,0.076000,0.133873,0.000000,0.017979,0.017241,0.014732,0.016901,0.017276,0.012330,0.012502,0.012724,0.015654,0.016174,0.004613,0.003402,0.003542,0.005225,0.004314,0.006357,0.004275
phys/phys_newton,0.002022,0.008869,0.002926,0.007835,0.024073,0.071271,0.051561,0.071187,0.002562,0.055468,0.063179,0.029338,0.052495,0.002007,0.008073,0.002196,0.004291,0.026183,0.001688,0.010473,0.007754,0.034226,0.028833,0.032077,0.005603,0.005691,0.010430,0.017979,0.000000,0.102815,0.030368,0.027845,0.028974,0.030139,0.027114,0.029988,0.030585,0.009813,0.002814,0.002644,0.002232,0.007898,0.007745,0.003025,0.015708
phys/phys_prost,0.002123,0.009000,0.002552,0.007453,0.024110,0.074575,0.054504,0.076132,0.002213,0.054316,0.056574,0.027061,0.044022,0.001756,0.007676,0.001831,0.001597,0.025740,0.001772,0.009985,0.006870,0.035237,0.030440,0.036463,0.005042,0.005974,0.009885,0.017241,0.102815,0.000000,0.033347,0.031882,0.033786,0.029470,0.026798,0.031165,0.033078,0.004545,0.001674,0.001758,0.001990,0.010709,0.006419,0.004049,0.014370
phys/physics_brightness,0.004312,0.010508,0.003862,0.011074,0.017674,0.032066,0.037559,0.039422,0.004567,0.009876,0.008915,0.025697,0.034391,0.003367,0.011020,0.003098,0.006196,0.019171,0.002432,0.008122,0.008302,0.054431,0.047864,0.040008,0.007109,0.007339,0.008262,0.014732,0.030368,0.033347,0.000000,0.055223,0.063540,0.060683,0.057287,0.050053,0.052248,0.018238,0.007395,0.006702,0.008721,0.022633,0.012992,0.017888,0.021306
phys/physics_buoyancy,0.003318,0.009307,0.003951,0.009411,0.013081,0.028568,0.029409,0.031442,0.004469,0.022435,0.018981,0.026345,0.026891,0.002710,0.009874,0.002189,0.008729,0.034185,0.003782,0.011268,0.010916,0.049510,0.042065,0.042929,0.010428,0.011240,0.013253,0.016901,0.027845,0.031882,0.055223,0.000000,0.059305,0.062849,0.056077,0.048370,0.048608,0.013252,0.007895,0.007855,0.008424,0.020107,0.008256,0.022467,0.023999
phys/physics_elasticity,0.004176,0.010300,0.002889,0.011440,0.014119,0.030030,0.031573,0.036740,0.004355,0.011895,0.011481,0.023891,0.031499,0.003411,0.010259,0.002964,0.008309,0.025077,0.003612,0.009221,0.007383,0.042712,0.041400,0.040534,0.008563,0.010067,0.011818,0.017276,0.028974,0.033786,0.063540,0.059305,0.000000,0.057344,0.041268,0.040800,0.061795,0.012918,0.013231,0.012982,0.013825,0.026845,0.014317,0.026221,0.025858
phys/physics_solubility,0.003064,0.011282,0.004146,0.013644,0.012205,0.031403,0.027239,0.033565,0.005432,0.004713,0.007604,0.018104,0.029155,0.003189,0.011249,0.002698,0.008316,0.021365,0.003220,0.006308,0.008914,0.046454,0.038617,0.039487,0.003816,0.005509,0.012198,0.012330,0.030139,0.029470,0.060683,0.062849,0.057344,0.000000,0.051641,0.039163,0.075948,0.010744,0.013064,0.011059,0.013385,0.039415,0.017865,0.034599,0.027403
phys/physics_speed,0.003242,0.010721,0.002858,0.011939,0.020166,0.028499,0.041054,0.026854,0.004309,0.013641,0.015119,0.035618,0.024959,0.003541,0.011208,0.003520,0.009775,0.037830,0.003574,0.011781,0.009433,0.057801,0.049270,0.043569,0.009819,0.009180,0.012425,0.012502,0.027114,0.026798,0.057287,0.056077,0.041268,0.051641,0.000000,0.060453,0.045778,0.017313,0.006835,0.007559,0.009617,0.031268,0.013025,0.012210,0.011548
phys/physics_stability,0.003491,0.009209,0.003798,0.011639,0.015255,0.028412,0.036068,0.033272,0.004096,0.018565,0.016390,0.038129,0.027043,0.003767,0.009050,0.003316,0.011286,0.031137,0.002886,0.011844,0.013068,0.051076,0.083569,0.061947,0.010103,0.011303,0.012787,0.012724,0.029988,0.031165,0.050053,0.048370,0.040800,0.039163,0.060453,0.000000,0.041803,0.010322,0.006963,0.006104,0.006105,0.015194,0.014577,0.007497,0.016212
phys/physics_temperature,0.002864,0.011922,0.003030,0.012654,0.015429,0.033654,0.029922,0.039335,0.004852,0.006646,0.009030,0.024263,0.027130,0.004173,0.011879,0.003292,0.009295,0.026945,0.003186,0.008997,0.005587,0.043670,0.040696,0.056944,0.006630,0.007038,0.009877,0.015654,0.030585,0.033078,0.052248,0.048608,0.061795,0.075948,0.045778,0.041803,0.000000,0.016463,0.010087,0.009164,0.008940,0.030647,0.013805,0.027499,0.018959
Lan/anaphor_gender_agreement,0.003340,0.006531,0.005703,0.008212,0.002679,0.003094,0.006240,0.005200,0.007907,0.003740,0.001549,0.013109,0.020271,0.005216,0.005047,0.005440,0.016093,0.023308,0.005265,0.018205,0.025724,0.014315,0.014462,0.012180,0.029124,0.015896,0.016000,0.016174,0.009813,0.004545,0.018238,0.013252,0.012918,0.010744,0.017313,0.010322,0.016463,0.000000,0.060613,0.051001,0.051182,0.099201,0.167373,0.124606,0.022394
Lan/det_noun_agreement_irregular,0.001979,0.001404,0.001853,0.002267,0.000435,0.001832,0.002028,0.002617,0.002795,0.000663,0.000923,0.004573,0.007228,0.001495,0.001640,0.000797,0.004679,0.007574,0.000939,0.003944,0.004180,0.009304,0.004423,0.006201,0.003181,0.003335,0.003793,0.004613,0.002814,0.001674,0.007395,0.007895,0.013231,0.013064,0.006835,0.006963,0.010087,0.060613,0.000000,0.244333,0.201496,0.087956,0.040161,0.103211,0.101576
Lan/det_noun_agreement_regular,0.000840,0.000821,0.000956,0.001752,0.000265,0.001721,0.001705,0.002802,0.002160,0.000000,0.000473,0.004651,0.007121,0.000874,0.001028,0.000554,0.003448,0.005855,0.000536,0.002452,0.003491,0.007194,0.004156,0.006075,0.002989,0.002765,0.003564,0.003402,0.002644,0.001758,0.006702,0.007855,0.012982,0.011059,0.007559,0.006104,0.009164,0.051001,0.244333,0.000000,0.216762,0.091528,0.050030,0.092902,0.113967
Lan/det_noun_agreement_with_adjective,0.001249,0.001557,0.000604,0.001216,0.000426,0.002389,0.002366,0.003111,0.002998,0.000000,0.000000,0.005515,0.006443,0.000748,0.001258,0.000373,0.004038,0.008126,0.000919,0.001588,0.002090,0.006967,0.004822,0.006065,0.003112,0.002175,0.002692,0.003542,0.002232,0.001990,0.008721,0.008424,0.013825,0.013385,0.009617,0.006105,0.008940,0.051182,0.201496,0.216762,0.000000,0.103702,0.034345,0.102453,0.140432
Lan/hypernymy,0.001932,0.001396,0.001626,0.002693,0.001145,0.007465,0.004212,0.009851,0.004745,0.000000,0.000000,0.012034,0.025156,0.002448,0.001946,0.001550,0.005552,0.001929,0.001501,0.004273,0.006843,0.026011,0.016488,0.013770,0.002302,0.004818,0.003702,0.005225,0.007898,0.010709,0.022633,0.020107,0.026845,0.039415,0.031268,0.015194,0.030647,0.099201,0.087956,0.091528,0.103702,0.000000,0.085145,0.075961,0.081180
Lan/npi,0.003191,0.002306,0.004422,0.002701,0.001892,0.004370,0.008813,0.004896,0.005485,0.051375,0.020782,0.043017,0.025841,0.002455,0.002376,0.003464,0.015949,0.030262,0.002478,0.019912,0.018164,0.014320,0.015818,0.008600,0.019701,0.022449,0.013558,0.004314,0.007745,0.006419,0.012992,0.008256,0.014317,0.017865,0.013025,0.014577,0.013805,0.167373,0.040161,0.050030,0.034345,0.085145,0.000000,0.103809,0.037226
Lan/subject_verb_agreement,0.002162,0.003020,0.003516,0.001503,0.002787,0.003475,0.006798,0.004568,0.004907,0.000000,0.001218,0.007728,0.017485,0.002733,0.003968,0.000503,0.008877,0.013298,0.001379,0.006313,0.007639,0.015941,0.013262,0.007234,0.003270,0.005378,0.003403,0.006357,0.003025,0.004049,0.017888,0.022467,0.026221,0.034599,0.012210,0.007497,0.027499,0.124606,0.103211,0.092902,0.102453,0.075961,0.103809,0.000000,0.082880
Lan/wug,0.002841,0.003539,0.003234,0.002676,0.007498,0.022425,0.025125,0.025825,0.005112,0.005392,0.003372,0.015288,0.028870,0.002433,0.002862,0.001692,0.002239,0.012802,0.001348,0.001915,0.004533,0.017320,0.017196,0.016413,0.000685,0.002628,0.005444,0.004275,0.015708,0.014370,0.021306,0.023999,0.025858,0.027403,0.011548,0.016212,0.018959,0.022394,0.101576,0.113967,0.140432,0.081180,0.037226,0.082880,0.000000
