{
  "model": "Qwen/Qwen2.5-32B-Instruct",
  "sign": "positive",
  "percentage": 5.0,
  "component": "neurons",
  "tasks": [
    "MD/add_sub_2op_symbolic",
    "MD/add_sub_2op_verbal",
    "MD/add_sub_3op_symbolic",
    "MD/add_sub_3op_verbal",
    "MD/code_A",
    "MD/code_B",
    "MD/code_conditional",
    "MD/code_list",
    "MD/code_loop",
    "MD/logic_propositional_1",
    "MD/logic_propositional_symbolic",
    "MD/logic_syllogism_1",
    "MD/logic_syllogism_symbolic",
    "MD/mul_div_2op_symbolic",
    "MD/mul_div_2op_verbal",
    "MD/mul_div_3op_symbolic",
    "MD/number_sequence",
    "MD/number_sorting",
    "MD/simple_equation",
    "ToM/agent",
    "ToM/desires_goals",
    "ToM/emotion_fewshot",
    "ToM/norm_appropriate",
    "ToM/norm_moral",
    "ToM/primary_emotions",
    "ToM/secondary_emotions",
    "ToM/social_interactions",
    "ToM/social_relations",
    "phys/phys_newton",
    "phys/phys_prost",
    "phys/physics_brightness",
    "phys/physics_buoyancy",
    "phys/physics_elasticity",
    "phys/physics_solubility",
    "phys/physics_speed",
    "phys/physics_stability",
    "phys/physics_temperature",
    "Lan/anaphor_gender_agreement",
    "Lan/det_noun_agreement_irregular",
    "Lan/det_noun_agreement_regular",
    "Lan/det_noun_agreement_with_adjective",
    "Lan/hypernymy",
    "Lan/npi",
    "Lan/subject_verb_agreement",
    "Lan/wug"
  ],
  "overlap_matrix": [
    [
      1.0,
      0.23555208933799013,
      0.25286810665400744,
      0.20923897686299775,
      0.20045663648796808,
      0.1027545126761837,
      0.1513682140313994,
      0.1317916200422728,
      0.20530557345178754,
      0.04915623975676195,
      0.06892498276310287,
      0.1487685508573237,
      0.1571213816644626,
      0.26078012500989,
      0.21530862523029626,
      0.232489007945927,
      0.059374046319216035,
      0.14463169554553368,
      0.21550077424751055,
      0.07835158748996869,
      0.04325613463994665,
      0.16577939032247127,
      0.1613712658099081,
      0.16742961129384107,
      0.06071908943971607,
      0.053530455619228465,
      0.06257276231166571,
      0.07150204017044748,
      0.09278536954777164,
      0.10789732460750738,
      0.17241418285804708,
      0.17160037525572774,
      0.17226724537429497,
      0.17293411549286222,
      0.1736575000282572,
      0.1672713709267234,
      0.17398528364585805,
      0.07630576560080476,
      0.06399692561572456,
      0.06326223819696404,
      0.07662224633504007,
      0.12053394821018842,
      0.0806347699298091,
      0.10117210900500717,
      0.11972014060786906
    ],
    [
      0.23555208933799013,
      1.0,
      0.21491302431250212,
      0.2683756626315373,
      0.18882596950482067,
      0.11137861268409571,
      0.15263413696834063,
      0.13623365320493258,
      0.18913114735569045,
      0.0557006092254134,
      0.07472336192962825,
      0.1525776225515129,
      0.15283758886892046,
      0.21069704881715326,
      0.2597515626236253,
      0.20964588066415743,
      0.06512721395227923,
      0.14547941179794965,
      0.20290936217829167,
      0.08785731240039334,
      0.05026392232658551,
      0.1655194240050637,
      0.16251285702982832,
      0.17030054366868988,
      0.06826941552790117,
      0.06334135838052288,
      0.0714568286369853,
      0.08107558238106541,
      0.10293535881003243,
      0.11588846314694878,
      0.1755450815503035,
      0.17268545205882022,
      0.1717586156228454,
      0.17073005323658066,
      0.17360098561142948,
      0.16681925559210153,
      0.17439218744701773,
      0.07852113074045189,
      0.06913973754704825,
      0.06780599730991375,
      0.08204763035050242,
      0.11542504492896138,
      0.0857097645609395,
      0.10040351293615,
      0.12434301990437761
    ],
    [
      0.25286810665400744,
      0.21491302431250212,
      1.0,
      0.22225989850010738,
      0.1901710126253207,
      0.10172595028991896,
      0.15056570931244562,
      0.12851378386626428,
      0.2024572468436698,
      0.052603619183253646,
      0.0708012614017836,
      0.15185423801611792,
      0.153820939721723,
      0.23242119064573372,
      0.2102223277158003,
      0.2327263684966035,
      0.05835678681631684,
      0.1512212765476473,
      0.20278503046127067,
      0.08081561606365784,
      0.04234060108733738,
      0.16129214562634928,
      0.1584099103681349,
      0.16389180880042498,
      0.06349959874764052,
      0.05540673425790919,
      0.06483333898477502,
      0.07372870819346015,
      0.09466164818645237,
      0.10935539656166288,
      0.17372531732845048,
      0.16937370723271505,
      0.16802866411221504,
      0.1713517118216857,
      0.16946413029963944,
      0.1626824002803115,
      0.17361228849479501,
      0.07996789981124185,
      0.06686785799057339,
      0.06516112260237586,
      0.08103037084760323,
      0.11767431871870514,
      0.0847151108247714,
      0.10128513783866264,
      0.11940365987363376
    ],
    [
      0.20923897686299775,
      0.2683756626315373,
      0.22225989850010738,
      1.0,
      0.18405615272456002,
      0.11037265606456206,
      0.15110824771399184,
      0.13376962463124342,
      0.18948153674002238,
      0.05741864749697648,
      0.07622664541724594,
      0.1523628677675675,
      0.15200117549987002,
      0.20556553976919512,
      0.23201428684457406,
      0.20797305392605653,
      0.06353350739773717,
      0.14642885400065556,
      0.19751788681292598,
      0.08899890362031354,
      0.051552451030257816,
      0.1636770540164796,
      0.16229810224588292,
      0.1681416929458705,
      0.07038305471725838,
      0.06459597843409853,
      0.0735478620596114,
      0.08246583703502763,
      0.10331965684446102,
      0.11568501124636894,
      0.17439218744701773,
      0.17267414917545465,
      0.16937370723271505,
      0.17187164445650085,
      0.17523990369943374,
      0.16522554903755948,
      0.17114825992110588,
      0.0797870536773931,
      0.06819029534434234,
      0.06903801159675833,
      0.08269189470233856,
      0.11629536694810846,
      0.08678353848066642,
      0.10196331084059544,
      0.12329185175138178
    ],
    [
      0.20045663648796808,
      0.18882596950482067,
      0.1901710126253207,
      0.18405615272456002,
      1.0,
      0.1577543431329332,
      0.38053417426785574,
      0.16787042374509736,
      0.3857561063827382,
      0.08673832694720424,
      0.10394131542956608,
      0.17889073502650527,
      0.16089654470855516,
      0.19860296361601845,
      0.18921026753924927,
      0.19704316571157302,
      0.06899280006329615,
      0.14448475806178157,
      0.1922507431645813,
      0.09665095565878856,
      0.05479637855616968,
      0.15958541023815176,
      0.16254676567992496,
      0.16776869779480746,
      0.0742260350615442,
      0.06816768957761125,
      0.07847591920698971,
      0.08919105263752783,
      0.13717179252427295,
      0.15050919489561787,
      0.1679269381619251,
      0.16920416398223187,
      0.16565505860545024,
      0.1624902512630972,
      0.16913634668203859,
      0.1667853469420049,
      0.16340578481570647,
      0.07899585184180484,
      0.06522893990256914,
      0.0634204785640817,
      0.07795598657217456,
      0.10681224780441491,
      0.08599233664507816,
      0.09269494648084727,
      0.12448995738812971
    ],
    [
      0.1027545126761837,
      0.11137861268409571,
      0.10172595028991896,
      0.11037265606456206,
      0.1577543431329332,
      1.0,
      0.1826885038373289,
      0.30361805296531147,
      0.09506855198761203,
      0.17085438495360167,
      0.1756468075005934,
      0.13882201349564274,
      0.1260836639426718,
      0.08676093271393533,
      0.09931843613305755,
      0.08905541803714127,
      0.09943146496671301,
      0.11197766550246968,
      0.11117516078351587,
      0.13926282594689907,
      0.10591932001853673,
      0.1158432516134866,
      0.11752738123495304,
      0.11644230443186057,
      0.11708656878369672,
      0.11935844834017158,
      0.12690877442835669,
      0.13249239881093666,
      0.21432527437749369,
      0.208933799012128,
      0.1029014501599358,
      0.11299492500536887,
      0.10562544505103252,
      0.09792818147909532,
      0.1015903156895324,
      0.10993184361330575,
      0.09743085461101127,
      0.08466989929130922,
      0.08231889955127553,
      0.07812552982265776,
      0.0884789709854984,
      0.0748816022967459,
      0.104043041379856,
      0.07528850609790558,
      0.12361963536898263
    ],
    [
      0.1513682140313994,
      0.15263413696834063,
      0.15056570931244562,
      0.15110824771399184,
      0.38053417426785574,
      0.1826885038373289,
      1.0,
      0.19022752704214846,
      0.14228069580549998,
      0.10398652696302826,
      0.1186124580380455,
      0.18592112847987521,
      0.15847772766832818,
      0.1472200558362438,
      0.14952584404281533,
      0.14341098414205464,
      0.06508200241881704,
      0.1296553750861845,
      0.14237111887242435,
      0.10544459891718377,
      0.06381607948187583,
      0.1560250019780046,
      0.15751698258225674,
      0.16191380421145435,
      0.08150509194895618,
      0.0773343279870695,
      0.08904411515377572,
      0.09788296994563313,
      0.15551637222655498,
      0.16495427983678637,
      0.15446520407355915,
      0.15695183841397942,
      0.1543069637064415,
      0.14899460852463464,
      0.16016185728979462,
      0.1581386411673618,
      0.15083697851321873,
      0.07783165485515355,
      0.0698066076656155,
      0.06691306952403558,
      0.08188938998338476,
      0.10472121438178879,
      0.09155335526092706,
      0.08873893730290597,
      0.1271122263289365
    ],
    [
      0.1317916200422728,
      0.13623365320493258,
      0.12851378386626428,
      0.13376962463124342,
      0.16787042374509736,
      0.30361805296531147,
      0.19022752704214846,
      1.0,
      0.11955059735738587,
      0.12229719801521369,
      0.13036745673821393,
      0.1403479027499915,
      0.14059656618403354,
      0.12042091937653296,
      0.12885287036723067,
      0.12081652029432709,
      0.08110949103116205,
      0.11877069840516316,
      0.1285929040498231,
      0.11435127100923445,
      0.08472641370813695,
      0.13610932148791158,
      0.13510336486837793,
      0.13931934036372678,
      0.09502334045414985,
      0.09667356142551965,
      0.10352310874504086,
      0.1112542809670747,
      0.18020186949690867,
      0.18688187356594668,
      0.13353226408056695,
      0.13841510969448306,
      0.13565720615328972,
      0.12833293773241555,
      0.12950843760243239,
      0.13495642738462582,
      0.13199507194285262,
      0.08067998146327128,
      0.0786228566907418,
      0.07476857346309043,
      0.08673832694720424,
      0.09931843613305755,
      0.09313575893210357,
      0.08233020243464108,
      0.1289319905507895
    ],
    [
      0.20530557345178754,
      0.18913114735569045,
      0.2024572468436698,
      0.18948153674002238,
      0.3857561063827382,
      0.09506855198761203,
      0.14228069580549998,
      0.11955059735738587,
      1.0,
      0.051326393362946886,
      0.06693567529076667,
      0.144473455178416,
      0.1475252336871136,
      0.2207114034790275,
      0.20146259310750173,
      0.22431702327263686,
      0.05722649847976219,
      0.143252743774937,
      0.20320323714579588,
      0.07132119403659874,
      0.04038520226509783,
      0.15130039673120613,
      0.14936760367569768,
      0.15766392006600885,
      0.055237191007425995,
      0.04928057147378296,
      0.05869587331728324,
      0.0658958100211364,
      0.08745040859923367,
      0.10163552722299458,
      0.17121607722129914,
      0.16322493868185775,
      0.1644230443186057,
      0.1670227074926814,
      0.1664462604410385,
      0.1560815163948323,
      0.16728267381008896,
      0.07876979417449391,
      0.06099035864048919,
      0.060323488521921945,
      0.07456512156251059,
      0.11582064584675551,
      0.07826116442304432,
      0.10100256575452397,
      0.11084737716591503
    ],
    [
      0.04915623975676195,
      0.0557006092254134,
      0.052603619183253646,
      0.05741864749697648,
      0.08673832694720424,
      0.17085438495360167,
      0.10398652696302826,
      0.12229719801521369,
      0.051326393362946886,
      1.0,
      0.23680670939156578,
      0.10478903168198207,
      0.1102822329976377,
      0.035038938433194305,
      0.04272489912176596,
      0.037898567924677586,
      0.11955059735738587,
      0.08558543284391848,
      0.06776078577645157,
      0.15458953579058018,
      0.1380308116600545,
      0.06622359363873724,
      0.07307314095825845,
      0.06692437240740112,
      0.14049484023374362,
      0.14611237326642026,
      0.14821470957241192,
      0.1451742339470799,
      0.192307257581409,
      0.1730471443265177,
      0.04893018208945102,
      0.061702440292518625,
      0.051326393362946886,
      0.046093158364698836,
      0.052230624032190615,
      0.06297966611282538,
      0.042024120353102073,
      0.08688526443095634,
      0.08383348592225877,
      0.08115470256462423,
      0.08431950990697727,
      0.04435251432640466,
      0.10786341595741074,
      0.05978095012037571,
      0.0857097645609395
    ],
    [
      0.06892498276310287,
      0.07472336192962825,
      0.0708012614017836,
      0.07622664541724594,
      0.10394131542956608,
      0.1756468075005934,
      0.1186124580380455,
      0.13036745673821393,
      0.06693567529076667,
      0.23680670939156578,
      1.0,
      0.12478383235563392,
      0.10859810337617126,
      0.052603619183253646,
      0.06093384422366146,
      0.055361522724447006,
      0.11966362619104133,
      0.1017598589400156,
      0.08894238920348581,
      0.15691792976388277,
      0.133780927514609,
      0.07778644332169136,
      0.08861460558588496,
      0.08060086127971246,
      0.1384264125778486,
      0.14543420026448747,
      0.15130039673120613,
      0.15059961796254223,
      0.2071592463237372,
      0.18314061917195076,
      0.06444904095034644,
      0.07445209272885513,
      0.06448294960044307,
      0.060651272139522795,
      0.06830332417799781,
      0.07698393860273756,
      0.05796118589852271,
      0.08364133690504448,
      0.08451165892419156,
      0.08054434686288472,
      0.08428560125688063,
      0.04999265312581239,
      0.10993184361330575,
      0.06417777174957331,
      0.09244628304680524
    ],
    [
      0.1487685508573237,
      0.1525776225515129,
      0.15185423801611792,
      0.1523628677675675,
      0.17889073502650527,
      0.13882201349564274,
      0.18592112847987521,
      0.1403479027499915,
      0.144473455178416,
      0.10478903168198207,
      0.12478383235563392,
      1.0,
      0.14849728165655057,
      0.14397612831033196,
      0.14940151232579432,
      0.14698269528556734,
      0.06875543951261967,
      0.1355554802029998,
      0.1485990076068405,
      0.11819425135352028,
      0.07008917974975416,
      0.15151515151515152,
      0.16032009765691227,
      0.16147299176019803,
      0.09090909090909091,
      0.08403693782283861,
      0.09644750375820872,
      0.10568195946786026,
      0.1391271913465125,
      0.1474348106201892,
      0.14986493054378172,
      0.15278107445209274,
      0.14977450747685733,
      0.1445412724786093,
      0.15148124286505488,
      0.15356097340431543,
      0.14361443604263446,
      0.08118861121472087,
      0.07127598250313655,
      0.07003266533292643,
      0.08316661580369152,
      0.0997931572344105,
      0.09630056627445661,
      0.09067173035841443,
      0.12117821256202457
    ],
    [
      0.1571213816644626,
      0.15283758886892046,
      0.153820939721723,
      0.15200117549987002,
      0.16089654470855516,
      0.1260836639426718,
      0.15847772766832818,
      0.14059656618403354,
      0.1475252336871136,
      0.1102822329976377,
      0.10859810337617126,
      0.14849728165655057,
      1.0,
      0.15662405479637856,
      0.1560815163948323,
      0.15347055033739107,
      0.05870717620064878,
      0.12832163484905,
      0.14668882031806313,
      0.09300012433171702,
      0.05640138799407729,
      0.15429566082307597,
      0.15460083867394572,
      0.1568501124636895,
      0.07213500163891809,
      0.06828071841126672,
      0.0784985249737208,
      0.0863653317961412,
      0.1384490183445797,
      0.14060786906739908,
      0.15824036711765171,
      0.15655623749618527,
      0.1592350208538198,
      0.15837600171803828,
      0.15548246357645834,
      0.1560476077447357,
      0.15609281927819788,
      0.07555977529867869,
      0.06819029534434234,
      0.06551151198670781,
      0.08035219784567044,
      0.11214720875295288,
      0.08551761554372521,
      0.09210719654583885,
      0.12063567416047834
    ],
    [
      0.26078012500989,
      0.21069704881715326,
      0.23242119064573372,
      0.20556553976919512,
      0.19860296361601845,
      0.08676093271393533,
      0.1472200558362438,
      0.12042091937653296,
      0.2207114034790275,
      0.035038938433194305,
      0.052603619183253646,
      0.14397612831033196,
      0.15662405479637856,
      1.0,
      0.24310241542617522,
      0.2712692007731172,
      0.05273925378364021,
      0.14327534954166807,
      0.22201123506606535,
      0.06451685825053971,
      0.034259039480971594,
      0.16558724130525698,
      0.15810473251726515,
      0.1683112361963537,
      0.05038825404360652,
      0.043459586540526486,
      0.05232104709911498,
      0.06095644999039255,
      0.07731172222033841,
      0.09392696076769184,
      0.18221378273597594,
      0.17540944694991692,
      0.17635888915262282,
      0.1810608886326902,
      0.17891334079323634,
      0.16676274117527382,
      0.18561595062900546,
      0.07630576560080476,
      0.06015394527143875,
      0.05780294553140506,
      0.0744181840787585,
      0.1261401783594995,
      0.07492681383020809,
      0.10145468108914583,
      0.11341313168989409
    ],
    [
      0.21530862523029626,
      0.2597515626236253,
      0.2102223277158003,
      0.23201428684457406,
      0.18921026753924927,
      0.09931843613305755,
      0.14952584404281533,
      0.12885287036723067,
      0.20146259310750173,
      0.04272489912176596,
      0.06093384422366146,
      0.14940151232579432,
      0.1560815163948323,
      0.24310241542617522,
      1.0,
      0.23328020978151526,
      0.05757688786409413,
      0.1475026279203825,
      0.21344364947498107,
      0.07549195799848542,
      0.04299616832253908,
      0.16736179399364778,
      0.16250155414646275,
      0.17111435127100924,
      0.06052694042250178,
      0.05338351813547636,
      0.061973709493291736,
      0.07089168446870797,
      0.09244628304680524,
      0.10645055553671742,
      0.18179557605145072,
      0.17823516779130355,
      0.17609892283521528,
      0.18051835023114396,
      0.17988538876267335,
      0.1680512698789461,
      0.18293716727137094,
      0.07746996258745606,
      0.0645394640172708,
      0.06372565641495145,
      0.0789845489584393,
      0.1205791597436506,
      0.08023916901201497,
      0.10231370022492738,
      0.1192680252732472
    ],
    [
      0.232489007945927,
      0.20964588066415743,
      0.2327263684966035,
      0.20797305392605653,
      0.19704316571157302,
      0.08905541803714127,
      0.14341098414205464,
      0.12081652029432709,
      0.22431702327263686,
      0.037898567924677586,
      0.055361522724447006,
      0.14698269528556734,
      0.15347055033739107,
      0.2712692007731172,
      0.23328020978151526,
      1.0,
      0.052931402800854496,
      0.1480451663219287,
      0.2224633504006872,
      0.06911713178031716,
      0.03493721248290439,
      0.16218507341222746,
      0.15810473251726515,
      0.16789302951182847,
      0.05263752783335029,
      0.04584449493065681,
      0.054253840154623444,
      0.0653645745029557,
      0.08204763035050242,
      0.09702395080985159,
      0.17990799452940445,
      0.17588416805126988,
      0.1722220338408328,
      0.1787551004261187,
      0.17585025940117324,
      0.16391441456715608,
      0.18022447526363974,
      0.078792399941225,
      0.06198501237665729,
      0.05983746453720344,
      0.07613622235032157,
      0.12286234218349101,
      0.07856634227391407,
      0.10444994518101568,
      0.11536853051213365
    ],
    [
      0.059374046319216035,
      0.06512721395227923,
      0.05835678681631684,
      0.06353350739773717,
      0.06899280006329615,
      0.09943146496671301,
      0.06508200241881704,
      0.08110949103116205,
      0.05722649847976219,
      0.11955059735738587,
      0.11966362619104133,
      0.06875543951261967,
      0.05870717620064878,
      0.05273925378364021,
      0.05757688786409413,
      0.052931402800854496,
      1.0,
      0.07791077503871238,
      0.07839679902343087,
      0.12382308726956247,
      0.1371152781074452,
      0.05592666689272433,
      0.059091474235077365,
      0.05356436426932511,
      0.12341618346840279,
      0.1343008601494241,
      0.1293162885852181,
      0.12725916381268862,
      0.10113820035491054,
      0.09211849942920439,
      0.05056910017745527,
      0.05607360437647644,
      0.048523278288291345,
      0.04804855718693839,
      0.05302182586777887,
      0.05636747934398065,
      0.04893018208945102,
      0.07741344817062833,
      0.0799792026946074,
      0.07723260203677958,
      0.07470075616289716,
      0.04674872559990054,
      0.08518983192612435,
      0.061397262441648864,
      0.06851807896194319
    ],
    [
      0.14463169554553368,
      0.14547941179794965,
      0.1512212765476473,
      0.14642885400065556,
      0.14448475806178157,
      0.11197766550246968,
      0.1296553750861845,
      0.11877069840516316,
      0.143252743774937,
      0.08558543284391848,
      0.1017598589400156,
      0.1355554802029998,
      0.12832163484905,
      0.14327534954166807,
      0.1475026279203825,
      0.1480451663219287,
      0.07791077503871238,
      1.0,
      0.1480112576718321,
      0.1035570173951375,
      0.07149073728708194,
      0.12957625490262567,
      0.1308986922563946,
      0.1344477976331762,
      0.08828682196828411,
      0.08251104856848983,
      0.09001616312321273,
      0.09506855198761203,
      0.11276886733805794,
      0.11631797271483955,
      0.13641449933878133,
      0.1369909463904242,
      0.13211940365987362,
      0.13102302397341561,
      0.13488861008443254,
      0.13283148531190306,
      0.13260542764459213,
      0.07884891435805273,
      0.06858589626213647,
      0.06846156454511546,
      0.07921060662575023,
      0.09277406666440609,
      0.08908932668723792,
      0.08678353848066642,
      0.10537678161699049
    ],
    [
      0.21550077424751055,
      0.20290936217829167,
      0.20278503046127067,
      0.19751788681292598,
      0.1922507431645813,
      0.11117516078351587,
      0.14237111887242435,
      0.1285929040498231,
      0.20320323714579588,
      0.06776078577645157,
      0.08894238920348581,
      0.1485990076068405,
      0.14668882031806313,
      0.22201123506606535,
      0.21344364947498107,
      0.2224633504006872,
      0.07839679902343087,
      0.1480112576718321,
      1.0,
      0.09656053259186419,
      0.06414386309947667,
      0.1543295694731726,
      0.15312016095305914,
      0.1628745492975258,
      0.07853243362381744,
      0.07302792942479626,
      0.08255626010195201,
      0.09092039379245645,
      0.10526375278333502,
      0.11462254021000758,
      0.16461519333581998,
      0.16677404405863935,
      0.16089654470855516,
      0.1614164773433703,
      0.16308930408147118,
      0.15543725204299616,
      0.16284064064742915,
      0.08248844280175872,
      0.06722955025827089,
      0.06660789167316583,
      0.07700654436946865,
      0.10712872853865021,
      0.08721304804855719,
      0.09841420546381383,
      0.11325489132277644
    ],
    [
      0.07835158748996869,
      0.08785731240039334,
      0.08081561606365784,
      0.08899890362031354,
      0.09665095565878856,
      0.13926282594689907,
      0.10544459891718377,
      0.11435127100923445,
      0.07132119403659874,
      0.15458953579058018,
      0.15691792976388277,
      0.11819425135352028,
      0.09300012433171702,
      0.06451685825053971,
      0.07549195799848542,
      0.06911713178031716,
      0.12382308726956247,
      0.1035570173951375,
      0.09656053259186419,
      1.0,
      0.171295197404858,
      0.09045697557446905,
      0.09589366247329693,
      0.09420953285183051,
      0.2088659817119347,
      0.17982887434584563,
      0.27776835870830646,
      0.2574005628835916,
      0.1517751178325591,
      0.143501407208979,
      0.07769602025476699,
      0.09049088422456569,
      0.07830637595650651,
      0.07858894804064517,
      0.08497507714217897,
      0.08912323533733456,
      0.07423733794490975,
      0.08933799012127994,
      0.0905926101748556,
      0.08457947622438484,
      0.08969968238897742,
      0.05921580595209838,
      0.10845116589241915,
      0.07314095825845172,
      0.09567890768935156
    ],
    [
      0.04325613463994665,
      0.05026392232658551,
      0.04234060108733738,
      0.051552451030257816,
      0.05479637855616968,
      0.10591932001853673,
      0.06381607948187583,
      0.08472641370813695,
      0.04038520226509783,
      0.1380308116600545,
      0.133780927514609,
      0.07008917974975416,
      0.05640138799407729,
      0.034259039480971594,
      0.04299616832253908,
      0.03493721248290439,
      0.1371152781074452,
      0.07149073728708194,
      0.06414386309947667,
      0.171295197404858,
      1.0,
      0.056209238976862995,
      0.058311575282854654,
      0.0527618595503713,
      0.17366880291162276,
      0.22682626337978817,
      0.18403354695782895,
      0.1663445344907486,
      0.11587716026358325,
      0.10238151752512066,
      0.044940264261413086,
      0.05519197947396381,
      0.04464638929390888,
      0.0450645959784341,
      0.04981180699196365,
      0.05535021984108146,
      0.042781413538593695,
      0.08550631266035966,
      0.08933799012127994,
      0.08581149051122941,
      0.08334746193754027,
      0.04870412442214009,
      0.09637968645801544,
      0.061600714342228705,
      0.07076735275168695
    ],
    [
      0.16577939032247127,
      0.1655194240050637,
      0.16129214562634928,
      0.1636770540164796,
      0.15958541023815176,
      0.1158432516134866,
      0.1560250019780046,
      0.13610932148791158,
      0.15130039673120613,
      0.06622359363873724,
      0.07778644332169136,
      0.15151515151515152,
      0.15429566082307597,
      0.16558724130525698,
      0.16736179399364778,
      0.16218507341222746,
      0.05592666689272433,
      0.12957625490262567,
      0.1543295694731726,
      0.09045697557446905,
      0.056209238976862995,
      1.0,
      0.2108552891842709,
      0.18529946989477017,
      0.0803182891955738,
      0.07244017948978784,
      0.07852113074045189,
      0.08309879850349824,
      0.11090389158274276,
      0.12312230850089857,
      0.1859889457800685,
      0.1890520271721316,
      0.17874379754275316,
      0.1831519220553163,
      0.19714489166186294,
      0.18891639257174506,
      0.18346840278955162,
      0.07569540989906526,
      0.06793032902693477,
      0.06562454082036327,
      0.08049913532942253,
      0.12496467848948267,
      0.08153900059905282,
      0.0961988403241667,
      0.12083912606105818
    ],
    [
      0.1613712658099081,
      0.16251285702982832,
      0.1584099103681349,
      0.16229810224588292,
      0.16254676567992496,
      0.11752738123495304,
      0.15751698258225674,
      0.13510336486837793,
      0.14936760367569768,
      0.07307314095825845,
      0.08861460558588496,
      0.16032009765691227,
      0.15460083867394572,
      0.15810473251726515,
      0.16250155414646275,
      0.15810473251726515,
      0.059091474235077365,
      0.1308986922563946,
      0.15312016095305914,
      0.09589366247329693,
      0.058311575282854654,
      0.2108552891842709,
      1.0,
      0.2336532049325783,
      0.07895064030834266,
      0.07518678014761565,
      0.08360742825494784,
      0.08919105263752783,
      0.11796819368620935,
      0.12869463000011303,
      0.17812213895764809,
      0.1802131723802742,
      0.17468606241452195,
      0.17394007211239587,
      0.1838300950572491,
      0.23953070428266252,
      0.17174731273947985,
      0.07658833768494343,
      0.0688119539294474,
      0.06616707922190951,
      0.08048783244605699,
      0.11488250652741515,
      0.08487335119188905,
      0.0946729510698179,
      0.12216156341482712
    ],
    [
      0.16742961129384107,
      0.17030054366868988,
      0.16389180880042498,
      0.1681416929458705,
      0.16776869779480746,
      0.11644230443186057,
      0.16191380421145435,
      0.13931934036372678,
      0.15766392006600885,
      0.06692437240740112,
      0.08060086127971246,
      0.16147299176019803,
      0.1568501124636895,
      0.1683112361963537,
      0.17111435127100924,
      0.16789302951182847,
      0.05356436426932511,
      0.1344477976331762,
      0.1628745492975258,
      0.09420953285183051,
      0.0527618595503713,
      0.18529946989477017,
      0.2336532049325783,
      1.0,
      0.07661094345167452,
      0.06805466074395579,
      0.07843070767352751,
      0.08489595695862015,
      0.11250890102065036,
      0.12755303878019283,
      0.1843161190419676,
      0.18675754184892565,
      0.19219422874775355,
      0.18071049924835825,
      0.18650887841488364,
      0.20180167960846812,
      0.19075876256032914,
      0.07696133283600647,
      0.06675482915691792,
      0.06426819481649769,
      0.08100776508087212,
      0.12050003956009178,
      0.08361873113831339,
      0.09500073468741876,
      0.12515682750669696
    ],
    [
      0.06071908943971607,
      0.06826941552790117,
      0.06349959874764052,
      0.07038305471725838,
      0.0742260350615442,
      0.11708656878369672,
      0.08150509194895618,
      0.09502334045414985,
      0.055237191007425995,
      0.14049484023374362,
      0.1384264125778486,
      0.09090909090909091,
      0.07213500163891809,
      0.05038825404360652,
      0.06052694042250178,
      0.05263752783335029,
      0.12341618346840279,
      0.08828682196828411,
      0.07853243362381744,
      0.2088659817119347,
      0.17366880291162276,
      0.0803182891955738,
      0.07895064030834266,
      0.07661094345167452,
      1.0,
      0.27909079606207543,
      0.19870468956630838,
      0.17915070134391284,
      0.12871723576684413,
      0.11976535214133126,
      0.06156680569213206,
      0.0743955783120274,
      0.06382738236524137,
      0.061227719191165667,
      0.06698088682422886,
      0.07404518892769546,
      0.05936274343585048,
      0.08835463926847739,
      0.0875069230160614,
      0.08474901947486804,
      0.08599233664507816,
      0.05444598917183774,
      0.09997400336825925,
      0.067500819459044,
      0.07988877962768302
    ],
    [
      0.053530455619228465,
      0.06334135838052288,
      0.05540673425790919,
      0.06459597843409853,
      0.06816768957761125,
      0.11935844834017158,
      0.0773343279870695,
      0.09667356142551965,
      0.04928057147378296,
      0.14611237326642026,
      0.14543420026448747,
      0.08403693782283861,
      0.06828071841126672,
      0.043459586540526486,
      0.05338351813547636,
      0.04584449493065681,
      0.1343008601494241,
      0.08251104856848983,
      0.07302792942479626,
      0.17982887434584563,
      0.22682626337978817,
      0.07244017948978784,
      0.07518678014761565,
      0.06805466074395579,
      0.27909079606207543,
      1.0,
      0.2010895979564387,
      0.17173600985611429,
      0.1312151729906299,
      0.11935844834017158,
      0.055632791925220124,
      0.06763645405943056,
      0.0580063974319849,
      0.05509025352367389,
      0.06143117109174551,
      0.06759124252596838,
      0.05275055666700575,
      0.08755213454952358,
      0.08939450453810767,
      0.0870208990313429,
      0.08655748081335549,
      0.05181241734766539,
      0.10020006103557018,
      0.06469770438438846,
      0.07919930374238468
    ],
    [
      0.06257276231166571,
      0.0714568286369853,
      0.06483333898477502,
      0.0735478620596114,
      0.07847591920698971,
      0.12690877442835669,
      0.08904411515377572,
      0.10352310874504086,
      0.05869587331728324,
      0.14821470957241192,
      0.15130039673120613,
      0.09644750375820872,
      0.0784985249737208,
      0.05232104709911498,
      0.061973709493291736,
      0.054253840154623444,
      0.1293162885852181,
      0.09001616312321273,
      0.08255626010195201,
      0.27776835870830646,
      0.18403354695782895,
      0.07852113074045189,
      0.08360742825494784,
      0.07843070767352751,
      0.19870468956630838,
      0.2010895979564387,
      1.0,
      0.23569902682174224,
      0.13771433092581917,
      0.12630972160998272,
      0.0648559447515061,
      0.07707436166966193,
      0.06529675720276243,
      0.06574887253738429,
      0.07055259796774158,
      0.07675788093542663,
      0.06165722875905644,
      0.08775558645010342,
      0.09139511489380941,
      0.08509940885919998,
      0.08899890362031354,
      0.054683349722514214,
      0.10208764255761645,
      0.06786251172674149,
      0.08386739457235541
    ],
    [
      0.07150204017044748,
      0.08107558238106541,
      0.07372870819346015,
      0.08246583703502763,
      0.08919105263752783,
      0.13249239881093666,
      0.09788296994563313,
      0.1112542809670747,
      0.0658958100211364,
      0.1451742339470799,
      0.15059961796254223,
      0.10568195946786026,
      0.0863653317961412,
      0.06095644999039255,
      0.07089168446870797,
      0.0653645745029557,
      0.12725916381268862,
      0.09506855198761203,
      0.09092039379245645,
      0.2574005628835916,
      0.1663445344907486,
      0.08309879850349824,
      0.08919105263752783,
      0.08489595695862015,
      0.17915070134391284,
      0.17173600985611429,
      0.23569902682174224,
      1.0,
      0.14249545058944538,
      0.13412001401557538,
      0.07346874187605258,
      0.08679484136403197,
      0.07416952064471646,
      0.0729375063578719,
      0.07754908277101488,
      0.0835735196048512,
      0.0705865066178382,
      0.08785731240039334,
      0.09014049484023375,
      0.08509940885919998,
      0.08777819221683451,
      0.059792253003741254,
      0.10574977676805353,
      0.07219151605574582,
      0.08990313428955726
    ],
    [
      0.09278536954777164,
      0.10293535881003243,
      0.09466164818645237,
      0.10331965684446102,
      0.13717179252427295,
      0.21432527437749369,
      0.15551637222655498,
      0.18020186949690867,
      0.08745040859923367,
      0.192307257581409,
      0.2071592463237372,
      0.1391271913465125,
      0.1384490183445797,
      0.07731172222033841,
      0.09244628304680524,
      0.08204763035050242,
      0.10113820035491054,
      0.11276886733805794,
      0.10526375278333502,
      0.1517751178325591,
      0.11587716026358325,
      0.11090389158274276,
      0.11796819368620935,
      0.11250890102065036,
      0.12871723576684413,
      0.1312151729906299,
      0.13771433092581917,
      0.14249545058944538,
      1.0,
      0.3582109796209013,
      0.09835769104698609,
      0.11296101635527223,
      0.10169204163982232,
      0.09678659025917512,
      0.097487369027839,
      0.11010138686378895,
      0.09342963389960779,
      0.08667050964701095,
      0.08888587478665808,
      0.08499768290891006,
      0.09502334045414985,
      0.08135815446520407,
      0.10481163744871316,
      0.0744181840787585,
      0.11840900613746566
    ],
    [
      0.10789732460750738,
      0.11588846314694878,
      0.10935539656166288,
      0.11568501124636894,
      0.15050919489561787,
      0.208933799012128,
      0.16495427983678637,
      0.18688187356594668,
      0.10163552722299458,
      0.1730471443265177,
      0.18314061917195076,
      0.1474348106201892,
      0.14060786906739908,
      0.09392696076769184,
      0.10645055553671742,
      0.09702395080985159,
      0.09211849942920439,
      0.11631797271483955,
      0.11462254021000758,
      0.143501407208979,
      0.10238151752512066,
      0.12312230850089857,
      0.12869463000011303,
      0.12755303878019283,
      0.11976535214133126,
      0.11935844834017158,
      0.12630972160998272,
      0.13412001401557538,
      0.3582109796209013,
      1.0,
      0.11753868411831858,
      0.1264792648604659,
      0.11905327048930182,
      0.11267844427113356,
      0.11563979971290676,
      0.1257445774417054,
      0.11115255501678478,
      0.08674962983056977,
      0.08411605800639743,
      0.08228499090117888,
      0.0948424943203011,
      0.09274015801430945,
      0.10416737309687701,
      0.07772992890486363,
      0.12183377979722627
    ],
    [
      0.17241418285804708,
      0.1755450815503035,
      0.17372531732845048,
      0.17439218744701773,
      0.1679269381619251,
      0.1029014501599358,
      0.15446520407355915,
      0.13353226408056695,
      0.17121607722129914,
      0.04893018208945102,
      0.06444904095034644,
      0.14986493054378172,
      0.15824036711765171,
      0.18221378273597594,
      0.18179557605145072,
      0.17990799452940445,
      0.05056910017745527,
      0.13641449933878133,
      0.16461519333581998,
      0.07769602025476699,
      0.044940264261413086,
      0.1859889457800685,
      0.17812213895764809,
      0.1843161190419676,
      0.06156680569213206,
      0.055632791925220124,
      0.0648559447515061,
      0.07346874187605258,
      0.09835769104698609,
      0.11753868411831858,
      1.0,
      0.20720445785719938,
      0.2022085834096278,
      0.20309020831214042,
      0.20357623229685892,
      0.19000146937483753,
      0.19870468956630838,
      0.07468945327953161,
      0.06386129101533801,
      0.06296836322945984,
      0.07984356809422083,
      0.13144123065794083,
      0.07749256835418715,
      0.10091214268759961,
      0.12317882291772632
    ],
    [
      0.17160037525572774,
      0.17268545205882022,
      0.16937370723271505,
      0.17267414917545465,
      0.16920416398223187,
      0.11299492500536887,
      0.15695183841397942,
      0.13841510969448306,
      0.16322493868185775,
      0.061702440292518625,
      0.07445209272885513,
      0.15278107445209274,
      0.15655623749618527,
      0.17540944694991692,
      0.17823516779130355,
      0.17588416805126988,
      0.05607360437647644,
      0.1369909463904242,
      0.16677404405863935,
      0.09049088422456569,
      0.05519197947396381,
      0.1890520271721316,
      0.1802131723802742,
      0.18675754184892565,
      0.0743955783120274,
      0.06763645405943056,
      0.07707436166966193,
      0.08679484136403197,
      0.11296101635527223,
      0.1264792648604659,
      0.20720445785719938,
      1.0,
      0.1992246222011235,
      0.2015756219411572,
      0.19967673753574536,
      0.19370881511873678,
      0.194726074621636,
      0.07673527516869554,
      0.06657398302306919,
      0.0647316130344851,
      0.0807817074135612,
      0.12627581295988607,
      0.08138076023193516,
      0.09728391712725916,
      0.12228589513184814
    ],
    [
      0.17226724537429497,
      0.1717586156228454,
      0.16802866411221504,
