{
  "sign": "positive",
  "percentage": 1.0,
  "component": "neurons",
  "models": [
    "Qwen_Qwen2-5-72B-Instruct",
    "allenai_OLMo-2-0325-32B-Instruct",
    "meta-llama_Meta-Llama-3-1-70B-Instruct",
    "mistralai_Mistral-Large-Instruct-2407",
    "mistralai_Mistral-Small-24B-Instruct-2501"
  ],
  "tasks": [
    "MD/add_sub_2op_symbolic",
    "MD/add_sub_2op_verbal",
    "MD/add_sub_3op_symbolic",
    "MD/add_sub_3op_verbal",
    "MD/code_A",
    "MD/code_B",
    "MD/code_conditional",
    "MD/code_list",
    "MD/code_loop",
    "MD/logic_propositional_1",
    "MD/logic_propositional_symbolic",
    "MD/logic_syllogism_1",
    "MD/logic_syllogism_symbolic",
    "MD/mul_div_2op_symbolic",
    "MD/mul_div_2op_verbal",
    "MD/mul_div_3op_symbolic",
    "MD/mul_div_3op_verbal",
    "MD/number_sequence",
    "MD/number_sorting",
    "MD/simple_equation",
    "ToM/agent",
    "ToM/desires_goals",
    "ToM/emotion_fewshot",
    "ToM/norm_appropriate",
    "ToM/norm_moral",
    "ToM/primary_emotions",
    "ToM/secondary_emotions",
    "ToM/social_interactions",
    "ToM/social_relations",
    "phys/phys_newton",
    "phys/phys_prost",
    "phys/physics_brightness",
    "phys/physics_buoyancy",
    "phys/physics_elasticity",
    "phys/physics_solubility",
    "phys/physics_speed",
    "phys/physics_stability",
    "phys/physics_temperature",
    "Lan/anaphor_gender_agreement",
    "Lan/det_noun_agreement_irregular",
    "Lan/det_noun_agreement_regular",
    "Lan/det_noun_agreement_with_adjective",
    "Lan/hypernymy",
    "Lan/npi",
    "Lan/subject_verb_agreement",
    "Lan/wug"
  ],
  "avg_overlap_matrix": [
    [
      0.0,
      0.0463542,
      0.0731694,
      0.0378,
      0.0376482,
      0.0228734,
      0.0198124,
      0.0205168,
      0.056103799999999995,
      0.01203425,
      0.01393625,
      0.0192864,
      0.01740975,
      0.08371880000000001,
      0.041282,
      0.063857,
      0.037527,
      0.030510999999999996,
      0.0244068,
      0.0555975,
      0.011634000000000002,
      0.0131032,
      0.0193384,
      0.018126999999999997,
      0.016778,
      0.011618400000000001,
      0.0076816666666666665,
      0.012272999999999997,
      0.013361000000000001,
      0.0149918,
      0.0154114,
      0.020257666666666663,
      0.01892366666666667,
      0.020886599999999998,
      0.019813199999999996,
      0.019777000000000003,
      0.018002,
      0.022005800000000002,
      0.0175182,
      0.01317975,
      0.01267175,
      0.013020600000000002,
      0.016721999999999997,
      0.015611400000000001,
      0.015542750000000001,
      0.021851799999999998
    ],
    [
      0.0463542,
      0.0,
      0.0438508,
      0.06382575,
      0.033144400000000004,
      0.0271036,
      0.0236412,
      0.025681799999999998,
      0.0410542,
      0.01335775,
      0.01496875,
      0.021064,
      0.01760625,
      0.042395,
      0.0719938,
      0.04147825,
      0.04959,
      0.0284495,
      0.023483999999999998,
      0.042773500000000006,
      0.012763200000000002,
      0.015104999999999999,
      0.023093000000000002,
      0.021485399999999998,
      0.02052975,
      0.0126688,
      0.010060333333333333,
      0.014192199999999999,
      0.015039199999999999,
      0.0200648,
      0.0210224,
      0.021702333333333334,
      0.022271333333333334,
      0.023692799999999997,
      0.0234194,
      0.022714666666666664,
      0.020867999999999998,
      0.025814600000000004,
      0.0168968,
      0.01331775,
      0.01281175,
      0.0132166,
      0.0167508,
      0.017849999999999998,
      0.015473500000000001,
      0.022376200000000002
    ],
    [
      0.0731694,
      0.0438508,
      0.0,
      0.04104575,
      0.0345474,
      0.0216442,
      0.0191664,
      0.019755799999999997,
      0.053321400000000005,
      0.0140035,
      0.0173185,
      0.0204808,
      0.01984975,
      0.0666752,
      0.041397,
      0.0645415,
      0.036592,
      0.028898,
      0.027177200000000002,
      0.05287325,
      0.01361,
      0.0159922,
      0.02014,
      0.018352399999999998,
      0.017484,
      0.0140622,
      0.007871000000000001,
      0.0138054,
      0.015224399999999999,
      0.014982200000000001,
      0.0155776,
      0.019991666666666668,
      0.019504333333333335,
      0.021369199999999998,
      0.0202178,
      0.018842,
      0.017492666666666667,
      0.0226294,
      0.017485,
      0.01306075,
      0.013025499999999999,
      0.0135424,
      0.018253,
      0.0174868,
      0.016529000000000002,
      0.021199799999999998
    ],
    [
      0.0378,
      0.06382575,
      0.04104575,
      0.0,
      0.028331250000000002,
      0.02360925,
      0.020998500000000003,
      0.021802250000000002,
      0.03792525,
      0.017315,
      0.020435,
      0.023174499999999997,
      0.02212625,
      0.03586975,
      0.057945,
      0.037078,
      0.048231,
      0.020342,
      0.028415250000000003,
      0.039413000000000004,
      0.0169835,
      0.020385999999999998,
      0.02170675,
      0.02142925,
      0.020980666666666665,
      0.017090499999999998,
      0.012091999999999999,
      0.01814625,
      0.018680000000000002,
      0.018673749999999996,
      0.01890725,
      0.021091,
      0.021510333333333336,
      0.021877999999999998,
      0.022478249999999998,
      0.022526333333333332,
      0.020512000000000002,
      0.02247775,
      0.016201,
      0.013246250000000001,
      0.01275575,
      0.012505750000000001,
      0.015684,
      0.018644,
      0.015424333333333333,
      0.01941775
    ],
    [
      0.0376482,
      0.033144400000000004,
      0.0345474,
      0.028331250000000002,
      0.0,
      0.0367596,
      0.0760012,
      0.03385780000000001,
      0.0811108,
      0.0185505,
      0.01666275,
      0.030418800000000003,
      0.021283,
      0.036477800000000005,
      0.0310726,
      0.03643775,
      0.027444,
      0.027922000000000002,
      0.025700599999999997,
      0.03925725,
      0.013608799999999999,
      0.0122668,
      0.0214508,
      0.021356399999999998,
      0.02025725,
      0.012082399999999998,
      0.010328333333333333,
      0.014272200000000002,
      0.015551399999999998,
      0.026290599999999997,
      0.027276999999999996,
      0.020864333333333332,
      0.020032333333333333,
      0.0213862,
      0.0204184,
      0.021791,
      0.020896666666666664,
      0.0215142,
      0.0133852,
      0.010177750000000001,
      0.01005325,
      0.0098978,
      0.01348,
      0.0143262,
      0.01246525,
      0.0209108
    ],
    [
      0.0228734,
      0.0271036,
      0.0216442,
      0.02360925,
      0.0367596,
      0.0,
      0.0498178,
      0.0904574,
      0.0220224,
      0.016996749999999998,
      0.015307000000000001,
      0.026025799999999998,
      0.02163675,
      0.0212432,
      0.0262554,
      0.02013775,
      0.021829,
      0.02289,
      0.0234702,
      0.02116575,
      0.0154128,
      0.0151202,
      0.025226400000000003,
      0.022998199999999996,
      0.02370925,
      0.0119166,
      0.012464666666666666,
      0.016760199999999996,
      0.0198524,
      0.043966000000000005,
      0.0458832,
      0.025705333333333334,
      0.02498466666666667,
      0.0261022,
      0.026591600000000003,
      0.022702333333333335,
      0.022674666666666666,
      0.0276086,
      0.018433400000000003,
      0.014891000000000001,
      0.0145305,
      0.0157092,
      0.023730599999999998,
      0.0151036,
      0.015629249999999997,
      0.033180600000000005
    ],
    [
      0.0198124,
      0.0236412,
      0.0191664,
      0.020998500000000003,
      0.0760012,
      0.0498178,
      0.0,
      0.049137799999999995,
      0.019412799999999997,
      0.02383,
      0.02034825,
      0.0429634,
      0.0245975,
      0.0182744,
      0.0223972,
      0.0173,
      0.016721,
      0.0178605,
      0.0236394,
      0.019315,
      0.018921399999999998,
      0.015832600000000002,
      0.0280916,
      0.028677200000000003,
      0.027972749999999998,
      0.015182999999999999,
      0.015961666666666666,
      0.019302000000000003,
      0.020493,
      0.0367462,
      0.0385494,
      0.025966666666666666,
      0.024202666666666664,
      0.026794600000000002,
      0.025973600000000003,
      0.026504666666666666,
      0.02607066666666667,
      0.026376,
      0.0167738,
      0.01309275,
      0.01262325,
      0.013498199999999998,
      0.0186652,
      0.0191884,
      0.01554825,
      0.0284574
    ],
    [
      0.0205168,
      0.025681799999999998,
      0.019755799999999997,
      0.021802250000000002,
      0.03385780000000001,
      0.0904574,
      0.049137799999999995,
      0.0,
      0.0194198,
      0.01706875,
      0.01509825,
      0.0255574,
      0.021337000000000002,
      0.019229800000000002,
      0.025258600000000003,
      0.01829175,
      0.020289,
      0.019967,
      0.022256,
      0.019468250000000003,
      0.0147328,
      0.0150418,
      0.026998599999999994,
      0.023989000000000003,
      0.024767,
      0.0119982,
      0.012555333333333333,
      0.0167462,
      0.0198122,
      0.044164,
      0.0471468,
      0.026927333333333334,
      0.026709333333333335,
      0.027484800000000004,
      0.028188800000000003,
      0.023087,
      0.023674,
      0.029689399999999998,
      0.0198058,
      0.01580875,
      0.0155495,
      0.0169442,
      0.0265892,
      0.0162858,
      0.01763125,
      0.0339796
    ],
    [
      0.056103799999999995,
      0.0410542,
      0.053321400000000005,
      0.03792525,
      0.0811108,
      0.0220224,
      0.019412799999999997,
      0.0194198,
      0.0,
      0.01565625,
      0.015781499999999997,
      0.022523,
      0.0201025,
      0.0576564,
      0.0411394,
      0.058185999999999995,
      0.04237,
      0.030945,
      0.0317294,
      0.05647300000000001,
      0.0121154,
      0.014906799999999998,
      0.0182394,
      0.0171334,
      0.01641175,
      0.0144986,
      0.008585333333333334,
      0.013006799999999999,
      0.0138902,
      0.013731200000000002,
      0.014296999999999999,
      0.017605666666666665,
      0.018531000000000002,
      0.0199832,
      0.019149199999999998,
      0.018562,
      0.01672533333333333,
      0.0210124,
      0.0175542,
      0.01211375,
      0.0121345,
      0.0124084,
      0.017678600000000003,
      0.0184624,
      0.016677,
      0.018411200000000003
    ],
    [
      0.01203425,
      0.01335775,
      0.0140035,
      0.017315,
      0.0185505,
      0.016996749999999998,
      0.02383,
      0.01706875,
      0.01565625,
      0.0,
      0.09653325000000001,
      0.037857499999999995,
      0.11374075,
      0.00992025,
      0.01165975,
      0.009479666666666666,
      0.005914,
      0.02651,
      0.028127,
      0.013062666666666667,
      0.04168325,
      0.03734,
      0.013451000000000001,
      0.016594,
      0.015649,
      0.0347985,
      0.032561,
      0.034617999999999996,
      0.03597475,
      0.055099249999999995,
      0.04117825,
      0.011306666666666666,
      0.016452333333333333,
      0.01248825,
      0.014096500000000001,
      0.013038333333333334,
      0.014470000000000002,
      0.0111155,
      0.01862175,
      0.009245,
      0.009179,
      0.00995075,
      0.010931,
      0.031508,
      0.011027,
      0.01272525
    ],
    [
      0.01393625,
      0.01496875,
      0.0173185,
      0.020435,
      0.01666275,
      0.015307000000000001,
      0.02034825,
      0.01509825,
      0.015781499999999997,
      0.09653325000000001,
      0.0,
      0.03499575,
      0.061858250000000004,
      0.012383250000000002,
      0.01428925,
      0.012292999999999998,
      0.007799,
      0.042352,
      0.0361345,
      0.015851333333333332,
      0.0471815,
      0.047046,
      0.015738000000000002,
      0.01988675,
      0.018794333333333333,
      0.039552000000000004,
      0.037776000000000004,
      0.04136975,
      0.04104625,
      0.03799475,
      0.030284500000000002,
      0.014731666666666665,
      0.018919333333333333,
      0.015214749999999999,
      0.0176425,
      0.015275999999999998,
      0.017188666666666668,
      0.014453500000000001,
      0.01967525,
      0.01039175,
      0.009981249999999999,
      0.00942375,
      0.010579499999999999,
      0.02901475,
      0.012360000000000001,
      0.0119855
    ],
    [
      0.0192864,
      0.021064,
      0.0204808,
      0.023174499999999997,
      0.030418800000000003,
      0.026025799999999998,
      0.0429634,
      0.0255574,
      0.022523,
      0.037857499999999995,
      0.03499575,
      0.0,
      0.03389325,
      0.0178202,
      0.0200966,
      0.0180405,
      0.017748,
      0.0254005,
      0.0325488,
      0.0215815,
      0.037193000000000004,
      0.0279748,
      0.0255328,
      0.030926400000000003,
      0.03041975,
      0.0276968,
      0.025936,
      0.0322324,
      0.0318246,
      0.0312524,
      0.031308,
      0.022648333333333336,
      0.02294533333333333,
      0.023138,
      0.0236974,
      0.026067999999999997,
      0.026312,
      0.0214718,
      0.017542400000000003,
      0.01266175,
      0.012091000000000001,
      0.0123038,
      0.0163538,
      0.0297916,
      0.015359000000000001,
      0.02086
    ],
    [
      0.01740975,
      0.01760625,
      0.01984975,
      0.02212625,
      0.021283,
      0.02163675,
      0.0245975,
      0.021337000000000002,
      0.0201025,
      0.11374075,
      0.061858250000000004,
      0.03389325,
      0.0,
      0.0167,
      0.017507250000000002,
      0.018806666666666666,
      0.018347,
      0.01541,
      0.035044000000000006,
      0.022152666666666664,
      0.029906500000000003,
      0.026812250000000003,
      0.018715,
      0.020984000000000003,
      0.022636,
      0.02447125,
      0.018878,
      0.027340749999999997,
      0.02831075,
      0.0428875,
      0.0348795,
      0.01915,
      0.021527,
      0.019021999999999997,
      0.018652,
      0.019052666666666666,
      0.020676,
      0.01758425,
      0.01385975,
      0.008815,
      0.00876575,
      0.008968249999999999,
      0.01291325,
      0.021974,
      0.012241333333333333,
      0.015386
    ],
    [
      0.08371880000000001,
      0.042395,
      0.0666752,
      0.03586975,
      0.036477800000000005,
      0.0212432,
      0.0182744,
      0.019229800000000002,
      0.0576564,
      0.00992025,
      0.012383250000000002,
      0.0178202,
      0.0167,
      0.0,
      0.046429,
      0.08060300000000001,
      0.043573,
      0.0286065,
      0.0233052,
      0.059014000000000004,
      0.0105548,
      0.012745799999999998,
      0.020009199999999998,
      0.018385600000000002,
      0.017245999999999997,
      0.010811600000000001,
      0.007326333333333333,
      0.0116626,
      0.012984800000000001,
      0.013841999999999998,
      0.014299399999999999,
      0.020836999999999998,
      0.018915333333333333,
      0.0220488,
      0.020407199999999997,
      0.019720333333333336,
      0.018276333333333335,
      0.023329,
      0.0174856,
      0.01307875,
      0.01259675,
      0.0133474,
      0.017547200000000002,
      0.014962999999999999,
      0.01686475,
      0.0217264
    ],
    [
      0.041282,
      0.0719938,
      0.041397,
      0.057945,
      0.0310726,
      0.0262554,
      0.0223972,
      0.025258600000000003,
      0.0411394,
      0.01165975,
      0.01428925,
      0.0200966,
      0.017507250000000002,
      0.046429,
      0.0,
      0.046483,
      0.063003,
      0.026388,
      0.023011999999999998,
      0.04294775000000001,
      0.012721199999999998,
      0.016671400000000003,
      0.023165599999999998,
      0.0213548,
      0.02046825,
      0.0135638,
      0.010358666666666667,
      0.014463199999999999,
      0.0154656,
      0.0190186,
      0.0199768,
      0.021930333333333333,
      0.022763333333333333,
      0.0245086,
      0.024379,
      0.021975666666666668,
      0.020692,
      0.026568799999999997,
      0.0181358,
      0.01403025,
      0.013377,
      0.0139788,
      0.0183952,
      0.0182224,
      0.017479500000000002,
      0.02234
    ],
    [
      0.063857,
      0.04147825,
      0.0645415,
      0.037078,
      0.03643775,
      0.02013775,
      0.0173,
      0.01829175,
      0.058185999999999995,
      0.009479666666666666,
      0.012292999999999998,
      0.0180405,
      0.018806666666666666,
      0.08060300000000001,
      0.046483,
      0.0,
      0.051068,
      0.0303545,
      0.025984749999999997,
      0.061030249999999994,
      0.01057375,
      0.012294,
      0.01990625,
      0.01824175,
      0.017760333333333333,
      0.011007,
      0.007626666666666667,
      0.01163725,
      0.012631,
      0.013056499999999999,
      0.0135225,
      0.020429,
      0.019350999999999997,
      0.0214765,
      0.02016425,
      0.0200355,
      0.018353500000000002,
      0.022632,
      0.015772750000000002,
      0.012706666666666666,
      0.012444333333333333,
      0.012313749999999998,
      0.0177395,
      0.015889,
      0.015825000000000002,
      0.01889025
    ],
    [
      0.037527,
      0.04959,
      0.036592,
      0.048231,
      0.027444,
      0.021829,
      0.016721,
      0.020289,
      0.04237,
      0.005914,
      0.007799,
      0.017748,
      0.018347,
      0.043573,
      0.063003,
      0.051068,
      0.0,
      0.019478,
      0.025504,
      0.040857,
      0.011142,
      0.010246,
      0.022921,
      0.020619,
      0.019159,
      0.00864,
      0.007975,
      0.011026,
      0.01106,
      0.015032,
      0.01607,
      0.021276,
      0.020319,
      0.02282,
      0.020929,
      0.02186,
      0.020395,
      0.022854,
      0.009078,
      0.009934,
      0.00997,
      0.010705,
      0.016481,
      0.012638,
      0.01383,
      0.019141
    ],
    [
      0.030510999999999996,
      0.0284495,
      0.028898,
      0.020342,
      0.027922000000000002,
      0.02289,
      0.0178605,
      0.019967,
      0.030945,
      0.02651,
      0.042352,
      0.0254005,
      0.01541,
      0.0286065,
      0.026388,
      0.0303545,
      0.019478,
      0.0,
      0.038669,
      0.0332665,
      0.0328965,
      0.0591675,
      0.0158765,
      0.016788499999999998,
      0.018619999999999998,
      0.042902499999999996,
      0.046759,
      0.034270999999999996,
      0.03493,
      0.019143,
      0.017771,
      0.013981,
      0.014645,
      0.014713500000000001,
      0.017440499999999998,
      0.014023,
      0.012012,
      0.0144565,
      0.0372375,
      0.017641,
      0.016996,
      0.011718,
      0.0105115,
      0.0248175,
      0.017251,
      0.015903
    ],
    [
      0.0244068,
      0.023483999999999998,
      0.027177200000000002,
      0.028415250000000003,
      0.025700599999999997,
      0.0234702,
      0.0236394,
      0.022256,
      0.0317294,
      0.028127,
      0.0361345,
      0.0325488,
      0.035044000000000006,
      0.0233052,
      0.023011999999999998,
      0.025984749999999997,
      0.025504,
      0.038669,
      0.0,
      0.029549,
      0.028729000000000005,
      0.032969399999999996,
      0.0246248,
      0.026356200000000003,
      0.027402500000000003,
      0.029415800000000002,
      0.026232999999999996,
      0.027792799999999996,
      0.0288806,
      0.0231272,
      0.0222056,
      0.025596666666666667,
      0.026378333333333337,
      0.024066999999999998,
      0.025023799999999995,
      0.02785433333333333,
      0.025371333333333333,
      0.0247132,
      0.020467599999999996,
      0.012563749999999999,
      0.01244875,
      0.0131162,
      0.0179402,
      0.026611999999999997,
      0.02040575,
      0.018940199999999997
    ],
    [
      0.0555975,
      0.042773500000000006,
      0.05287325,
      0.039413000000000004,
      0.03925725,
      0.02116575,
      0.019315,
      0.019468250000000003,
      0.05647300000000001,
      0.013062666666666667,
      0.015851333333333332,
      0.0215815,
      0.022152666666666664,
      0.059014000000000004,
      0.04294775000000001,
      0.061030249999999994,
      0.040857,
      0.0332665,
      0.029549,
      0.0,
      0.01342525,
      0.01496075,
      0.0215615,
      0.02040425,
      0.019820333333333332,
      0.013517499999999998,
      0.010074666666666668,
      0.0141855,
      0.015269250000000002,
      0.01507075,
      0.0152315,
      0.020961,
      0.020375,
      0.022490999999999997,
      0.02130725,
      0.0213135,
      0.0196355,
      0.0235,
      0.01520225,
      0.011797999999999998,
      0.011727666666666666,
      0.01151425,
      0.014633750000000001,
      0.016080499999999998,
      0.015184333333333334,
      0.01820125
    ],
    [
      0.011634000000000002,
      0.012763200000000002,
      0.01361,
      0.0169835,
      0.013608799999999999,
      0.0154128,
      0.018921399999999998,
      0.0147328,
      0.0121154,
      0.04168325,
      0.0471815,
      0.037193000000000004,
      0.029906500000000003,
      0.0105548,
      0.012721199999999998,
      0.01057375,
      0.011142,
      0.0328965,
      0.028729000000000005,
      0.01342525,
      0.0,
      0.058851600000000004,
      0.0198172,
      0.0238018,
      0.022868000000000003,
      0.0635028,
      0.050727333333333326,
      0.09505319999999999,
      0.0897864,
      0.0256312,
      0.024068600000000002,
      0.016426333333333334,
      0.019831666666666664,
      0.0171554,
      0.0189084,
      0.018225333333333333,
      0.018234,
      0.0155256,
      0.0175742,
      0.01152725,
      0.011324500000000001,
      0.010795599999999999,
      0.0114978,
      0.028665200000000002,
      0.013439,
      0.012786200000000001
    ],
    [
      0.0131032,
      0.015104999999999999,
      0.0159922,
      0.020385999999999998,
      0.0122668,
      0.0151202,
      0.015832600000000002,
      0.0150418,
      0.014906799999999998,
      0.03734,
      0.047046,
      0.0279748,
      0.026812250000000003,
      0.012745799999999998,
      0.016671400000000003,
      0.012294,
      0.010246,
      0.0591675,
      0.032969399999999996,
      0.01496075,
      0.058851600000000004,
      0.0,
      0.0197156,
      0.0217412,
      0.020838,
      0.07620160000000001,
      0.082981,
      0.06267120000000001,
      0.056006999999999994,
      0.022739799999999998,
      0.0205064,
      0.016824333333333334,
      0.020577333333333333,
      0.0171354,
      0.019954,
      0.016628666666666667,
      0.016709666666666668,
      0.0170316,
      0.0262176,
      0.01388825,
      0.013820250000000001,
      0.0138208,
      0.0151424,
      0.0317616,
      0.01862375,
      0.0140166
    ],
    [
      0.0193384,
      0.023093000000000002,
      0.02014,
      0.02170675,
      0.0214508,
      0.025226400000000003,
      0.0280916,
      0.026998599999999994,
      0.0182394,
      0.013451000000000001,
      0.015738000000000002,
      0.0255328,
      0.018715,
      0.020009199999999998,
      0.023165599999999998,
      0.01990625,
      0.022921,
      0.0158765,
      0.0246248,
      0.0215615,
      0.0198172,
      0.0197156,
      0.0,
      0.04911,
      0.0454535,
      0.0265786,
      0.024899333333333332,
      0.0221574,
      0.020961600000000004,
      0.023970200000000004,
      0.025654,
      0.03709333333333333,
      0.035414,
      0.0410024,
      0.0377484,
      0.042026666666666664,
      0.04019133333333333,
      0.03969160000000001,
      0.0217826,
      0.0166775,
      0.01562125,
      0.017348,
      0.028137000000000002,
      0.0201918,
      0.02159775,
      0.0231712
    ],
    [
      0.018126999999999997,
      0.021485399999999998,
      0.018352399999999998,
      0.02142925,
      0.021356399999999998,
      0.022998199999999996,
      0.028677200000000003,
      0.023989000000000003,
      0.0171334,
      0.016594,
      0.01988675,
      0.030926400000000003,
      0.020984000000000003,
      0.018385600000000002,
      0.0213548,
      0.01824175,
      0.020619,
      0.016788499999999998,
      0.026356200000000003,
      0.02040425,
      0.0238018,
      0.0217412,
      0.04911,
      0.0,
      0.06673775,
      0.0239462,
      0.022107666666666664,
      0.025630000000000003,
      0.0234636,
      0.023613000000000002,
      0.024447199999999995,
      0.03334733333333333,
      0.035412,
      0.035515399999999996,
      0.035141,
      0.037489333333333326,
      0.053193,
      0.034593599999999995,
      0.019116200000000003,
      0.01504375,
      0.01466625,
      0.0159498,
      0.022088000000000003,
      0.0229014,
      0.02038375,
      0.022533600000000004
    ],
    [
      0.016778,
      0.02052975,
      0.017484,
      0.020980666666666665,
      0.02025725,
      0.02370925,
      0.027972749999999998,
      0.024767,
      0.01641175,
      0.015649,
      0.018794333333333333,
      0.03041975,
      0.022636,
      0.017245999999999997,
      0.02046825,
      0.017760333333333333,
      0.019159,
      0.018619999999999998,
      0.027402500000000003,
      0.019820333333333332,
      0.022868000000000003,
      0.020838,
      0.0454535,
      0.06673775,
      0.0,
      0.0218805,
      0.022356,
      0.0261825,
      0.023287250000000002,
      0.024870999999999997,
      0.02608425,
      0.033226,
      0.0326225,
      0.035994,
      0.035544,
      0.03733533333333333,
      0.04745633333333333,
      0.038825,
      0.01769875,
      0.012612666666666666,
      0.012586666666666668,
      0.01390425,
      0.021985249999999998,
      0.018896,
      0.017899,
      0.02075875
    ],
    [
      0.011618400000000001,
      0.0126688,
      0.0140622,
      0.017090499999999998,
      0.012082399999999998,
      0.0119166,
      0.015182999999999999,
      0.0119982,
      0.0144986,
      0.0347985,
      0.039552000000000004,
      0.0276968,
      0.02447125,
      0.010811600000000001,
      0.0135638,
      0.011007,
      0.00864,
      0.042902499999999996,
      0.029415800000000002,
      0.013517499999999998,
      0.0635028,
      0.07620160000000001,
      0.0265786,
      0.0239462,
      0.0218805,
      0.0,
      0.178072,
      0.062863,
      0.055077799999999996,
      0.0189496,
      0.017306000000000002,
      0.015273333333333333,
      0.01800133333333333,
      0.0172904,
      0.017008799999999998,
      0.017,
      0.017355333333333334,
      0.014824799999999999,
      0.024139,
      0.01298625,
      0.012832,
      0.012036999999999999,
      0.013561800000000002,
      0.028710000000000003,
      0.017747000000000002,
      0.0114712
    ],
    [
      0.0076816666666666665,
      0.010060333333333333,
      0.007871000000000001,
      0.012091999999999999,
      0.010328333333333333,
      0.012464666666666666,
      0.015961666666666666,
      0.012555333333333333,
      0.008585333333333334,
      0.032561,
      0.037776000000000004,
      0.025936,
      0.018878,
      0.007326333333333333,
      0.010358666666666667,
      0.007626666666666667,
      0.007975,
      0.046759,
      0.026232999999999996,
      0.010074666666666668,
      0.050727333333333326,
      0.082981,
      0.024899333333333332,
      0.022107666666666664,
      0.022356,
      0.178072,
      0.0,
      0.06143066666666667,
      0.046672,
      0.019815666666666665,
      0.018022,
      0.015683,
      0.0158095,
      0.015701666666666666,
      0.016598666666666668,
      0.016472999999999998,
      0.0165665,
      0.013447666666666665,
      0.024264666666666667,
      0.0130335,
      0.0126665,
      0.010879666666666668,
      0.011465000000000001,
      0.025551666666666667,
      0.0144855,
      0.010762333333333332
    ],
    [
      0.012272999999999997,
      0.014192199999999999,
      0.0138054,
      0.01814625,
      0.014272200000000002,
      0.016760199999999996,
      0.019302000000000003,
      0.0167462,
      0.013006799999999999,
      0.034617999999999996,
      0.04136975,
      0.0322324,
      0.027340749999999997,
      0.0116626,
      0.014463199999999999,
      0.01163725,
      0.011026,
      0.034270999999999996,
      0.027792799999999996,
      0.0141855,
      0.09505319999999999,
      0.06267120000000001,
      0.0221574,
      0.025630000000000003,
      0.0261825,
      0.062863,
      0.06143066666666667,
      0.0,
      0.06745160000000001,
      0.0245936,
      0.0235298,
      0.017875666666666665,
      0.020875333333333333,
      0.018927000000000003,
      0.0201208,
      0.018676,
      0.020049333333333336,
      0.017516399999999998,
      0.019150800000000003,
      0.0126245,
      0.01258875,
      0.011855000000000001,
      0.0128564,
      0.025157600000000002,
      0.015178499999999998,
      0.0136018
    ],
    [
      0.013361000000000001,
      0.015039199999999999,
      0.015224399999999999,
      0.018680000000000002,
      0.015551399999999998,
      0.0198524,
      0.020493,
      0.0198122,
      0.0138902,
      0.03597475,
      0.04104625,
      0.0318246,
      0.02831075,
      0.012984800000000001,
      0.0154656,
      0.012631,
      0.01106,
      0.03493,
      0.0288806,
      0.015269250000000002,
      0.0897864,
      0.056006999999999994,
      0.020961600000000004,
      0.0234636,
      0.023287250000000002,
      0.055077799999999996,
      0.046672,
      0.06745160000000001,
      0.0,
      0.027639999999999998,
      0.025867999999999995,
      0.01872,
      0.020801,
      0.019989600000000003,
      0.020149,
      0.018252,
      0.018737999999999998,
      0.0194752,
      0.020121800000000002,
      0.012879749999999999,
      0.01285575,
      0.0125414,
      0.0138542,
      0.026210400000000002,
      0.01617725,
      0.0152396
    ],
    [
      0.0149918,
      0.0200648,
      0.014982200000000001,
      0.018673749999999996,
      0.026290599999999997,
      0.043966000000000005,
      0.0367462,
      0.044164,
      0.013731200000000002,
      0.055099249999999995,
      0.03799475,
      0.0312524,
      0.0428875,
      0.013841999999999998,
      0.0190186,
      0.013056499999999999,
      0.015032,
      0.019143,
      0.0231272,
      0.01507075,
      0.0256312,
      0.022739799999999998,
      0.023970200000000004,
      0.023613000000000002,
      0.024870999999999997,
      0.0189496,
      0.019815666666666665,
      0.0245936,
      0.027639999999999998,
      0.0,
      0.08899080000000001,
      0.022043333333333335,
      0.023625999999999998,
      0.0242246,
      0.024364199999999996,
      0.020753666666666667,
      0.022564333333333336,
      0.023519199999999997,
      0.017293000000000003,
      0.0115495,
      0.011714249999999999,
      0.0142954,
      0.0246048,
      0.016812799999999996,
      0.013211,
      0.025334000000000002
    ],
    [
      0.0154114,
      0.0210224,
      0.0155776,
      0.01890725,
      0.027276999999999996,
      0.0458832,
      0.0385494,
      0.0471468,
      0.014296999999999999,
      0.04117825,
      0.030284500000000002,
      0.031308,
      0.0348795,
      0.014299399999999999,
      0.0199768,
      0.0135225,
      0.01607,
      0.017771,
      0.0222056,
      0.0152315,
      0.024068600000000002,
      0.0205064,
      0.025654,
      0.024447199999999995,
      0.02608425,
      0.017306000000000002,
      0.018022,
      0.0235298,
      0.025867999999999995,
      0.08899080000000001,
      0.0,
      0.024785666666666664,
      0.02502966666666667,
      0.026284000000000002,
      0.0255046,
      0.022841666666666666,
      0.02430833333333333,
      0.0259918,
      0.017330400000000003,
      0.012998000000000001,
      0.01316075,
      0.015429000000000002,
      0.027591600000000004,
      0.0157068,
      0.013841250000000001,
      0.027450999999999996
    ],
    [
      0.020257666666666663,
      0.021702333333333334,
      0.019991666666666668,
      0.021091,
      0.020864333333333332,
      0.025705333333333334,
      0.025966666666666666,
      0.026927333333333334,
      0.017605666666666665,
      0.011306666666666666,
      0.014731666666666665,
      0.022648333333333336,
      0.01915,
      0.020836999999999998,
      0.021930333333333333,
      0.020429,
      0.021276,
      0.013981,
      0.025596666666666667,
      0.020961,
      0.016426333333333334,
      0.016824333333333334,
      0.03709333333333333,
      0.03334733333333333,
      0.033226,
      0.015273333333333333,
      0.015683,
      0.017875666666666665,
      0.01872,
      0.022043333333333335,
      0.024785666666666664,
      0.0,
      0.03905,
      0.04277433333333333,
      0.042794,
      0.039924999999999995,
      0.036254,
      0.040397999999999996,
      0.01751533333333333,
      0.015688666666666667,
      0.014943666666666666,
      0.017018666666666665,
      0.026115666666666666,
      0.017000333333333336,
      0.021903,
      0.027205666666666666
    ],
    [
      0.01892366666666667,
      0.022271333333333334,
      0.019504333333333335,
      0.021510333333333336,
      0.020032333333333333,
      0.02498466666666667,
      0.024202666666666664,
      0.026709333333333335,
      0.018531000000000002,
      0.016452333333333333,
      0.018919333333333333,
      0.02294533333333333,
      0.021527,
      0.018915333333333333,
      0.022763333333333333,
      0.019350999999999997,
      0.020319,
      0.014645,
      0.026378333333333337,
      0.020375,
      0.019831666666666664,
      0.020577333333333333,
      0.035414,
      0.035412,
      0.0326225,
      0.01800133333333333,
      0.0158095,
      0.020875333333333333,
      0.020801,
      0.023625999999999998,
      0.02502966666666667,
      0.03905,
      0.0,
      0.04355133333333333,
      0.047307999999999996,
      0.038876499999999994,
      0.035776,
      0.04147766666666666,
      0.016251666666666668,
      0.015710333333333333,
      0.015455000000000002,
      0.016774,
      0.023216,
      0.01641266666666667,
      0.021344500000000002,
      0.026005
    ],
    [
      0.020886599999999998,
      0.023692799999999997,
      0.021369199999999998,
      0.021877999999999998,
      0.0213862,
      0.0261022,
      0.026794600000000002,
      0.027484800000000004,
      0.0199832,
      0.01248825,
      0.015214749999999999,
      0.023138,
      0.019021999999999997,
      0.0220488,
      0.0245086,
      0.0214765,
      0.02282,
      0.014713500000000001,
      0.024066999999999998,
      0.022490999999999997,
      0.0171554,
      0.0171354,
      0.0410024,
      0.035515399999999996,
      0.035994,
      0.0172904,
      0.015701666666666666,
      0.018927000000000003,
      0.019989600000000003,
      0.0242246,
      0.026284000000000002,
      0.04277433333333333,
      0.04355133333333333,
      0.0,
      0.0481694,
      0.037546333333333334,
      0.037670666666666665,
      0.048409999999999995,
      0.0206908,
      0.017723,
      0.017190749999999998,
      0.0199492,
      0.028876000000000002,
      0.019748,
      0.02703825,
      0.0299612
    ],
    [
      0.019813199999999996,
      0.0234194,
      0.0202178,
      0.022478249999999998,
      0.0204184,
      0.026591600000000003,
      0.025973600000000003,
      0.028188800000000003,
      0.019149199999999998,
      0.014096500000000001,
      0.0176425,
      0.0236974,
      0.018652,
      0.020407199999999997,
      0.024379,
      0.02016425,
      0.020929,
      0.017440499999999998,
      0.025023799999999995,
      0.02130725,
      0.0189084,
      0.019954,
      0.0377484,
      0.035141,
      0.035544,
      0.017008799999999998,
      0.016598666666666668,
      0.0201208,
      0.020149,
      0.024364199999999996,
      0.0255046,
      0.042794,
      0.047307999999999996,
      0.0481694,
      0.0,
      0.038703666666666664,
      0.035569333333333335,
      0.0540918,
      0.020185599999999998,
      0.0168055,
      0.01666,
      0.0189292,
      0.027617400000000004,
      0.0200078,
      0.025388,
      0.028084599999999998
    ],
    [
      0.019777000000000003,
      0.022714666666666664,
      0.018842,
      0.022526333333333332,
      0.021791,
      0.022702333333333335,
      0.026504666666666666,
      0.023087,
      0.018562,
      0.013038333333333334,
      0.015275999999999998,
      0.026067999999999997,
      0.019052666666666666,
      0.019720333333333336,
      0.021975666666666668,
      0.0200355,
      0.02186,
      0.014023,
      0.02785433333333333,
      0.0213135,
      0.018225333333333333,
      0.016628666666666667,
      0.042026666666666664,
      0.037489333333333326,
      0.03733533333333333,
      0.017,
      0.016472999999999998,
      0.018676,
      0.018252,
      0.020753666666666667,
      0.022841666666666666,
      0.039924999999999995,
      0.038876499999999994,
      0.037546333333333334,
      0.038703666666666664,
      0.0,
      0.04505566666666667,
      0.03911233333333333,
      0.017289666666666665,
      0.01346,
      0.013105666666666667,
      0.013583,
      0.024885333333333332,
      0.019570333333333332,
      0.018144,
      0.02052
    ],
    [
      0.018002,
      0.020867999999999998,
      0.017492666666666667,
      0.020512000000000002,
      0.020896666666666664,
      0.022674666666666666,
      0.02607066666666667,
      0.023674,
      0.01672533333333333,
      0.014470000000000002,
      0.017188666666666668,
      0.026312,
      0.020676,
      0.018276333333333335,
      0.020692,
      0.018353500000000002,
      0.020395,
      0.012012,
      0.025371333333333333,
      0.0196355,
      0.018234,
      0.016709666666666668,
      0.04019133333333333,
      0.053193,
      0.04745633333333333,
      0.017355333333333334,
      0.0165665,
      0.020049333333333336,
      0.018737999999999998,
      0.022564333333333336,
      0.02430833333333333,
      0.036254,
      0.035776,
      0.037670666666666665,
      0.035569333333333335,
      0.04505566666666667,
      0.0,
      0.03474166666666667,
      0.015944,
      0.013577333333333332,
      0.013046333333333333,
      0.013953666666666665,
      0.022449999999999998,
      0.018257333333333334,
      0.017655999999999998,
      0.021983666666666665
    ],
    [
      0.022005800000000002,
      0.025814600000000004,
      0.0226294,
      0.02247775,
      0.0215142,
      0.0276086,
      0.026376,
      0.029689399999999998,
      0.0210124,
      0.0111155,
      0.014453500000000001,
      0.0214718,
      0.01758425,
      0.023329,
      0.026568799999999997,
      0.022632,
      0.022854,
      0.0144565,
      0.0247132,
      0.0235,
      0.0155256,
      0.0170316,
      0.03969160000000001,
      0.034593599999999995,
      0.038825,
      0.014824799999999999,
      0.013447666666666665,
      0.017516399999999998,
      0.0194752,
      0.023519199999999997,
      0.0259918,
      0.040397999999999996,
      0.04147766666666666,
      0.048409999999999995,
      0.0540918,
      0.03911233333333333,
      0.03474166666666667,
      0.0,
      0.021528799999999997,
      0.017032,
      0.0161955,
      0.018659799999999997,
      0.0302778,
      0.018942999999999998,
      0.02568775,
      0.027722600000000003
    ],
    [
      0.0175182,
      0.0168968,
      0.017485,
      0.016201,
      0.0133852,
      0.018433400000000003,
      0.0167738,
      0.0198058,
      0.0175542,
      0.01862175,
      0.01967525,
      0.017542400000000003,
      0.01385975,
      0.0174856,
      0.0181358,
      0.015772750000000002,
      0.009078,
      0.0372375,
      0.020467599999999996,
      0.01520225,
      0.0175742,
      0.0262176,
      0.0217826,
      0.019116200000000003,
      0.01769875,
      0.024139,
      0.024264666666666667,
