{
  "sign": "positive",
  "percentage": 0.1,
  "component": "neurons",
  "models": [
    "Qwen_Qwen2-5-32B-Instruct",
    "Qwen_Qwen2-5-72B-Instruct",
    "allenai_OLMo-2-0325-32B-Instruct",
    "meta-llama_Meta-Llama-3-1-70B-Instruct",
    "mistralai_Mistral-Large-Instruct-2407",
    "mistralai_Mistral-Small-24B-Instruct-2501"
  ],
  "tasks": [
    "MD/add_sub_2op_symbolic",
    "MD/add_sub_2op_verbal",
    "MD/add_sub_3op_symbolic",
    "MD/add_sub_3op_verbal",
    "MD/code_A",
    "MD/code_B",
    "MD/code_conditional",
    "MD/code_list",
    "MD/code_loop",
    "MD/logic_propositional_1",
    "MD/logic_propositional_symbolic",
    "MD/logic_syllogism_1",
    "MD/logic_syllogism_symbolic",
    "MD/mul_div_2op_symbolic",
    "MD/mul_div_2op_verbal",
    "MD/mul_div_3op_symbolic",
    "MD/mul_div_3op_verbal",
    "MD/number_sequence",
    "MD/number_sorting",
    "MD/simple_equation",
    "ToM/agent",
    "ToM/desires_goals",
    "ToM/emotion_fewshot",
    "ToM/norm_appropriate",
    "ToM/norm_moral",
    "ToM/primary_emotions",
    "ToM/secondary_emotions",
    "ToM/social_interactions",
    "ToM/social_relations",
    "phys/phys_newton",
    "phys/phys_prost",
    "phys/physics_brightness",
    "phys/physics_buoyancy",
    "phys/physics_elasticity",
    "phys/physics_solubility",
    "phys/physics_speed",
    "phys/physics_stability",
    "phys/physics_temperature",
    "Lan/anaphor_gender_agreement",
    "Lan/det_noun_agreement_irregular",
    "Lan/det_noun_agreement_regular",
    "Lan/det_noun_agreement_with_adjective",
    "Lan/hypernymy",
    "Lan/npi",
    "Lan/subject_verb_agreement",
    "Lan/wug"
  ],
  "avg_overlap_matrix": [
    [
      0.0,
      0.0876905,
      0.14475533333333332,
      0.07070560000000001,
      0.05413066666666667,
      0.008427666666666667,
      0.005007333333333333,
      0.005004166666666667,
      0.09489399999999999,
      0.0027598,
      0.0052572,
      0.005712166666666667,
      0.007302599999999999,
      0.13222683333333332,
      0.07204566666666666,
      0.10376099999999999,
      0.05491,
      0.05726966666666666,
      0.01640433333333333,
      0.0998948,
      0.003133333333333333,
      0.004965666666666667,
      0.004309,
      0.005296833333333333,
      0.0032984,
      0.004416833333333333,
      0.0016479999999999997,
      0.0033603333333333332,
      0.003603666666666667,
      0.003013166666666667,
      0.0027655,
      0.00557175,
      0.00549175,
      0.004832166666666667,
      0.004964333333333334,
      0.0036812499999999996,
      0.003705,
      0.005902999999999999,
      0.004652666666666667,
      0.0022612,
      0.0016419999999999998,
      0.0011415000000000002,
      0.0033551666666666665,
      0.0055855,
      0.0033204,
      0.0070485
    ],
    [
      0.0876905,
      0.0,
      0.07853266666666667,
      0.10100519999999999,
      0.04581383333333333,
      0.0198665,
      0.0152065,
      0.01791733333333333,
      0.07070366666666666,
      0.0036321999999999995,
      0.004976400000000001,
      0.011674833333333334,
      0.0069656,
      0.072297,
      0.10953883333333332,
      0.06484759999999999,
      0.071472,
      0.049907,
      0.015165666666666666,
      0.0729658,
      0.0038175,
      0.006673666666666667,
      0.013513666666666667,
      0.010667166666666667,
      0.008961799999999999,
      0.004401833333333333,
      0.003072,
      0.00509,
      0.005644833333333332,
      0.013361333333333336,
      0.014144833333333334,
      0.01193125,
      0.0138675,
      0.013953333333333333,
      0.014585166666666668,
      0.016295499999999997,
      0.012265250000000002,
      0.017327,
      0.006873166666666666,
      0.0035710000000000004,
      0.0030150000000000003,
      0.0025378333333333333,
      0.005502,
      0.007273999999999999,
      0.0027464,
      0.007832833333333332
    ],
    [
      0.14475533333333332,
      0.07853266666666667,
      0.0,
      0.0767992,
      0.04975466666666667,
      0.008214166666666666,
      0.005515333333333333,
      0.005299333333333333,
      0.08605733333333333,
      0.0050534,
      0.008670800000000001,
      0.0072246666666666666,
      0.0099928,
      0.116712,
      0.06625750000000001,
      0.1041012,
      0.054879,
      0.05291066666666666,
      0.020986000000000005,
      0.0968988,
      0.0046619999999999995,
      0.008807333333333334,
      0.006183166666666667,
      0.0061189999999999994,
      0.0041388,
      0.006670833333333333,
      0.00196125,
      0.005436666666666667,
      0.005646999999999999,
      0.003782666666666667,
      0.0033968333333333333,
      0.005672,
      0.006953249999999999,
      0.006613833333333333,
      0.0063950000000000005,
      0.005403750000000001,
      0.0039775,
      0.0070314999999999996,
      0.007191333333333333,
      0.002297,
      0.0021984,
      0.0018283333333333335,
      0.0032086666666666665,
      0.006324666666666667,
      0.0050853999999999995,
      0.007116333333333333
    ],
    [
      0.07070560000000001,
      0.10100519999999999,
      0.0767992,
      0.0,
      0.0380934,
      0.015868,
      0.0130292,
      0.0125952,
      0.0639054,
      0.008660200000000002,
      0.0116514,
      0.014824799999999999,
      0.0111782,
      0.0626216,
      0.09034099999999999,
      0.0626265,
      0.069391,
      0.035231,
      0.024175799999999997,
      0.06825425,
      0.0075156,
      0.012756199999999999,
      0.014591999999999999,
      0.0143842,
      0.01086775,
      0.0100988,
      0.004748666666666667,
      0.0093644,
      0.0096052,
      0.011002,
      0.0100306,
      0.013287,
      0.012751499999999999,
      0.013663600000000001,
      0.0155108,
      0.01503025,
      0.012908,
      0.0167494,
      0.0100212,
      0.0040868,
      0.0037755999999999996,
      0.0030041999999999994,
      0.0090894,
      0.0121788,
      0.003952499999999999,
      0.0065547999999999995
    ],
    [
      0.05413066666666667,
      0.04581383333333333,
      0.04975466666666667,
      0.0380934,
      0.0,
      0.03764233333333333,
      0.07376416666666667,
      0.03154166666666667,
      0.09791016666666667,
      0.0138882,
      0.011977999999999999,
      0.030069500000000002,
      0.0152194,
      0.05209016666666667,
      0.042437499999999996,
      0.053443,
      0.038166,
      0.051046,
      0.02692083333333334,
      0.061741599999999994,
      0.0074405,
      0.005270333333333333,
      0.017294,
      0.018193499999999998,
      0.015338400000000002,
      0.0057663333333333325,
      0.00485775,
      0.007164666666666666,
      0.011173333333333332,
      0.024922166666666672,
      0.025766833333333336,
      0.0182905,
      0.015573749999999999,
      0.015464833333333336,
      0.014147499999999999,
      0.02000075,
      0.017343,
      0.016594666666666667,
      0.0050708333333333334,
      0.0018585999999999997,
      0.0016812,
      0.0013396666666666667,
      0.003973999999999999,
      0.006302499999999999,
      0.0033466000000000004,
      0.008954
    ],
    [
      0.008427666666666667,
      0.0198665,
      0.008214166666666666,
      0.015868,
      0.03764233333333333,
      0.0,
      0.07565499999999999,
      0.1300055,
      0.009113333333333333,
      0.0160736,
      0.016381399999999997,
      0.026927499999999997,
      0.026827200000000002,
      0.0077505,
      0.020028166666666666,
      0.0073714,
      0.016928,
      0.014363333333333334,
      0.030233166666666672,
      0.007772399999999999,
      0.008802333333333334,
      0.009440833333333332,
      0.03125616666666667,
      0.02591133333333333,
      0.028696199999999998,
      0.0046661666666666666,
      0.00660475,
      0.012542666666666666,
      0.022438166666666665,
      0.06996283333333334,
      0.07466566666666667,
      0.035506,
      0.03085825,
      0.03363,
      0.03613633333333333,
      0.029206749999999997,
      0.027752,
      0.03832783333333333,
      0.008079666666666667,
      0.0026286,
      0.0028236,
      0.0029861666666666665,
      0.0134855,
      0.00551,
      0.0031718,
      0.025328
    ],
    [
      0.005007333333333333,
      0.0152065,
      0.005515333333333333,
      0.0130292,
      0.07376416666666667,
      0.07565499999999999,
      0.0,
      0.07251516666666667,
      0.0063345,
      0.026613599999999998,
      0.0225966,
      0.06569533333333333,
      0.0304066,
      0.004827666666666667,
      0.014330666666666665,
      0.004246999999999999,
      0.011114,
      0.006877,
      0.025449,
      0.0047932,
      0.01568433333333333,
      0.009904333333333334,
      0.036131333333333335,
      0.038407333333333335,
      0.0354508,
      0.010019666666666666,
      0.01019525,
      0.013893999999999998,
      0.022092666666666667,
      0.05204333333333333,
      0.05505633333333334,
      0.03655,
      0.028225249999999997,
      0.03240066666666667,
      0.0290345,
      0.036555500000000005,
      0.0349975,
      0.03317816666666666,
      0.007989333333333333,
      0.0034878,
      0.0032454,
      0.0031701666666666666,
      0.010740333333333333,
      0.010860666666666666,
      0.005393799999999999,
      0.02773216666666667
    ],
    [
      0.005004166666666667,
      0.01791733333333333,
      0.005299333333333333,
      0.0125952,
      0.03154166666666667,
      0.1300055,
      0.07251516666666667,
      0.0,
      0.0051723333333333335,
      0.0143044,
      0.0136926,
      0.0263325,
      0.027944600000000003,
      0.004639333333333333,
      0.017385666666666667,
      0.0043974,
      0.015588,
      0.008936333333333333,
      0.02524483333333333,
      0.004526,
      0.008855,
      0.010014,
      0.03450483333333333,
      0.02823433333333333,
      0.031827799999999996,
      0.004642,
      0.00649425,
      0.013346333333333333,
      0.023934833333333336,
      0.07260283333333332,
      0.07968183333333333,
      0.038471,
      0.033279,
      0.036631500000000004,
      0.03918933333333333,
      0.029341749999999996,
      0.031009,
      0.04170583333333333,
      0.010622333333333333,
      0.0032978,
      0.003678,
      0.0036296666666666665,
      0.016465666666666667,
      0.006767,
      0.0045134,
      0.028004166666666667
    ],
    [
      0.09489399999999999,
      0.07070366666666666,
      0.08605733333333333,
      0.0639054,
      0.09791016666666667,
      0.009113333333333333,
      0.0063345,
      0.0051723333333333335,
      0.0,
      0.0058076000000000004,
      0.005940400000000001,
      0.009441,
      0.0090338,
      0.09950566666666667,
      0.07122150000000001,
      0.09543199999999999,
      0.06886,
      0.07263133333333334,
      0.02645333333333334,
      0.10548000000000002,
      0.0042966666666666665,
      0.007259000000000001,
      0.0055674999999999995,
      0.0054995,
      0.0034575999999999995,
      0.005206666666666668,
      0.002822,
      0.0047285,
      0.0048646666666666664,
      0.003934,
      0.003359333333333334,
      0.0055515,
      0.007389999999999999,
      0.007102,
      0.0060754999999999984,
      0.00540475,
      0.00531625,
      0.007510833333333334,
      0.011073666666666667,
      0.0041198,
      0.0039342000000000005,
      0.0031901666666666662,
      0.005605,
      0.012412833333333336,
      0.0068904,
      0.006723833333333334
    ],
    [
      0.0027598,
      0.0036321999999999995,
      0.0050534,
      0.008660200000000002,
      0.0138882,
      0.0160736,
      0.026613599999999998,
      0.0143044,
      0.0058076000000000004,
      0.0,
      0.177088,
      0.054885,
      0.1652898,
      0.0031638,
      0.0034839999999999997,
      0.00283925,
      0.000626,
      0.0100525,
      0.037207000000000004,
      0.0044150000000000005,
      0.0352364,
      0.023956200000000004,
      0.0150812,
      0.0182492,
      0.021860499999999998,
      0.0241518,
      0.019831333333333336,
      0.0271024,
      0.030959999999999998,
      0.062112,
      0.04914639999999999,
      0.0133435,
      0.018986750000000004,
      0.013588999999999999,
      0.0116648,
      0.01622525,
      0.01893025,
      0.010665,
      0.0058804,
      0.0012406000000000001,
      0.0008875999999999999,
      0.0009322,
      0.0012072,
      0.030220600000000004,
      0.00151925,
      0.005265199999999999
    ],
    [
      0.0052572,
      0.004976400000000001,
      0.008670800000000001,
      0.0116514,
      0.011977999999999999,
      0.016381399999999997,
      0.0225966,
      0.0136926,
      0.005940400000000001,
      0.177088,
      0.0,
      0.0524686,
      0.0839718,
      0.0045166,
      0.0060706,
      0.00507775,
      0.002075,
      0.0237115,
      0.046109599999999994,
      0.0068595,
      0.053135999999999996,
      0.0386018,
      0.0142092,
      0.0192484,
      0.0202175,
      0.0427452,
      0.02872833333333333,
      0.0445232,
      0.0426552,
      0.0449122,
      0.0376398,
      0.012795499999999998,
      0.019367250000000003,
      0.015023399999999998,
      0.0145502,
      0.016016000000000002,
      0.015361499999999998,
      0.014074,
      0.0086888,
      0.0023255999999999997,
      0.0016462,
      0.0011602,
      0.0017422,
      0.019374000000000002,
      0.00499275,
      0.004688
    ],
    [
      0.005712166666666667,
      0.011674833333333334,
      0.0072246666666666666,
      0.014824799999999999,
      0.030069500000000002,
      0.026927499999999997,
      0.06569533333333333,
      0.0263325,
      0.009441,
      0.054885,
      0.0524686,
      0.0,
      0.044860399999999995,
      0.005379000000000001,
      0.0106135,
      0.0060024,
      0.0088,
      0.011947666666666667,
      0.03911416666666666,
      0.007270799999999999,
      0.0447975,
      0.026913333333333334,
      0.030438999999999997,
      0.04404133333333334,
      0.038413600000000006,
      0.022902833333333334,
      0.021388499999999998,
      0.0305745,
      0.029891499999999998,
      0.030805,
      0.0304555,
      0.023662250000000003,
      0.02519725,
      0.023591166666666667,
      0.022992666666666665,
      0.035122749999999994,
      0.0352045,
      0.022913,
      0.014894166666666667,
      0.0068888000000000005,
      0.0059186,
      0.005632666666666667,
      0.0169895,
      0.044265333333333344,
      0.0086602,
      0.0183985
    ],
    [
      0.007302599999999999,
      0.0069656,
      0.0099928,
      0.0111782,
      0.0152194,
      0.026827200000000002,
      0.0304066,
      0.027944600000000003,
      0.0090338,
      0.1652898,
      0.0839718,
      0.044860399999999995,
      0.0,
      0.0063226,
      0.0068538,
      0.007877499999999999,
      0.008621,
      0.0088395,
      0.0409336,
      0.008789749999999999,
      0.0239618,
      0.016815,
      0.021490799999999997,
      0.023657800000000003,
      0.026869499999999998,
      0.015815000000000003,
      0.009308333333333333,
      0.0210964,
      0.027761,
      0.055208999999999994,
      0.0460434,
      0.02630675,
      0.02361375,
      0.0227594,
      0.020687000000000004,
      0.022619749999999997,
      0.024385499999999997,
      0.0193756,
      0.011128599999999999,
      0.0035247999999999994,
      0.003322,
      0.0028734,
      0.0103984,
      0.0177278,
      0.00798025,
      0.013649600000000001
    ],
    [
      0.13222683333333332,
      0.072297,
      0.116712,
      0.0626216,
      0.05209016666666667,
      0.0077505,
      0.004827666666666667,
      0.004639333333333333,
      0.09950566666666667,
      0.0031638,
      0.0045166,
      0.005379000000000001,
      0.0063226,
      0.0,
      0.08715916666666666,
      0.1324534,
      0.073653,
      0.05476133333333333,
      0.016183833333333335,
      0.10202360000000002,
      0.0032625,
      0.0059128333333333324,
      0.004671333333333334,
      0.0050625,
      0.0033252000000000004,
      0.004769166666666667,
      0.00181225,
      0.004010166666666666,
      0.004077666666666667,
      0.0034398333333333334,
      0.0032638333333333334,
      0.00537875,
      0.00552475,
      0.005522166666666666,
      0.006162999999999999,
      0.00446475,
      0.00420525,
      0.0067575,
      0.005308666666666667,
      0.0025243999999999996,
      0.0020488,
      0.0016808333333333334,
      0.004199166666666666,
      0.004907000000000001,
      0.0035250000000000004,
      0.005535666666666667
    ],
    [
      0.07204566666666666,
      0.10953883333333332,
      0.06625750000000001,
      0.09034099999999999,
      0.042437499999999996,
      0.020028166666666666,
      0.014330666666666665,
      0.017385666666666667,
      0.07122150000000001,
      0.0034839999999999997,
      0.0060706,
      0.0106135,
      0.0068538,
      0.08715916666666666,
      0.0,
      0.082542,
      0.092725,
      0.047515,
      0.016044666666666665,
      0.0763696,
      0.0037776666666666666,
      0.007713833333333332,
      0.013611666666666666,
      0.010919499999999999,
      0.009949,
      0.0048305,
      0.003562,
      0.005354333333333333,
      0.006105,
      0.013323833333333333,
      0.0135855,
      0.012871249999999999,
      0.013813250000000001,
      0.0140485,
      0.015805166666666665,
      0.015352249999999998,
      0.0116765,
      0.017426833333333332,
      0.006571833333333333,
      0.0030364000000000003,
      0.0028374,
      0.0022588333333333336,
      0.0058618333333333335,
      0.009218,
      0.0037942,
      0.007397166666666667
    ],
    [
      0.10376099999999999,
      0.06484759999999999,
      0.1041012,
      0.0626265,
      0.053443,
      0.0073714,
      0.004246999999999999,
      0.0043974,
      0.09543199999999999,
      0.00283925,
      0.00507775,
      0.0060024,
      0.007877499999999999,
      0.1324534,
      0.082542,
      0.0,
      0.080421,
      0.05570466666666666,
      0.017969000000000002,
      0.1070174,
      0.0031972,
      0.0051542,
      0.005346399999999999,
      0.0052928,
      0.0034785,
      0.0050176,
      0.00211725,
      0.0037998000000000003,
      0.0043882,
      0.0031897999999999996,
      0.0028285999999999997,
      0.005052999999999999,
      0.00546025,
      0.006573999999999999,
      0.0062962,
      0.004827333333333333,
      0.0041276666666666675,
      0.0066198,
      0.0053004,
      0.00280475,
      0.00244875,
      0.0018294000000000001,
      0.0050257999999999995,
      0.005937,
      0.00237975,
      0.0050165999999999995
    ],
    [
      0.05491,
      0.071472,
      0.054879,
      0.069391,
      0.038166,
      0.016928,
      0.011114,
      0.015588,
      0.06886,
      0.000626,
      0.002075,
      0.0088,
      0.008621,
      0.073653,
      0.092725,
      0.080421,
      0.0,
      0.035095,
      0.021076,
      0.064332,
      0.003948,
      0.006297,
      0.016668,
      0.012469,
      0.01048,
      0.002261,
      0.001825,
      0.00494,
      0.006183,
      0.012493,
      0.013156,
      0.011874,
      0.011873,
      0.014818,
      0.012461,
      0.013889,
      0.013008,
      0.01374,
      0.003645,
      0.001904,
      0.001254,
      0.002208,
      0.006388,
      0.003788,
      0.002297,
      0.007403
    ],
    [
      0.05726966666666666,
      0.049907,
      0.05291066666666666,
      0.035231,
      0.051046,
      0.014363333333333334,
      0.006877,
      0.008936333333333333,
      0.07263133333333334,
      0.0100525,
      0.0237115,
      0.011947666666666667,
      0.0088395,
      0.05476133333333333,
      0.047515,
      0.05570466666666666,
      0.035095,
      0.0,
      0.063876,
      0.06724433333333334,
      0.023243333333333335,
      0.045351,
      0.007830333333333333,
      0.009343333333333334,
      0.009116333333333332,
      0.032408,
      0.02990633333333333,
      0.026091333333333327,
      0.025315,
      0.005358666666666667,
      0.003947666666666666,
      0.008831499999999999,
      0.009609,
      0.007954,
      0.011158333333333334,
      0.010205,
      0.01029,
      0.009446333333333333,
      0.013441333333333333,
      0.0051199999999999996,
      0.0039055,
      0.0026703333333333336,
      0.0025343333333333333,
      0.013449666666666665,
      0.007226333333333334,
      0.0036550000000000003
    ],
    [
      0.01640433333333333,
      0.015165666666666666,
      0.020986000000000005,
      0.024175799999999997,
      0.02692083333333334,
      0.030233166666666672,
      0.025449,
      0.02524483333333333,
      0.02645333333333334,
      0.037207000000000004,
      0.046109599999999994,
      0.03911416666666666,
      0.0409336,
      0.016183833333333335,
      0.016044666666666665,
      0.017969000000000002,
      0.021076,
      0.063876,
      0.0,
      0.0211532,
      0.02997433333333333,
      0.035396166666666666,
      0.02798166666666667,
      0.03131950000000001,
      0.033037,
      0.027968833333333335,
      0.020879250000000002,
      0.02491816666666667,
      0.0343695,
      0.024834,
      0.0241215,
      0.027929000000000002,
      0.034036250000000004,
      0.026113666666666664,
      0.030546,
      0.034570500000000004,
      0.028576000000000004,
      0.025033166666666665,
      0.019630500000000002,
      0.0054882,
      0.0039566,
      0.0044265,
      0.004826666666666667,
      0.021919499999999998,
      0.0140866,
      0.012212
    ],
    [
      0.0998948,
      0.0729658,
      0.0968988,
      0.06825425,
      0.061741599999999994,
      0.007772399999999999,
      0.0047932,
      0.004526,
      0.10548000000000002,
      0.0044150000000000005,
      0.0068595,
      0.007270799999999999,
      0.008789749999999999,
      0.10202360000000002,
      0.0763696,
      0.1070174,
      0.064332,
      0.06724433333333334,
      0.0211532,
      0.0,
      0.0040324,
      0.006189999999999999,
      0.0054518,
      0.005723,
      0.0035685,
      0.0049068,
      0.002408,
      0.004684,
      0.0050182000000000004,
      0.0033147999999999997,
      0.0030838,
      0.004877333333333333,
      0.00631075,
      0.0063008000000000005,
      0.006203200000000001,
      0.004996666666666667,
      0.004379999999999999,
      0.0072347999999999996,
      0.0064806,
      0.00251675,
      0.001816,
      0.0015882000000000001,
      0.0037698000000000002,
      0.0058808,
      0.002465,
      0.0045416
    ],
    [
      0.003133333333333333,
      0.0038175,
      0.0046619999999999995,
      0.0075156,
      0.0074405,
      0.008802333333333334,
      0.01568433333333333,
      0.008855,
      0.0042966666666666665,
      0.0352364,
      0.053135999999999996,
      0.0447975,
      0.0239618,
      0.0032625,
      0.0037776666666666666,
      0.0031972,
      0.003948,
      0.023243333333333335,
      0.02997433333333333,
      0.0040324,
      0.0,
      0.09332483333333332,
      0.01880566666666667,
      0.020485166666666665,
      0.0228492,
      0.10178749999999999,
      0.07088124999999999,
      0.14043316666666666,
      0.13193200000000002,
      0.016214166666666665,
      0.015943333333333334,
      0.01205525,
      0.0178735,
      0.0157915,
      0.014540166666666667,
      0.015921249999999998,
      0.01485175,
      0.013180999999999998,
      0.012120666666666667,
      0.00386,
      0.0027726,
      0.0020896666666666663,
      0.003427666666666667,
      0.022204166666666667,
      0.005842,
      0.003878666666666667
    ],
    [
      0.004965666666666667,
      0.006673666666666667,
      0.008807333333333334,
      0.012756199999999999,
      0.005270333333333333,
      0.009440833333333332,
      0.009904333333333334,
      0.010014,
      0.007259000000000001,
      0.023956200000000004,
      0.0386018,
      0.026913333333333334,
      0.016815,
      0.0059128333333333324,
      0.007713833333333332,
      0.0051542,
      0.006297,
      0.045351,
      0.035396166666666666,
      0.006189999999999999,
      0.09332483333333332,
      0.0,
      0.015942833333333333,
      0.017004000000000002,
      0.015007600000000001,
      0.12854533333333332,
      0.16073075000000003,
      0.10770550000000001,
      0.0752895,
      0.011255666666666666,
      0.009675666666666667,
      0.012225,
      0.017160500000000002,
      0.015955166666666666,
      0.017979333333333333,
      0.01150325,
      0.01256675,
      0.012816666666666669,
      0.02423483333333333,
      0.005247600000000001,
      0.0036544,
      0.0038421666666666673,
      0.0062439999999999996,
      0.03319033333333333,
      0.010396800000000001,
      0.007390833333333333
    ],
    [
      0.004309,
      0.013513666666666667,
      0.006183166666666667,
      0.014591999999999999,
      0.017294,
      0.03125616666666667,
      0.036131333333333335,
      0.03450483333333333,
      0.0055674999999999995,
      0.0150812,
      0.0142092,
      0.030438999999999997,
      0.021490799999999997,
      0.004671333333333334,
      0.013611666666666666,
      0.005346399999999999,
      0.016668,
      0.007830333333333333,
      0.02798166666666667,
      0.0054518,
      0.01880566666666667,
      0.015942833333333333,
      0.0,
      0.06758883333333333,
      0.0592466,
      0.03476883333333333,
      0.03160625,
      0.02144716666666667,
      0.020710000000000003,
      0.03260016666666667,
      0.03388716666666666,
      0.046086,
      0.046952999999999995,
      0.05027283333333334,
      0.04583416666666667,
      0.05510775,
      0.050654750000000005,
      0.046501499999999994,
      0.018004833333333334,
      0.0087214,
      0.008761999999999999,
      0.008246833333333333,
      0.027699,
      0.018838666666666667,
      0.012561800000000001,
      0.015204333333333334
    ],
    [
      0.005296833333333333,
      0.010667166666666667,
      0.0061189999999999994,
      0.0143842,
      0.018193499999999998,
      0.02591133333333333,
      0.038407333333333335,
      0.02823433333333333,
      0.0054995,
      0.0182492,
      0.0192484,
      0.04404133333333334,
      0.023657800000000003,
      0.0050625,
      0.010919499999999999,
      0.0052928,
      0.012469,
      0.009343333333333334,
      0.03131950000000001,
      0.005723,
      0.020485166666666665,
      0.017004000000000002,
      0.06758883333333333,
      0.0,
      0.0967548,
      0.021742833333333333,
      0.01719775,
      0.021839333333333336,
      0.019971,
      0.028121999999999998,
      0.02864533333333334,
      0.04485975,
      0.04380849999999999,
      0.04446,
      0.04060266666666667,
      0.048424999999999996,
      0.0790505,
      0.042872,
      0.017002166666666665,
      0.007244400000000001,
      0.0062736,
      0.006024833333333333,
      0.019805,
      0.020736499999999998,
      0.0131638,
      0.016122
    ],
    [
      0.0032984,
      0.008961799999999999,
      0.0041388,
      0.01086775,
      0.015338400000000002,
      0.028696199999999998,
      0.0354508,
      0.031827799999999996,
      0.0034575999999999995,
      0.021860499999999998,
      0.0202175,
      0.038413600000000006,
      0.026869499999999998,
      0.0033252000000000004,
      0.009949,
      0.0034785,
      0.01048,
      0.009116333333333332,
      0.033037,
      0.0035685,
      0.0228492,
      0.015007600000000001,
      0.0592466,
      0.0967548,
      0.0,
      0.0218832,
      0.0218005,
      0.0264362,
      0.0247006,
      0.0330784,
      0.036404,
      0.041021,
      0.040961000000000004,
      0.040324399999999996,
      0.040133999999999996,
      0.044422249999999996,
      0.06587950000000001,
      0.05439179999999999,
      0.012559800000000001,
      0.0066125,
      0.005845749999999999,
      0.0054022,
      0.014044800000000001,
      0.0110814,
      0.006911500000000001,
      0.014178199999999998
    ],
    [
      0.004416833333333333,
      0.004401833333333333,
      0.006670833333333333,
      0.0100988,
      0.0057663333333333325,
      0.0046661666666666666,
      0.010019666666666666,
      0.004642,
      0.005206666666666668,
      0.0241518,
      0.0427452,
      0.022902833333333334,
      0.015815000000000003,
      0.004769166666666667,
      0.0048305,
      0.0050176,
      0.002261,
      0.032408,
      0.027968833333333335,
      0.0049068,
      0.10178749999999999,
      0.12854533333333332,
      0.03476883333333333,
      0.021742833333333333,
      0.0218832,
      0.0,
      0.24809874999999998,
      0.08989433333333334,
      0.071439,
      0.007892666666666668,
      0.007993833333333334,
      0.009033,
      0.015865999999999998,
      0.0134695,
      0.011805500000000002,
      0.01349125,
      0.01400475,
      0.011636500000000001,
      0.021419999999999998,
      0.0039678,
      0.0031953999999999997,
      0.0022795,
      0.004163833333333334,
      0.029597166666666664,
      0.007474799999999999,
      0.002345333333333333
    ],
    [
      0.0016479999999999997,
      0.003072,
      0.00196125,
      0.004748666666666667,
      0.00485775,
      0.00660475,
      0.01019525,
      0.00649425,
      0.002822,
      0.019831333333333336,
      0.02872833333333333,
      0.021388499999999998,
      0.009308333333333333,
      0.00181225,
      0.003562,
      0.00211725,
      0.001825,
      0.02990633333333333,
      0.020879250000000002,
      0.002408,
      0.07088124999999999,
      0.16073075000000003,
      0.03160625,
      0.01719775,
      0.0218005,
      0.24809874999999998,
      0.0,
      0.0913005,
      0.05576775,
      0.01004925,
      0.0098475,
      0.009631666666666669,
      0.011837333333333333,
      0.01201725,
      0.00963375,
      0.010892666666666667,
      0.012286,
      0.010520749999999999,
      0.012775249999999998,
      0.004346333333333333,
      0.0031736666666666666,
      0.0028075,
      0.00509925,
      0.022089000000000004,
      0.005572333333333333,
      0.0048007499999999995
    ],
    [
      0.0033603333333333332,
      0.00509,
      0.005436666666666667,
      0.0093644,
      0.007164666666666666,
      0.012542666666666666,
      0.013893999999999998,
      0.013346333333333333,
      0.0047285,
      0.0271024,
      0.0445232,
      0.0305745,
      0.0210964,
      0.004010166666666666,
      0.005354333333333333,
      0.0037998000000000003,
      0.00494,
      0.026091333333333327,
      0.02491816666666667,
      0.004684,
      0.14043316666666666,
      0.10770550000000001,
      0.02144716666666667,
      0.021839333333333336,
      0.0264362,
      0.08989433333333334,
      0.0913005,
      0.0,
      0.10276599999999998,
      0.018294333333333333,
      0.018062166666666667,
      0.014812249999999999,
      0.0182515,
      0.0169535,
      0.016959666666666668,
      0.015474499999999999,
      0.017149249999999998,
      0.016978999999999998,
      0.015331666666666667,
      0.0051588,
      0.0035024,
      0.003552666666666667,
      0.0067845,
      0.02006966666666667,
      0.006346599999999999,
      0.007301166666666667
    ],
    [
      0.003603666666666667,
      0.005644833333333332,
      0.005646999999999999,
      0.0096052,
      0.011173333333333332,
      0.022438166666666665,
      0.022092666666666667,
      0.023934833333333336,
      0.0048646666666666664,
      0.030959999999999998,
      0.0426552,
      0.029891499999999998,
      0.027761,
      0.004077666666666667,
      0.006105,
      0.0043882,
      0.006183,
      0.025315,
      0.0343695,
      0.0050182000000000004,
      0.13193200000000002,
      0.0752895,
      0.020710000000000003,
      0.019971,
      0.0247006,
      0.071439,
      0.05576775,
      0.10276599999999998,
      0.0,
      0.027716,
      0.026096499999999995,
      0.018418,
      0.01967775,
      0.020727666666666665,
      0.01999416666666667,
      0.015819,
      0.015492000000000002,
      0.021802666666666668,
      0.0200075,
      0.0046949999999999995,
      0.0038052000000000003,
      0.0031700000000000005,
      0.007230999999999999,
      0.019364666666666665,
      0.0071308,
      0.006869
    ],
    [
      0.003013166666666667,
      0.013361333333333336,
      0.003782666666666667,
      0.011002,
      0.024922166666666672,
      0.06996283333333334,
      0.05204333333333333,
      0.07260283333333332,
      0.003934,
      0.062112,
      0.0449122,
      0.030805,
      0.055208999999999994,
      0.0034398333333333334,
      0.013323833333333333,
      0.0031897999999999996,
      0.012493,
      0.005358666666666667,
      0.024834,
      0.0033147999999999997,
      0.016214166666666665,
      0.011255666666666666,
      0.03260016666666667,
      0.028121999999999998,
      0.0330784,
      0.007892666666666668,
      0.01004925,
      0.018294333333333333,
      0.027716,
      0.0,
      0.11201716666666667,
      0.03184375,
      0.02977875,
      0.034520666666666665,
      0.03438133333333333,
      0.026462,
      0.02968275,
      0.03338766666666667,
      0.012978833333333334,
      0.0029362,
      0.0026628,
      0.0026695,
      0.0147045,
      0.006741833333333333,
      0.0035932000000000004,
      0.015496166666666667
    ],
    [
      0.0027655,
      0.014144833333333334,
      0.0033968333333333333,
      0.0100306,
      0.025766833333333336,
      0.07466566666666667,
      0.05505633333333334,
      0.07968183333333333,
      0.003359333333333334,
      0.04914639999999999,
      0.0376398,
      0.0304555,
      0.0460434,
      0.0032638333333333334,
      0.0135855,
      0.0028285999999999997,
      0.013156,
      0.003947666666666666,
      0.0241215,
      0.0030838,
      0.015943333333333334,
      0.009675666666666667,
      0.03388716666666666,
      0.02864533333333334,
      0.036404,
      0.007993833333333334,
      0.0098475,
      0.018062166666666667,
      0.026096499999999995,
      0.11201716666666667,
      0.0,
      0.034033749999999995,
      0.03183575,
      0.036512499999999996,
      0.03362533333333333,
      0.02839875,
      0.0315285,
      0.03704016666666667,
      0.010708166666666666,
      0.0027032000000000002,
      0.0029582000000000002,
      0.0030833333333333333,
      0.017596833333333336,
      0.005454666666666667,
      0.003298,
      0.0170175
    ],
    [
      0.00557175,
      0.01193125,
      0.005672,
      0.013287,
      0.0182905,
      0.035506,
      0.03655,
      0.038471,
      0.0055515,
      0.0133435,
      0.012795499999999998,
      0.023662250000000003,
      0.02630675,
      0.00537875,
      0.012871249999999999,
      0.005052999999999999,
      0.011874,
      0.008831499999999999,
      0.027929000000000002,
      0.004877333333333333,
      0.01205525,
      0.012225,
      0.046086,
      0.04485975,
      0.041021,
      0.009033,
      0.009631666666666669,
      0.014812249999999999,
      0.018418,
      0.03184375,
      0.034033749999999995,
      0.0,
      0.04970566666666667,
      0.0558375,
      0.056402499999999994,
      0.04741925,
      0.0463595,
      0.047667,
      0.01680075,
      0.009136,
      0.00935125,
      0.01042275,
      0.027812250000000004,
      0.01281425,
      0.023121333333333337,
      0.0257965
    ],
    [
      0.00549175,
      0.0138675,
      0.006953249999999999,
      0.012751499999999999,
      0.015573749999999999,
      0.03085825,
      0.028225249999999997,
      0.033279,
      0.007389999999999999,
      0.018986750000000004,
      0.019367250000000003,
      0.02519725,
      0.02361375,
      0.00552475,
      0.013813250000000001,
      0.00546025,
      0.011873,
      0.009609,
      0.034036250000000004,
      0.00631075,
      0.0178735,
      0.017160500000000002,
      0.046952999999999995,
      0.04380849999999999,
      0.040961000000000004,
      0.015865999999999998,
      0.011837333333333333,
      0.0182515,
      0.01967775,
      0.02977875,
      0.03183575,
      0.04970566666666667,
      0.0,
      0.06129575,
      0.06548625,
      0.05247466666666667,
      0.04545533333333334,
      0.05641625,
      0.013983250000000001,
      0.0073625,
      0.00708725,
      0.00845325,
      0.01795075,
      0.0100875,
      0.021249,
      0.02993675
    ],
    [
      0.004832166666666667,
      0.013953333333333333,
      0.006613833333333333,
      0.013663600000000001,
      0.015464833333333336,
      0.03363,
      0.03240066666666667,
      0.036631500000000004,
      0.007102,
      0.013588999999999999,
      0.015023399999999998,
      0.023591166666666667,
      0.0227594,
      0.005522166666666666,
      0.0140485,
      0.006573999999999999,
      0.014818,
      0.007954,
      0.026113666666666664,
      0.0063008000000000005,
      0.0157915,
      0.015955166666666666,
      0.05027283333333334,
      0.04446,
      0.040324399999999996,
      0.0134695,
      0.01201725,
      0.0169535,
      0.020727666666666665,
      0.034520666666666665,
      0.036512499999999996,
      0.0558375,
      0.06129575,
      0.0,
      0.06871783333333333,
      0.0412695,
      0.03981675,
      0.0634125,
      0.01878566666666667,
      0.0124562,
      0.0114082,
      0.012374999999999999,
      0.026887666666666667,
      0.016919666666666666,
      0.033745399999999995,
      0.031193833333333337
    ],
    [
      0.004964333333333334,
      0.014585166666666668,
      0.0063950000000000005,
      0.0155108,
      0.014147499999999999,
      0.03613633333333333,
      0.0290345,
      0.03918933333333333,
      0.0060754999999999984,
      0.0116648,
      0.0145502,
      0.022992666666666665,
      0.020687000000000004,
      0.006162999999999999,
      0.015805166666666665,
      0.0062962,
      0.012461,
      0.011158333333333334,
      0.030546,
      0.006203200000000001,
      0.014540166666666667,
      0.017979333333333333,
      0.04583416666666667,
      0.04060266666666667,
      0.040133999999999996,
      0.011805500000000002,
      0.00963375,
      0.016959666666666668,
      0.01999416666666667,
      0.03438133333333333,
      0.03362533333333333,
      0.056402499999999994,
      0.06548625,
      0.06871783333333333,
      0.0,
      0.0454245,
      0.040103,
      0.08202416666666666,
      0.015583333333333333,
      0.0091866,
      0.0086338,
      0.010596166666666669,
      0.028923166666666666,
      0.016067500000000002,
      0.0300962,
      0.028172166666666665
    ],
    [
      0.0036812499999999996,
      0.016295499999999997,
      0.005403750000000001,
      0.01503025,
      0.02000075,
      0.029206749999999997,
      0.036555500000000005,
      0.029341749999999996,
      0.00540475,
      0.01622525,
      0.016016000000000002,
      0.035122749999999994,
      0.022619749999999997,
      0.00446475,
      0.015352249999999998,
      0.004827333333333333,
      0.013889,
      0.010205,
      0.034570500000000004,
      0.004996666666666667,
      0.015921249999999998,
      0.01150325,
      0.05510775,
      0.048424999999999996,
      0.044422249999999996,
      0.013491,
      0.010892666666666667,
      0.015474499999999999,
      0.015819,
      0.026462,
      0.02839875,
      0.04741925,
      0.05247466666666667,
      0.0412695,
      0.0454245,
      0.0,
      0.0610775,
      0.0481145,
      0.01673625,
      0.00845925,
      0.00783375,
      0.008380750000000001,
      0.028595000000000002,
      0.02062625,
      0.012261333333333334,
      0.013083000000000001
    ],
    [
      0.003705,
      0.012265250000000002,
      0.0039775,
      0.012908,
      0.017343,
      0.027752,
      0.0349975,
      0.031009,
      0.00531625,
      0.01893025,
      0.015361499999999998,
      0.0352045,
      0.024385499999999997,
      0.00420525,
      0.0116765,
      0.0041276666666666675,
      0.013008,
      0.01029,
      0.028576000000000004,
      0.004379999999999999,
