{
  "sign": "positive",
  "percentage": 0.1,
  "component": "neurons",
  "models": [
    "Qwen_Qwen2-5-32B-Instruct",
    "Qwen_Qwen2-5-72B-Instruct",
    "allenai_OLMo-2-0325-32B-Instruct",
    "meta-llama_Meta-Llama-3-1-70B-Instruct",
    "mistralai_Mistral-Large-Instruct-2407",
    "mistralai_Mistral-Small-24B-Instruct-2501"
  ],
  "tasks": [
    "MD/add_sub_2op_symbolic",
    "MD/add_sub_2op_verbal",
    "MD/add_sub_3op_symbolic",
    "MD/add_sub_3op_verbal",
    "MD/code_A",
    "MD/code_B",
    "MD/code_conditional",
    "MD/code_list",
    "MD/code_loop",
    "MD/logic_propositional_1",
    "MD/logic_propositional_symbolic",
    "MD/logic_syllogism_1",
    "MD/logic_syllogism_symbolic",
    "MD/mul_div_2op_symbolic",
    "MD/mul_div_2op_verbal",
    "MD/mul_div_3op_symbolic",
    "MD/mul_div_3op_verbal",
    "MD/number_sequence",
    "MD/number_sorting",
    "MD/simple_equation",
    "ToM/agent",
    "ToM/desires_goals",
    "ToM/emotion_fewshot",
    "ToM/norm_appropriate",
    "ToM/norm_moral",
    "ToM/primary_emotions",
    "ToM/secondary_emotions",
    "ToM/social_interactions",
    "ToM/social_relations",
    "phys/phys_newton",
    "phys/phys_prost",
    "phys/physics_brightness",
    "phys/physics_buoyancy",
    "phys/physics_elasticity",
    "phys/physics_solubility",
    "phys/physics_speed",
    "phys/physics_stability",
    "phys/physics_temperature",
    "Lan/anaphor_gender_agreement",
    "Lan/det_noun_agreement_irregular",
    "Lan/det_noun_agreement_regular",
    "Lan/det_noun_agreement_with_adjective",
    "Lan/hypernymy",
    "Lan/npi",
    "Lan/subject_verb_agreement",
    "Lan/wug"
  ],
  "avg_overlap_matrix": [
    [
      1.0,
      0.4137666666666666,
      0.5505833333333333,
      0.29194,
      0.2988166666666667,
      0.0393,
      0.021733333333333337,
      0.0236,
      0.29793333333333333,
      0.0052,
      0.010179999999999998,
      0.015066666666666666,
      0.01888,
      0.5620333333333334,
      0.3245,
      0.4581200000000001,
      0.3459,
      0.12213333333333332,
      0.030966666666666667,
      0.43494,
      0.0078000000000000005,
      0.009633333333333332,
      0.013616666666666668,
      0.015933333333333334,
      0.01198,
      0.008566666666666667,
      0.0041,
      0.008783333333333332,
      0.01005,
      0.014699999999999998,
      0.013266666666666668,
      0.01745,
      0.019975,
      0.013966666666666667,
      0.014683333333333333,
      0.0125,
      0.014475000000000002,
      0.01726666666666667,
      0.004366666666666666,
      0.006960000000000001,
      0.00526,
      0.0035166666666666666,
      0.004066666666666667,
      0.0032166666666666663,
      0.0037399999999999994,
      0.012233333333333332
    ],
    [
      0.4137666666666666,
      1.0,
      0.32958333333333334,
      0.4459000000000001,
      0.27120000000000005,
      0.10010000000000001,
      0.07110000000000001,
      0.08815,
      0.23830000000000004,
      0.007240000000000001,
      0.009580000000000002,
      0.0325,
      0.020919999999999998,
      0.33795,
      0.5335833333333333,
      0.3093,
      0.4799,
      0.11023333333333334,
      0.02941666666666667,
      0.33840000000000003,
      0.0101,
      0.013466666666666667,
      0.04571666666666666,
      0.036566666666666664,
      0.033359999999999994,
      0.008783333333333332,
      0.008400000000000001,
      0.014983333333333333,
      0.017249999999999998,
      0.06953333333333334,
      0.07131666666666665,
      0.039474999999999996,
      0.055225,
      0.04086666666666666,
      0.04505,
      0.057324999999999994,
      0.049100000000000005,
      0.050816666666666656,
      0.0081,
      0.012360000000000001,
      0.010920000000000001,
      0.00855,
      0.009383333333333334,
      0.005266666666666666,
      0.00332,
      0.015116666666666667
    ],
    [
      0.5505833333333333,
      0.32958333333333334,
      1.0,
      0.27898,
      0.24526666666666666,
      0.03341666666666667,
      0.020583333333333335,
      0.021166666666666667,
      0.24050000000000002,
      0.00842,
      0.01386,
      0.0161,
      0.02174,
      0.44354999999999994,
      0.2669,
      0.40307999999999994,
      0.3078,
      0.09963333333333335,
      0.034800000000000005,
      0.3673,
      0.010083333333333333,
      0.014483333333333334,
      0.01631666666666667,
      0.01601666666666667,
      0.0128,
      0.011383333333333334,
      0.0042,
      0.012433333333333333,
      0.01355,
      0.01593333333333333,
      0.013866666666666666,
      0.015349999999999999,
      0.02215,
      0.01626666666666667,
      0.016216666666666667,
      0.01605,
      0.013474999999999997,
      0.017766666666666667,
      0.005966666666666666,
      0.006279999999999999,
      0.006180000000000001,
      0.004666666666666667,
      0.0033833333333333332,
      0.0031666666666666666,
      0.00504,
      0.010333333333333333
    ],
    [
      0.29194,
      0.4459000000000001,
      0.27898,
      1.0,
      0.19682000000000002,
      0.0684,
      0.05088,
      0.05316,
      0.18861999999999998,
      0.012819999999999998,
      0.01582,
      0.0339,
      0.02442,
      0.25048000000000004,
      0.3819,
      0.268125,
      0.4089,
      0.05445,
      0.03796000000000001,
      0.281525,
      0.015260000000000001,
      0.0194,
      0.041159999999999995,
      0.039779999999999996,
      0.032075,
      0.0157,
      0.010866666666666669,
      0.0209,
      0.022860000000000002,
      0.04764,
      0.04256,
      0.0351,
      0.043625,
      0.03528,
      0.0408,
      0.0407,
      0.041025,
      0.04347999999999999,
      0.009000000000000001,
      0.011219999999999999,
      0.010700000000000001,
      0.0084,
      0.0111,
      0.00648,
      0.0034999999999999996,
      0.011279999999999998
    ],
    [
      0.2988166666666667,
      0.27120000000000005,
      0.24526666666666666,
      0.19682000000000002,
      1.0,
      0.21686666666666665,
      0.39465,
      0.17768333333333333,
      0.37625,
      0.031239999999999997,
      0.029319999999999995,
      0.09368333333333334,
      0.051519999999999996,
      0.28776666666666667,
      0.2432333333333333,
      0.29492,
      0.2854,
      0.132,
      0.051300000000000005,
      0.32874,
      0.022533333333333336,
      0.012866666666666665,
      0.06663333333333334,
      0.07143333333333333,
      0.06573999999999999,
      0.01356666666666667,
      0.014499999999999999,
      0.024316666666666667,
      0.03918333333333333,
      0.15058333333333332,
      0.14968333333333336,
      0.06895000000000001,
      0.07327499999999999,
      0.05293333333333333,
      0.05128333333333333,
      0.0809,
      0.07975000000000002,
      0.05780000000000001,
      0.006383333333333334,
      0.007119999999999999,
      0.0067599999999999995,
      0.004783333333333334,
      0.006066666666666667,
      0.005066666666666666,
      0.00456,
      0.01975
    ],
    [
      0.0393,
      0.10010000000000001,
      0.03341666666666667,
      0.0684,
      0.21686666666666665,
      1.0,
      0.3348333333333333,
      0.5999500000000001,
      0.031433333333333334,
      0.028820000000000002,
      0.03164,
      0.06871666666666668,
      0.07533999999999999,
      0.03625,
      0.09558333333333334,
      0.03364,
      0.0968,
      0.027766666666666665,
      0.04288333333333333,
      0.03342,
      0.022250000000000002,
      0.017833333333333333,
      0.09925,
      0.08473333333333334,
      0.09968,
      0.009116666666666667,
      0.01675,
      0.03596666666666667,
      0.06506666666666666,
      0.3443333333333333,
      0.3560833333333333,
      0.111875,
      0.11685,
      0.09361666666666667,
      0.10701666666666665,
      0.0993,
      0.106375,
      0.10848333333333332,
      0.008166666666666666,
      0.00868,
      0.00972,
      0.008883333333333335,
      0.013133333333333332,
      0.00345,
      0.00358,
      0.04574999999999999
    ],
    [
      0.021733333333333337,
      0.07110000000000001,
      0.020583333333333335,
      0.05088,
      0.39465,
      0.3348333333333333,
      1.0,
      0.31365,
      0.019716666666666667,
      0.0458,
      0.04202,
      0.15195,
      0.08092,
      0.020883333333333334,
      0.06344999999999999,
      0.018,
      0.0605,
      0.013166666666666667,
      0.03395,
      0.019020000000000002,
      0.03653333333333333,
      0.017033333333333334,
      0.10521666666666667,
      0.11678333333333334,
      0.11746000000000001,
      0.017583333333333333,
      0.0238,
      0.0367,
      0.059666666666666666,
      0.23836666666666664,
      0.24326666666666666,
      0.110225,
      0.10200000000000001,
      0.08341666666666665,
      0.07873333333333334,
      0.11795,
      0.128325,
      0.08636666666666666,
      0.0082,
      0.011040000000000001,
      0.01078,
      0.009016666666666668,
      0.012666666666666666,
      0.007083333333333333,
      0.00552,
      0.04621666666666666
    ],
    [
      0.0236,
      0.08815,
      0.021166666666666667,
      0.05316,
      0.17768333333333333,
      0.5999500000000001,
      0.31365,
      1.0,
      0.017083333333333336,
      0.025759999999999998,
      0.02646,
      0.06641666666666667,
      0.07966000000000001,
      0.02145,
      0.08053333333333333,
      0.020039999999999995,
      0.0901,
      0.0184,
      0.03351666666666667,
      0.01952,
      0.021966666666666666,
      0.01808333333333333,
      0.10844999999999999,
      0.0922,
      0.11195999999999999,
      0.008533333333333335,
      0.01675,
      0.037033333333333335,
      0.06743333333333333,
      0.3495166666666667,
      0.3703,
      0.122875,
      0.125525,
      0.10026666666666667,
      0.11471666666666668,
      0.1013,
      0.120725,
      0.11606666666666667,
      0.010416666666666666,
      0.0109,
      0.0127,
      0.010999999999999998,
      0.016900000000000002,
      0.004466666666666667,
      0.00488,
      0.04936666666666666
    ],
    [
      0.29793333333333333,
      0.23830000000000004,
      0.24050000000000002,
      0.18861999999999998,
      0.37625,
      0.031433333333333334,
      0.019716666666666667,
      0.017083333333333336,
      1.0,
      0.008299999999999998,
      0.0087,
      0.016900000000000002,
      0.01712,
      0.3125,
      0.23373333333333335,
      0.3096,
      0.2803,
      0.09873333333333334,
      0.03178333333333334,
      0.32746,
      0.007666666666666668,
      0.010150000000000001,
      0.0124,
      0.01233333333333333,
      0.00786,
      0.007633333333333335,
      0.0049250000000000006,
      0.0094,
      0.010133333333333333,
      0.013416666666666667,
      0.011316666666666668,
      0.011425,
      0.019725,
      0.013749999999999998,
      0.013333333333333334,
      0.0121,
      0.013425,
      0.015266666666666666,
      0.008366666666666666,
      0.00944,
      0.0094,
      0.006816666666666668,
      0.006466666666666666,
      0.005999999999999999,
      0.0050999999999999995,
      0.008583333333333333
    ],
    [
      0.0052,
      0.007240000000000001,
      0.00842,
      0.012819999999999998,
      0.031239999999999997,
      0.028820000000000002,
      0.0458,
      0.025759999999999998,
      0.008299999999999998,
      1.0,
      0.12544000000000002,
      0.057179999999999995,
      0.17472,
      0.00614,
      0.006659999999999999,
      0.00505,
      0.0013,
      0.0053,
      0.02324,
      0.00715,
      0.03446,
      0.018160000000000003,
      0.0184,
      0.0223,
      0.0291,
      0.018039999999999997,
      0.016566666666666667,
      0.029580000000000006,
      0.0352,
      0.12358,
      0.09256,
      0.01525,
      0.02565,
      0.01492,
      0.014520000000000002,
      0.020149999999999998,
      0.02625,
      0.0126,
      0.0027,
      0.0016400000000000002,
      0.00126,
      0.00126,
      0.00058,
      0.00756,
      0.000775,
      0.0037400000000000003
    ],
    [
      0.010179999999999998,
      0.009580000000000002,
      0.01386,
      0.01582,
      0.029319999999999995,
      0.03164,
      0.04202,
      0.02646,
      0.0087,
      0.12544000000000002,
      1.0,
      0.056519999999999994,
      0.09092,
      0.00868,
      0.01056,
      0.009475,
      0.0051,
      0.015349999999999999,
      0.03054,
      0.011949999999999999,
      0.05112000000000001,
      0.02722,
      0.01774,
      0.025,
      0.029025000000000002,
      0.030679999999999995,
      0.02626666666666667,
      0.04642,
      0.04754,
      0.09178,
      0.07414,
      0.0147,
      0.030775000000000004,
      0.01792,
      0.018340000000000002,
      0.019950000000000002,
      0.022325,
      0.01744,
      0.0035199999999999997,
      0.00276,
      0.00202,
      0.00132,
      0.0008400000000000001,
      0.00492,
      0.0023,
      0.00344
    ],
    [
      0.015066666666666666,
      0.0325,
      0.0161,
      0.0339,
      0.09368333333333334,
      0.06871666666666668,
      0.15195,
      0.06641666666666667,
      0.016900000000000002,
      0.057179999999999995,
      0.056519999999999994,
      1.0,
      0.06884,
      0.013949999999999999,
      0.027766666666666665,
      0.015,
      0.0326,
      0.012033333333333333,
      0.030166666666666665,
      0.0162,
      0.057183333333333336,
      0.024000000000000004,
      0.05035,
      0.07511666666666665,
      0.07232000000000001,
      0.023033333333333333,
      0.026924999999999998,
      0.0446,
      0.04556666666666667,
      0.0816,
      0.0772,
      0.043225,
      0.05345,
      0.037,
      0.0365,
      0.069675,
      0.07825,
      0.03598333333333334,
      0.008616666666666667,
      0.0127,
      0.01136,
      0.009666666666666665,
      0.011166666666666667,
      0.015466666666666665,
      0.00568,
      0.0183
    ],
    [
      0.01888,
      0.020919999999999998,
      0.02174,
      0.02442,
      0.051519999999999996,
      0.07533999999999999,
      0.08092,
      0.07966000000000001,
      0.01712,
      0.17472,
      0.09092,
      0.06884,
      1.0,
      0.01634,
      0.019899999999999998,
      0.01935,
      0.0372,
      0.00935,
      0.03574,
      0.01975,
      0.033299999999999996,
      0.01794,
      0.039819999999999994,
      0.04596,
      0.058475,
      0.016260000000000004,
      0.013866666666666666,
      0.031979999999999995,
      0.04476,
      0.16116000000000003,
      0.13040000000000002,
      0.0503,
      0.0527,
      0.03978,
      0.038900000000000004,
      0.045225,
      0.055799999999999995,
      0.035480000000000005,
      0.00648,
      0.00708,
      0.006840000000000001,
      0.0056,
      0.008020000000000001,
      0.007180000000000001,
      0.006,
      0.016759999999999997
    ],
    [
      0.5620333333333334,
      0.33795,
      0.44354999999999994,
      0.25048000000000004,
      0.28776666666666667,
      0.03625,
      0.020883333333333334,
      0.02145,
      0.3125,
      0.00614,
      0.00868,
      0.013949999999999999,
      0.01634,
      1.0,
      0.40145000000000003,
      0.58528,
      0.4545,
      0.1144,
      0.030766666666666664,
      0.44316000000000005,
      0.007933333333333334,
      0.011433333333333332,
      0.014249999999999999,
      0.015466666666666665,
      0.011479999999999999,
      0.00925,
      0.004425,
      0.010533333333333334,
      0.011266666666666666,
      0.016416666666666666,
      0.01525,
      0.016225,
      0.019875,
      0.015683333333333334,
      0.018033333333333335,
      0.014450000000000001,
      0.0157,
      0.01905,
      0.005166666666666667,
      0.00772,
      0.0066,
      0.005,
      0.005833333333333334,
      0.0032166666666666663,
      0.00392,
      0.009683333333333334
    ],
    [
      0.3245,
      0.5335833333333333,
      0.2669,
      0.3819,
      0.2432333333333333,
      0.09558333333333334,
      0.06344999999999999,
      0.08053333333333333,
      0.23373333333333335,
      0.006659999999999999,
      0.01056,
      0.027766666666666665,
      0.019899999999999998,
      0.40145000000000003,
      1.0,
      0.3795,
      0.6144,
      0.09813333333333334,
      0.028266666666666666,
      0.34006000000000003,
      0.009466666666666665,
      0.013216666666666668,
      0.044216666666666675,
      0.035633333333333336,
      0.03474,
      0.00905,
      0.009049999999999999,
      0.014883333333333333,
      0.017700000000000004,
      0.0659,
      0.06531666666666665,
      0.0406,
      0.05275,
      0.038783333333333336,
      0.0462,
      0.05205,
      0.045200000000000004,
      0.04886666666666667,
      0.007383333333333333,
      0.00984,
      0.00962,
      0.006999999999999999,
      0.007666666666666666,
      0.0061333333333333335,
      0.00436,
      0.013333333333333334
    ],
    [
      0.4581200000000001,
      0.3093,
      0.40307999999999994,
      0.268125,
      0.29492,
      0.03364,
      0.018,
      0.020039999999999995,
      0.3096,
      0.00505,
      0.009475,
      0.015,
      0.01935,
      0.58528,
      0.3795,
      1.0,
      0.4837,
      0.11259999999999999,
      0.03246,
      0.44627999999999995,
      0.007400000000000001,
      0.0106,
      0.015739999999999997,
      0.015539999999999998,
      0.01195,
      0.00958,
      0.005175,
      0.00976,
      0.01184,
      0.01492,
      0.013120000000000001,
      0.016133333333333333,
      0.0187,
      0.018219999999999997,
      0.01766,
      0.015700000000000002,
      0.015566666666666666,
      0.018719999999999997,
      0.00524,
      0.008425,
      0.007775,
      0.0054,
      0.0070599999999999994,
      0.00416,
      0.0025499999999999997,
      0.00858
    ],
    [
      0.3459,
      0.4799,
      0.3078,
      0.4089,
      0.2854,
      0.0968,
      0.0605,
      0.0901,
      0.2803,
      0.0013,
      0.0051,
      0.0326,
      0.0372,
      0.4545,
      0.6144,
      0.4837,
      1.0,
      0.0584,
      0.0461,
      0.386,
      0.0131,
      0.0156,
      0.0702,
      0.0575,
      0.0512,
      0.0051,
      0.0047,
      0.0161,
      0.0216,
      0.0761,
      0.0782,
      0.0512,
      0.0617,
      0.0655,
      0.0554,
      0.06,
      0.0643,
      0.0605,
      0.0034,
      0.0068,
      0.0047,
      0.0076,
      0.0097,
      0.003,
      0.003,
      0.0182
    ],
    [
      0.12213333333333332,
      0.11023333333333334,
      0.09963333333333335,
      0.05445,
      0.132,
      0.027766666666666665,
      0.013166666666666667,
      0.0184,
      0.09873333333333334,
      0.0053,
      0.015349999999999999,
      0.012033333333333333,
      0.00935,
      0.1144,
      0.09813333333333334,
      0.11259999999999999,
      0.0584,
      1.0,
      0.0344,
      0.1374,
      0.02513333333333333,
      0.0291,
      0.01,
      0.013333333333333334,
      0.0131,
      0.023133333333333336,
      0.025833333333333333,
      0.027633333333333333,
      0.028766666666666666,
      0.011566666666666664,
      0.008666666666666668,
      0.00975,
      0.01295,
      0.0092,
      0.012733333333333333,
      0.01125,
      0.01355,
      0.0105,
      0.0045,
      0.0051,
      0.0040999999999999995,
      0.0028333333333333335,
      0.0010333333333333334,
      0.0031000000000000003,
      0.0031,
      0.0027333333333333337
    ],
    [
      0.030966666666666667,
      0.02941666666666667,
      0.034800000000000005,
      0.03796000000000001,
      0.051300000000000005,
      0.04288333333333333,
      0.03395,
      0.03351666666666667,
      0.03178333333333334,
      0.02324,
      0.03054,
      0.030166666666666665,
      0.03574,
      0.030766666666666664,
      0.028266666666666666,
      0.03246,
      0.0461,
      0.0344,
      1.0,
      0.03384,
      0.023716666666666667,
      0.0197,
      0.028349999999999997,
      0.0328,
      0.03324,
      0.017866666666666666,
      0.01225,
      0.02273333333333333,
      0.030449999999999994,
      0.03646666666666667,
      0.03358333333333333,
      0.026825,
      0.044774999999999995,
      0.02551666666666667,
      0.03015,
      0.035075,
      0.03225,
      0.02575,
      0.006866666666666667,
      0.005900000000000001,
      0.004679999999999999,
      0.004183333333333333,
      0.0018000000000000002,
      0.0047,
      0.00572,
      0.006716666666666667
    ],
    [
      0.43494,
      0.33840000000000003,
      0.3673,
      0.281525,
      0.32874,
      0.03342,
      0.019020000000000002,
      0.01952,
      0.32746,
      0.00715,
      0.011949999999999999,
      0.0162,
      0.01975,
      0.44316000000000005,
      0.34006000000000003,
      0.44627999999999995,
      0.386,
      0.1374,
      0.03384,
      1.0,
      0.00888,
      0.01148,
      0.015619999999999998,
      0.01602,
      0.012375,
      0.0086,
      0.0056,
      0.01124,
      0.01272,
      0.0147,
      0.013739999999999999,
      0.014833333333333332,
      0.0201,
      0.01656,
      0.0163,
      0.015700000000000002,
      0.01626666666666667,
      0.019119999999999998,
      0.0061,
      0.007125,
      0.00545,
      0.004399999999999999,
      0.00502,
      0.0038,
      0.0024749999999999998,
      0.00738
    ],
    [
      0.0078000000000000005,
      0.0101,
      0.010083333333333333,
      0.015260000000000001,
      0.022533333333333336,
      0.022250000000000002,
      0.03653333333333333,
      0.021966666666666666,
      0.007666666666666668,
      0.03446,
      0.05112000000000001,
      0.057183333333333336,
      0.033299999999999996,
      0.007933333333333334,
      0.009466666666666665,
      0.007400000000000001,
      0.0131,
      0.02513333333333333,
      0.023716666666666667,
      0.00888,
      1.0,
      0.08605,
      0.03025,
      0.03485,
      0.0441,
      0.10403333333333335,
      0.095225,
      0.21461666666666665,
      0.20873333333333333,
      0.042300000000000004,
      0.04006666666666666,
      0.02045,
      0.03535,
      0.02363333333333333,
      0.022783333333333336,
      0.028675000000000003,
      0.029824999999999997,
      0.020566666666666667,
      0.00655,
      0.00654,
      0.00484,
      0.00335,
      0.00245,
      0.007550000000000001,
      0.0037399999999999994,
      0.0038666666666666663
    ],
    [
      0.009633333333333332,
      0.013466666666666667,
      0.014483333333333334,
      0.0194,
      0.012866666666666665,
      0.017833333333333333,
      0.017033333333333334,
      0.01808333333333333,
      0.010150000000000001,
      0.018160000000000003,
      0.02722,
      0.024000000000000004,
      0.01794,
      0.011433333333333332,
      0.013216666666666668,
      0.0106,
      0.0156,
      0.0291,
      0.0197,
      0.01148,
      0.08605,
      1.0,
      0.018983333333333335,
      0.020849999999999997,
      0.01808,
      0.08740000000000002,
      0.142,
      0.11366666666666668,
      0.08196666666666667,
      0.021183333333333332,
      0.01796666666666667,
      0.014224999999999998,
      0.027925,
      0.018033333333333332,
      0.020283333333333334,
      0.014525,
      0.01795,
      0.01545,
      0.009616666666666667,
      0.006959999999999999,
      0.00492,
      0.004366666666666666,
      0.003916666666666666,
      0.008016666666666667,
      0.00488,
      0.005083333333333333
    ],
    [
      0.013616666666666668,
      0.04571666666666666,
      0.01631666666666667,
      0.041159999999999995,
      0.06663333333333334,
      0.09925,
      0.10521666666666667,
      0.10844999999999999,
      0.0124,
      0.0184,
      0.01774,
      0.05035,
      0.039819999999999994,
      0.014249999999999999,
      0.044216666666666675,
      0.015739999999999997,
      0.0702,
      0.01,
      0.028349999999999997,
      0.015619999999999998,
      0.03025,
      0.018983333333333335,
      1.0,
      0.13986666666666667,
      0.13824,
      0.04115,
      0.049749999999999996,
      0.039233333333333335,
      0.03916666666666666,
      0.1073,
      0.10846666666666667,
      0.10364999999999999,
      0.1167,
      0.09249999999999999,
      0.08868333333333332,
      0.1313,
      0.136125,
      0.08714999999999999,
      0.012866666666666665,
      0.019119999999999998,
      0.01998,
      0.0168,
      0.022949999999999998,
      0.008566666666666665,
      0.00958,
      0.018966666666666666
    ],
    [
      0.015933333333333334,
      0.036566666666666664,
      0.01601666666666667,
      0.039779999999999996,
      0.07143333333333333,
      0.08473333333333334,
      0.11678333333333334,
      0.0922,
      0.01233333333333333,
      0.0223,
      0.025,
      0.07511666666666665,
      0.04596,
      0.015466666666666665,
      0.035633333333333336,
      0.015539999999999998,
      0.0575,
      0.013333333333333334,
      0.0328,
      0.01602,
      0.03485,
      0.020849999999999997,
      0.13986666666666667,
      1.0,
      0.23508,
      0.026966666666666667,
      0.030025000000000003,
      0.04203333333333333,
      0.039266666666666665,
      0.09566666666666668,
      0.09511666666666668,
      0.103425,
      0.11284999999999998,
      0.08515,
      0.08035,
      0.11804999999999999,
      0.21714999999999998,
      0.08343333333333332,
      0.011833333333333335,
      0.01598,
      0.01464,
      0.012633333333333331,
      0.0157,
      0.009166666666666667,
      0.01012,
      0.02078333333333333
    ],
    [
      0.01198,
      0.033359999999999994,
      0.0128,
      0.032075,
      0.06573999999999999,
      0.09968,
      0.11746000000000001,
      0.11195999999999999,
      0.00786,
      0.0291,
      0.029025000000000002,
      0.07232000000000001,
      0.058475,
      0.011479999999999999,
      0.03474,
      0.01195,
      0.0512,
      0.0131,
      0.03324,
      0.012375,
      0.0441,
      0.01808,
      0.13824,
      0.23508,
      1.0,
      0.030179999999999995,
      0.03785,
      0.055959999999999996,
      0.05295999999999999,
      0.1216,
      0.13021999999999997,
      0.09697499999999999,
      0.1213,
      0.08422,
      0.08937999999999999,
      0.11352500000000001,
      0.188775,
      0.11608,
      0.01018,
      0.015775,
      0.014249999999999999,
      0.01202,
      0.01228,
      0.0054199999999999995,
      0.006450000000000001,
      0.020319999999999998
    ],
    [
      0.008566666666666667,
      0.008783333333333332,
      0.011383333333333334,
      0.0157,
      0.01356666666666667,
      0.009116666666666667,
      0.017583333333333333,
      0.008533333333333335,
      0.007633333333333335,
      0.018039999999999997,
      0.030679999999999995,
      0.023033333333333333,
      0.016260000000000004,
      0.00925,
      0.00905,
      0.00958,
      0.0051,
      0.023133333333333336,
      0.017866666666666666,
      0.0086,
      0.10403333333333335,
      0.08740000000000002,
      0.04115,
      0.026966666666666667,
      0.030179999999999995,
      1.0,
      0.2314,
      0.10001666666666666,
      0.08215,
      0.01565,
      0.015150000000000002,
      0.01075,
      0.024800000000000003,
      0.015216666666666668,
      0.01445,
      0.01715,
      0.0194,
      0.013716666666666667,
      0.008433333333333333,
      0.004919999999999999,
      0.00416,
      0.0027833333333333334,
      0.001983333333333333,
      0.0073,
      0.00364,
      0.0017666666666666666
    ],
    [
      0.0041,
      0.008400000000000001,
      0.0042,
      0.010866666666666669,
      0.014499999999999999,
      0.01675,
      0.0238,
      0.01675,
      0.0049250000000000006,
      0.016566666666666667,
      0.02626666666666667,
      0.026924999999999998,
      0.013866666666666666,
      0.004425,
      0.009049999999999999,
      0.005175,
      0.0047,
      0.025833333333333333,
      0.01225,
      0.0056,
      0.095225,
      0.142,
      0.049749999999999996,
      0.030025000000000003,
      0.03785,
      0.2314,
      1.0,
      0.1326,
      0.08415,
      0.025975,
      0.025125,
      0.015633333333333332,
      0.02313333333333333,
      0.0167,
      0.014700000000000001,
      0.018166666666666664,
      0.023799999999999998,
      0.01565,
      0.007125,
      0.007200000000000001,
      0.0057,
      0.0045,
      0.004824999999999999,
      0.0082,
      0.0031,
      0.00485
    ],
    [
      0.008783333333333332,
      0.014983333333333333,
      0.012433333333333333,
      0.0209,
      0.024316666666666667,
      0.03596666666666667,
      0.0367,
      0.037033333333333335,
      0.0094,
      0.029580000000000006,
      0.04642,
      0.0446,
      0.031979999999999995,
      0.010533333333333334,
      0.014883333333333333,
      0.00976,
      0.0161,
      0.027633333333333333,
      0.02273333333333333,
      0.01124,
      0.21461666666666665,
      0.11366666666666668,
      0.039233333333333335,
      0.04203333333333333,
      0.055959999999999996,
      0.10001666666666666,
      0.1326,
      1.0,
      0.17671666666666666,
      0.05421666666666666,
      0.05233333333333332,
      0.026749999999999996,
      0.038400000000000004,
      0.027883333333333333,
      0.029266666666666663,
      0.030100000000000002,
      0.037349999999999994,
      0.028466666666666664,
      0.0094,
      0.009579999999999998,
      0.00674,
      0.006183333333333332,
      0.00495,
      0.00755,
      0.00432,
      0.0076
    ],
    [
      0.01005,
      0.017249999999999998,
      0.01355,
      0.022860000000000002,
      0.03918333333333333,
      0.06506666666666666,
      0.059666666666666666,
      0.06743333333333333,
      0.010133333333333333,
      0.0352,
      0.04754,
      0.04556666666666667,
      0.04476,
      0.011266666666666666,
      0.017700000000000004,
      0.01184,
      0.0216,
      0.028766666666666666,
      0.030449999999999994,
      0.01272,
      0.20873333333333333,
      0.08196666666666667,
      0.03916666666666666,
      0.039266666666666665,
      0.05295999999999999,
      0.08215,
      0.08415,
      0.17671666666666666,
      1.0,
      0.08361666666666667,
      0.07676666666666666,
      0.034825,
      0.044149999999999995,
      0.03543333333333334,
      0.035833333333333335,
      0.032475000000000004,
      0.035824999999999996,
      0.038049999999999994,
      0.012033333333333333,
      0.00918,
      0.0078,
      0.005899999999999999,
      0.005483333333333333,
      0.008016666666666667,
      0.00494,
      0.00735
    ],
    [
      0.014699999999999998,
      0.06953333333333334,
      0.01593333333333333,
      0.04764,
      0.15058333333333332,
      0.3443333333333333,
      0.23836666666666664,
      0.3495166666666667,
      0.013416666666666667,
      0.12358,
      0.09178,
      0.0816,
      0.16116000000000003,
      0.016416666666666666,
      0.0659,
      0.01492,
      0.0761,
      0.011566666666666664,
      0.03646666666666667,
      0.0147,
      0.042300000000000004,
      0.021183333333333332,
      0.1073,
      0.09566666666666668,
      0.1216,
      0.01565,
      0.025975,
      0.05421666666666666,
      0.08361666666666667,
      1.0,
      0.5579333333333334,
      0.108375,
      0.1182,
      0.0983,
      0.10504999999999999,
      0.09672499999999999,
      0.12262499999999998,
      0.09815000000000002,
      0.013416666666666665,
      0.0099,
      0.00948,
      0.00795,
      0.01405,
      0.004633333333333334,
      0.00414,
      0.02861666666666667
    ],
    [
      0.013266666666666668,
      0.07131666666666665,
      0.013866666666666666,
      0.04256,
      0.14968333333333336,
      0.3560833333333333,
      0.24326666666666666,
      0.3703,
      0.011316666666666668,
      0.09256,
      0.07414,
      0.0772,
      0.13040000000000002,
      0.01525,
      0.06531666666666665,
      0.013120000000000001,
      0.0782,
      0.008666666666666668,
      0.03358333333333333,
      0.013739999999999999,
      0.04006666666666666,
      0.01796666666666667,
      0.10846666666666667,
      0.09511666666666668,
      0.13021999999999997,
      0.015150000000000002,
      0.025125,
      0.05233333333333332,
      0.07676666666666666,
      0.5579333333333334,
      1.0,
      0.11217500000000001,
      0.12322499999999999,
      0.10218333333333335,
      0.10058333333333334,
      0.100775,
      0.1263,
      0.10606666666666668,
      0.010766666666666666,
      0.00892,
      0.01024,
      0.009233333333333335,
      0.017083333333333332,
      0.0037,
      0.0037400000000000003,
      0.03038333333333333
    ],
    [
      0.01745,
      0.039474999999999996,
      0.015349999999999999,
      0.0351,
      0.06895000000000001,
      0.111875,
      0.110225,
      0.122875,
      0.011425,
      0.01525,
      0.0147,
      0.043225,
      0.0503,
      0.016225,
      0.0406,
      0.016133333333333333,
      0.0512,
      0.00975,
      0.026825,
      0.014833333333333332,
      0.02045,
      0.014224999999999998,
      0.10364999999999999,
      0.103425,
      0.09697499999999999,
      0.01075,
      0.015633333333333332,
      0.026749999999999996,
      0.034825,
      0.108375,
      0.11217500000000001,
      1.0,
      0.13110000000000002,
      0.11215,
      0.11955,
      0.1032,
      0.11552499999999999,
      0.099075,
      0.011699999999999999,
      0.018825,
      0.02015,
      0.0214,
      0.02345,
      0.0066500000000000005,
      0.018566666666666665,
      0.033625
    ],
    [
      0.019975,
      0.055225,
      0.02215,
      0.043625,
      0.07327499999999999,
      0.11685,
      0.10200000000000001,
      0.125525,
      0.019725,
      0.02565,
      0.030775000000000004,
      0.05345,
      0.0527,
      0.019875,
      0.05275,
      0.0187,
      0.0617,
      0.01295,
      0.044774999999999995,
      0.0201,
      0.03535,
      0.027925,
      0.1167,
      0.11284999999999998,
      0.1213,
      0.024800000000000003,
      0.02313333333333333,
      0.038400000000000004,
      0.044149999999999995,
      0.1182,
      0.12322499999999999,
      0.13110000000000002,
      1.0,
      0.14300000000000002,
      0.15745,
      0.13856666666666667,
      0.14193333333333333,
      0.135,
      0.01075,
      0.0175,
      0.0176,
      0.02025,
      0.01925,
      0.005825,
      0.019566666666666666,
      0.04395
    ],
    [
      0.013966666666666667,
      0.04086666666666666,
      0.01626666666666667,
      0.03528,
      0.05293333333333333,
      0.09361666666666667,
      0.08341666666666665,
      0.10026666666666667,
      0.013749999999999998,
      0.01492,
      0.01792,
      0.037,
      0.03978,
      0.015683333333333334,
      0.038783333333333336,
      0.018219999999999997,
      0.0655,
      0.0092,
      0.02551666666666667,
      0.01656,
      0.02363333333333333,
      0.018033333333333332,
      0.09249999999999999,
      0.08515,
      0.08422,
      0.015216666666666668,
      0.0167,
      0.027883333333333333,
      0.03543333333333334,
      0.0983,
      0.10218333333333335,
      0.11215,
      0.14300000000000002,
      1.0,
      0.11626666666666667,
      0.08804999999999999,
      0.096025,
      0.10443333333333334,
      0.011316666666666668,
      0.02456,
      0.023280000000000002,
      0.02198333333333333,
      0.017699999999999997,
      0.00645,
      0.022920000000000003,
      0.03386666666666666
    ],
    [
      0.014683333333333333,
      0.04505,
      0.016216666666666667,
      0.0408,
      0.05128333333333333,
      0.10701666666666665,
      0.07873333333333334,
      0.11471666666666668,
      0.013333333333333334,
      0.014520000000000002,
      0.018340000000000002,
      0.0365,
      0.038900000000000004,
      0.018033333333333335,
      0.0462,
      0.01766,
      0.0554,
      0.012733333333333333,
      0.03015,
      0.0163,
      0.022783333333333336,
      0.020283333333333334,
      0.08868333333333332,
      0.08035,
      0.08937999999999999,
      0.01445,
      0.014700000000000001,
      0.029266666666666663,
      0.035833333333333335,
      0.10504999999999999,
      0.10058333333333334,
      0.11955,
      0.15745,
      0.11626666666666667,
      1.0,
      0.10145,
      0.102575,
      0.13749999999999998,
      0.010150000000000001,
      0.01886,
      0.018699999999999998,
      0.019783333333333333,
      0.01933333333333333,
      0.006666666666666665,
      0.02138,
      0.032216666666666664
    ],
    [
      0.0125,
      0.057324999999999994,
      0.01605,
      0.0407,
      0.0809,
      0.0993,
      0.11795,
      0.1013,
      0.0121,
      0.020149999999999998,
      0.019950000000000002,
      0.069675,
      0.045225,
      0.014450000000000001,
      0.05205,
      0.015700000000000002,
      0.06,
      0.01125,
      0.035075,
      0.015700000000000002,
      0.028675000000000003,
      0.014525,
      0.1313,
      0.11804999999999999,
      0.11352500000000001,
      0.01715,
      0.018166666666666664,
      0.030100000000000002,
      0.032475000000000004,
      0.09672499999999999,
      0.100775,
      0.1032,
      0.13856666666666667,
      0.08804999999999999,
      0.10145,
      1.0,
      0.160025,
      0.105125,
      0.012775,
      0.018625,
      0.018025,
      0.01815,
      0.026949999999999998,
      0.01075,
      0.0105,
      0.01835
    ],
    [
      0.014475000000000002,
      0.049100000000000005,
      0.013474999999999997,
      0.041025,
      0.07975000000000002,
      0.106375,
      0.128325,
      0.120725,
      0.013425,
      0.02625,
      0.022325,
      0.07825,
      0.055799999999999995,
      0.0157,
      0.045200000000000004,
      0.015566666666666666,
      0.0643,
      0.01355,
      0.03225,
      0.01626666666666667,
      0.029824999999999997,
      0.01795,
      0.136125,
      0.21714999999999998,
      0.188775,
      0.0194,
      0.023799999999999998,
      0.037349999999999994,
      0.035824999999999996,
      0.12262499999999998,
      0.1263,
      0.11552499999999999,
      0.14193333333333333,
      0.096025,
      0.102575,
      0.160025,
      1.0,
      0.095575,
      0.01225,
      0.0181,
      0.019200000000000002,
      0.019524999999999997,
      0.021575,
      0.010374999999999999,
      0.009733333333333335,
      0.02495
    ],
    [
      0.01726666666666667,
      0.050816666666666656,
      0.017766666666666667,
      0.04347999999999999,
      0.05780000000000001,
      0.10848333333333332,
      0.08636666666666666,
      0.11606666666666667,
      0.015266666666666666,
      0.0126,
      0.01744,
      0.03598333333333334,
      0.035480000000000005,
      0.01905,
      0.04886666666666667,
      0.018719999999999997,
      0.0605,
      0.0105,
      0.02575,
      0.019119999999999998,
      0.020566666666666667,
      0.01545,
      0.08714999999999999,
      0.08343333333333332,
      0.11608,
      0.013716666666666667,
      0.01565,
      0.028466666666666664,
      0.038049999999999994,
      0.09815000000000002,
      0.10606666666666668,
      0.099075,
      0.135,
      0.10443333333333334,
      0.13749999999999998,
      0.105125,
      0.095575,
      1.0,
      0.011316666666666668,
      0.01962,
      0.017419999999999998,
      0.015516666666666666,
      0.019183333333333333,
      0.0073,
      0.016300000000000002,
      0.023466666666666663
    ],
    [
      0.004366666666666666,
      0.0081,
      0.005966666666666666,
      0.009000000000000001,
      0.006383333333333334,
      0.008166666666666666,
      0.0082,
      0.010416666666666666,
      0.008366666666666666,
      0.0027,
      0.0035199999999999997,
      0.008616666666666667,
      0.00648,
      0.005166666666666667,
      0.007383333333333333,
      0.00524,
      0.0034,
      0.0045,
      0.006866666666666667,
      0.0061,
      0.00655,
