{
  "sign": "positive",
  "percentage": 5.0,
  "component": "neurons",
  "models": [
    "mistralai_Mistral-Small-24B-Instruct-2501"
  ],
  "tasks": [
    "MD/add_sub_2op_symbolic",
    "MD/add_sub_2op_verbal",
    "MD/add_sub_3op_symbolic",
    "MD/add_sub_3op_verbal",
    "MD/code_A",
    "MD/code_B",
    "MD/code_conditional",
    "MD/code_list",
    "MD/code_loop",
    "MD/logic_propositional_1",
    "MD/logic_propositional_symbolic",
    "MD/logic_syllogism_1",
    "MD/logic_syllogism_symbolic",
    "MD/mul_div_2op_symbolic",
    "MD/mul_div_2op_verbal",
    "MD/number_sorting",
    "ToM/agent",
    "ToM/desires_goals",
    "ToM/emotion_fewshot",
    "ToM/norm_appropriate",
    "ToM/norm_moral",
    "ToM/primary_emotions",
    "ToM/social_interactions",
    "ToM/social_relations",
    "phys/phys_newton",
    "phys/phys_prost",
    "phys/physics_brightness",
    "phys/physics_elasticity",
    "phys/physics_solubility",
    "phys/physics_speed",
    "phys/physics_stability",
    "phys/physics_temperature",
    "Lan/anaphor_gender_agreement",
    "Lan/det_noun_agreement_irregular",
    "Lan/det_noun_agreement_regular",
    "Lan/det_noun_agreement_with_adjective",
    "Lan/hypernymy",
    "Lan/npi",
    "Lan/subject_verb_agreement",
    "Lan/wug"
  ],
  "avg_overlap_matrix": [
    [
      0.0,
      0.033328,
      0.04233,
      0.028407,
      0.029248,
      0.023653,
      0.023203,
      0.023439,
      0.03542,
      0.017942,
      0.02034,
      0.024067,
      0.020315,
      0.069197,
      0.029903,
      0.027638,
      0.01924,
      0.019801,
      0.026201,
      0.024218,
      0.024594,
      0.020298,
      0.020431,
      0.020769,
      0.017456,
      0.019262,
      0.027642,
      0.027701,
      0.02579,
      0.026746,
      0.025162,
      0.027208,
      0.02505,
      0.021245,
      0.020719,
      0.019744,
      0.022802,
      0.022553,
      0.023282,
      0.023656
    ],
    [
      0.033328,
      0.0,
      0.033552,
      0.049844,
      0.026192,
      0.02466,
      0.023904,
      0.024529,
      0.029037,
      0.0219,
      0.023738,
      0.02538,
      0.022535,
      0.033264,
      0.050284,
      0.025998,
      0.021638,
      0.022544,
      0.025207,
      0.023643,
      0.023734,
      0.021762,
      0.022164,
      0.022171,
      0.023123,
      0.023784,
      0.024962,
      0.025649,
      0.025051,
      0.025505,
      0.024108,
      0.026492,
      0.023314,
      0.0193,
      0.019182,
      0.018589,
      0.022215,
      0.02208,
      0.021771,
      0.023868
    ],
    [
      0.04233,
      0.033552,
      0.0,
      0.035404,
      0.026758,
      0.021732,
      0.021586,
      0.020707,
      0.03675,
      0.026407,
      0.028335,
      0.026568,
      0.02705,
      0.043764,
      0.032756,
      0.029922,
      0.025268,
      0.028379,
      0.022133,
      0.022187,
      0.022584,
      0.028028,
      0.025939,
      0.025779,
      0.021717,
      0.020791,
      0.02369,
      0.022729,
      0.022961,
      0.022819,
      0.022464,
      0.022812,
      0.023187,
      0.018655,
      0.018996,
      0.018486,
      0.020936,
      0.02439,
      0.021478,
      0.019971
    ],
    [
      0.028407,
      0.049844,
      0.035404,
      0.0,
      0.024453,
      0.021109,
      0.021083,
      0.020148,
      0.031293,
      0.028752,
      0.031234,
      0.026557,
      0.029157,
      0.027113,
      0.045707,
      0.028241,
      0.025389,
      0.030977,
      0.021949,
      0.022445,
      0.022622,
      0.028182,
      0.026498,
      0.02624,
      0.025079,
      0.023633,
      0.02272,
      0.022101,
      0.023265,
      0.023178,
      0.022247,
      0.022904,
      0.022821,
      0.017939,
      0.018202,
      0.017555,
      0.020086,
      0.024247,
      0.021157,
      0.020061
    ],
    [
      0.029248,
      0.026192,
      0.026758,
      0.024453,
      0.0,
      0.0339,
      0.075452,
      0.031551,
      0.065271,
      0.0207,
      0.017979,
      0.030988,
      0.02185,
      0.027596,
      0.025268,
      0.024225,
      0.018867,
      0.019083,
      0.023379,
      0.022523,
      0.023523,
      0.021478,
      0.020434,
      0.020201,
      0.0243,
      0.025352,
      0.02369,
      0.023493,
      0.022818,
      0.023945,
      0.023575,
      0.023023,
      0.021378,
      0.018017,
      0.017914,
      0.017642,
      0.020253,
      0.02025,
      0.02033,
      0.0231
    ],
    [
      0.023653,
      0.02466,
      0.021732,
      0.021109,
      0.0339,
      0.0,
      0.040922,
      0.074915,
      0.023369,
      0.021628,
      0.018815,
      0.025153,
      0.022867,
      0.023311,
      0.023841,
      0.023606,
      0.019733,
      0.018505,
      0.024675,
      0.022887,
      0.023499,
      0.019561,
      0.020862,
      0.021733,
      0.03363,
      0.035895,
      0.025865,
      0.025942,
      0.024847,
      0.023435,
      0.024069,
      0.024991,
      0.022645,
      0.020674,
      0.020831,
      0.021915,
      0.026614,
      0.020548,
      0.022999,
      0.030162
    ],
    [
      0.023203,
      0.023904,
      0.021586,
      0.021083,
      0.075452,
      0.040922,
      0.0,
      0.039469,
      0.023243,
      0.021314,
      0.018431,
      0.033127,
      0.022081,
      0.022766,
      0.02264,
      0.022991,
      0.019395,
      0.01797,
      0.026651,
      0.024975,
      0.025661,
      0.019643,
      0.020611,
      0.02027,
      0.027882,
      0.029855,
      0.026517,
      0.026706,
      0.024542,
      0.025548,
      0.026034,
      0.025505,
      0.022669,
      0.020379,
      0.019839,
      0.020466,
      0.024402,
      0.021569,
      0.022545,
      0.028157
    ],
    [
      0.023439,
      0.024529,
      0.020707,
      0.020148,
      0.031551,
      0.074915,
      0.039469,
      0.0,
      0.021017,
      0.020003,
      0.017618,
      0.024271,
      0.021587,
      0.023569,
      0.023529,
      0.022798,
      0.018601,
      0.017057,
      0.026576,
      0.023998,
      0.024796,
      0.017942,
      0.019941,
      0.02086,
      0.032379,
      0.036132,
      0.027164,
      0.028016,
      0.0266,
      0.025025,
      0.025512,
      0.027328,
      0.024019,
      0.021831,
      0.02139,
      0.022548,
      0.028207,
      0.020214,
      0.023817,
      0.030897
    ],
    [
      0.03542,
      0.029037,
      0.03675,
      0.031293,
      0.065271,
      0.023369,
      0.023243,
      0.021017,
      0.0,
      0.020408,
      0.020795,
      0.029067,
      0.022424,
      0.033677,
      0.030033,
      0.029731,
      0.020902,
      0.026579,
      0.023518,
      0.022363,
      0.024054,
      0.029768,
      0.022398,
      0.023399,
      0.015366,
      0.016973,
      0.026314,
      0.023981,
      0.024096,
      0.024494,
      0.024191,
      0.025338,
      0.025326,
      0.020537,
      0.02036,
      0.018733,
      0.022829,
      0.023799,
      0.022694,
      0.020453
    ],
    [
      0.017942,
      0.0219,
      0.026407,
      0.028752,
      0.0207,
      0.021628,
      0.021314,
      0.020003,
      0.020408,
      0.0,
      0.053128,
      0.02979,
      0.080811,
      0.016223,
      0.024478,
      0.029539,
      0.037794,
      0.043072,
      0.013379,
      0.019105,
      0.016862,
      0.036466,
      0.036417,
      0.035004,
      0.051886,
      0.039708,
      0.011851,
      0.011368,
      0.01502,
      0.014686,
      0.015649,
      0.011807,
      0.019558,
      0.01467,
      0.016317,
      0.019459,
      0.018192,
      0.032005,
      0.01858,
      0.01812
    ],
    [
      0.02034,
      0.023738,
      0.028335,
      0.031234,
      0.017979,
      0.018815,
      0.018431,
      0.017618,
      0.020795,
      0.053128,
      0.0,
      0.027911,
      0.050232,
      0.018937,
      0.026904,
      0.030364,
      0.040495,
      0.043485,
      0.017671,
      0.021454,
      0.020707,
      0.036579,
      0.039395,
      0.03513,
      0.036681,
      0.030916,
      0.016657,
      0.015901,
      0.019829,
      0.018957,
      0.019223,
      0.016948,
      0.02123,
      0.016562,
      0.017194,
      0.019595,
      0.018983,
      0.031154,
      0.021322,
      0.01917
    ],
    [
      0.024067,
      0.02538,
      0.026568,
      0.026557,
      0.030988,
      0.025153,
      0.033127,
      0.024271,
      0.029067,
      0.02979,
      0.027911,
      0.0,
      0.02897,
      0.023599,
      0.025119,
      0.02771,
      0.028816,
      0.027894,
      0.024026,
      0.025363,
      0.025653,
      0.028939,
      0.028366,
      0.027836,
      0.027582,
      0.028069,
      0.024036,
      0.023664,
      0.023701,
      0.024971,
      0.024971,
      0.022627,
      0.022863,
      0.019405,
      0.019704,
      0.019547,
      0.022252,
      0.026572,
      0.021782,
      0.023085
    ],
    [
      0.020315,
      0.022535,
      0.02705,
      0.029157,
      0.02185,
      0.022867,
      0.022081,
      0.021587,
      0.022424,
      0.080811,
      0.050232,
      0.02897,
      0.0,
      0.018255,
      0.025181,
      0.029736,
      0.033648,
      0.037018,
      0.015546,
      0.01942,
      0.018487,
      0.032797,
      0.033585,
      0.031862,
      0.047012,
      0.036844,
      0.015495,
      0.014586,
      0.016884,
      0.017346,
      0.017393,
      0.015055,
      0.019852,
      0.015041,
      0.01624,
      0.01789,
      0.018586,
      0.028416,
      0.019227,
      0.01872
    ],
    [
      0.069197,
      0.033264,
      0.043764,
      0.027113,
      0.027596,
      0.023311,
      0.022766,
      0.023569,
      0.033677,
      0.016223,
      0.018937,
      0.023599,
      0.018255,
      0.0,
      0.033607,
      0.026882,
      0.018486,
      0.019121,
      0.026738,
      0.02478,
      0.024882,
      0.01952,
      0.019723,
      0.020351,
      0.017009,
      0.018316,
      0.028111,
      0.028598,
      0.027039,
      0.027025,
      0.025433,
      0.028744,
      0.025881,
      0.021929,
      0.02101,
      0.020327,
      0.024374,
      0.022253,
      0.024009,
      0.024581
    ],
    [
      0.029903,
      0.050284,
      0.032756,
      0.045707,
      0.025268,
      0.023841,
      0.02264,
      0.023529,
      0.030033,
      0.024478,
      0.026904,
      0.025119,
      0.025181,
      0.033607,
      0.0,
      0.026503,
      0.023627,
      0.026283,
      0.023875,
      0.022962,
      0.023438,
      0.024418,
      0.02427,
      0.023557,
      0.024614,
      0.023654,
      0.024045,
      0.024438,
      0.024336,
      0.024223,
      0.022877,
      0.024641,
      0.022585,
      0.019077,
      0.019362,
      0.018268,
      0.02164,
      0.023212,
      0.021701,
      0.023146
    ],
    [
      0.027638,
      0.025998,
      0.029922,
      0.028241,
      0.024225,
      0.023606,
      0.022991,
      0.022798,
      0.029731,
      0.029539,
      0.030364,
      0.02771,
      0.029736,
      0.026882,
      0.026503,
      0.0,
      0.027205,
      0.029099,
      0.023889,
      0.024723,
      0.024108,
      0.028408,
      0.026819,
      0.026746,
      0.024666,
      0.024058,
      0.025026,
      0.023857,
      0.023894,
      0.024936,
      0.02417,
      0.02427,
      0.025572,
      0.020896,
      0.020958,
      0.021117,
      0.023774,
      0.027618,
      0.024805,
      0.023503
    ],
    [
      0.01924,
      0.021638,
      0.025268,
      0.025389,
      0.018867,
      0.019733,
      0.019395,
      0.018601,
      0.020902,
      0.037794,
      0.040495,
      0.028816,
      0.033648,
      0.018486,
      0.023627,
      0.027205,
      0.0,
      0.043005,
      0.018198,
      0.022468,
      0.022051,
      0.043962,
      0.057687,
      0.06803,
      0.030188,
      0.027306,
      0.017877,
      0.016742,
      0.019424,
      0.01998,
      0.019518,
      0.01673,
      0.019999,
      0.016988,
      0.017932,
      0.019001,
      0.018108,
      0.028343,
      0.019482,
      0.017876
    ],
    [
      0.019801,
      0.022544,
      0.028379,
      0.030977,
      0.019083,
      0.018505,
      0.01797,
      0.017057,
      0.026579,
      0.043072,
      0.043485,
      0.027894,
      0.037018,
      0.019121,
      0.026283,
      0.029099,
      0.043005,
      0.0,
      0.017847,
      0.021303,
      0.020944,
      0.055871,
      0.042249,
      0.038596,
      0.030286,
      0.02688,
      0.017712,
      0.01571,
      0.019783,
      0.01937,
      0.019039,
      0.016667,
      0.022581,
      0.017201,
      0.018139,
      0.019862,
      0.019688,
      0.030909,
      0.021773,
      0.017717
    ],
    [
      0.026201,
      0.025207,
      0.022133,
      0.021949,
      0.023379,
      0.024675,
      0.026651,
      0.026576,
      0.023518,
      0.013379,
      0.017671,
      0.024026,
      0.015546,
      0.026738,
      0.023875,
      0.023889,
      0.018198,
      0.017847,
      0.0,
      0.038657,
      0.03711,
      0.022429,
      0.019806,
      0.020226,
      0.018888,
      0.021705,
      0.035829,
      0.036169,
      0.034431,
      0.03784,
      0.037355,
      0.035645,
      0.02727,
      0.023605,
      0.022404,
      0.022771,
      0.029355,
      0.02209,
      0.026561,
      0.028395
    ],
    [
      0.024218,
      0.023643,
      0.022187,
      0.022445,
      0.022523,
      0.022887,
      0.024975,
      0.023998,
      0.022363,
      0.019105,
      0.021454,
      0.025363,
      0.01942,
      0.02478,
      0.022962,
      0.024723,
      0.022468,
      0.021303,
      0.038657,
      0.0,
      0.045134,
      0.024042,
      0.024241,
      0.02276,
      0.021255,
      0.022236,
      0.030858,
      0.031034,
      0.030851,
      0.033225,
      0.044277,
      0.030729,
      0.024661,
      0.022145,
      0.021348,
      0.021227,
      0.024691,
      0.024014,
      0.025621,
      0.026178
    ],
    [
      0.024594,
      0.023734,
      0.022584,
      0.022622,
      0.023523,
      0.023499,
      0.025661,
      0.024796,
      0.024054,
      0.016862,
      0.020707,
      0.025653,
      0.018487,
      0.024882,
      0.023438,
      0.024108,
      0.022051,
      0.020944,
      0.03711,
      0.045134,
      0.0,
      0.023934,
      0.024191,
      0.021937,
      0.020336,
      0.021715,
      0.032123,
      0.033009,
      0.032629,
      0.034345,
      0.040508,
      0.034139,
      0.025097,
      0.021429,
      0.02079,
      0.020738,
      0.026216,
      0.022256,
      0.024372,
      0.02579
    ],
    [
      0.020298,
      0.021762,
      0.028028,
      0.028182,
      0.021478,
      0.019561,
      0.019643,
      0.017942,
      0.029768,
      0.036466,
      0.036579,
      0.028939,
      0.032797,
      0.01952,
      0.024418,
      0.028408,
      0.043962,
      0.055871,
      0.022429,
      0.024042,
      0.023934,
      0.0,
      0.041507,
      0.038994,
      0.02692,
      0.024868,
      0.019572,
      0.018438,
      0.02068,
      0.020852,
      0.021176,
      0.018038,
      0.022243,
      0.017791,
      0.018294,
      0.019659,
      0.020006,
      0.028453,
      0.020359,
      0.018122
    ],
    [
      0.020431,
      0.022164,
      0.025939,
      0.026498,
      0.020434,
      0.020862,
      0.020611,
      0.019941,
      0.022398,
      0.036417,
      0.039395,
      0.028366,
      0.033585,
      0.019723,
      0.02427,
      0.026819,
      0.057687,
      0.042249,
      0.019806,
      0.024241,
      0.024191,
      0.041507,
      0.0,
      0.042485,
      0.029944,
      0.027679,
      0.019423,
      0.018583,
      0.021059,
      0.020612,
      0.02156,
      0.018536,
      0.020807,
      0.017843,
      0.01839,
      0.019338,
      0.01876,
      0.027978,
      0.020623,
      0.018846
    ],
    [
      0.020769,
      0.022171,
      0.025779,
      0.02624,
      0.020201,
      0.021733,
      0.02027,
      0.02086,
      0.023399,
      0.035004,
      0.03513,
      0.027836,
      0.031862,
      0.020351,
      0.023557,
      0.026746,
      0.06803,
      0.038596,
      0.020226,
      0.02276,
      0.021937,
      0.038994,
      0.042485,
      0.0,
      0.029149,
      0.026604,
      0.020577,
      0.019218,
      0.020576,
      0.021238,
      0.02064,
      0.019424,
      0.021981,
      0.018571,
      0.019191,
      0.019789,
      0.019631,
      0.027951,
      0.020713,
      0.019806
    ],
    [
      0.017456,
      0.023123,
      0.021717,
      0.025079,
      0.0243,
      0.03363,
      0.027882,
      0.032379,
      0.015366,
      0.051886,
      0.036681,
      0.027582,
      0.047012,
      0.017009,
      0.024614,
      0.024666,
      0.030188,
      0.030286,
      0.018888,
      0.021255,
      0.020336,
      0.02692,
      0.029944,
      0.029149,
      0.0,
      0.074476,
      0.017709,
      0.017929,
      0.019633,
      0.018779,
      0.019854,
      0.017752,
      0.019158,
      0.015256,
      0.016054,
      0.018704,
      0.022153,
      0.02374,
      0.018184,
      0.023273
    ],
    [
      0.019262,
      0.023784,
      0.020791,
      0.023633,
      0.025352,
      0.035895,
      0.029855,
      0.036132,
      0.016973,
      0.039708,
      0.030916,
      0.028069,
      0.036844,
      0.018316,
      0.023654,
      0.024058,
      0.027306,
      0.02688,
      0.021705,
      0.022236,
      0.021715,
      0.024868,
      0.027679,
      0.026604,
      0.074476,
      0.0,
      0.021069,
      0.0216,
      0.021696,
      0.021355,
      0.022219,
      0.020917,
      0.019979,
      0.016834,
      0.017294,
      0.019731,
      0.024909,
      0.021935,
      0.018806,
      0.024945
    ],
    [
      0.027642,
      0.024962,
      0.02369,
      0.02272,
      0.02369,
      0.025865,
      0.026517,
      0.027164,
      0.026314,
      0.011851,
      0.016657,
      0.024036,
      0.015495,
      0.028111,
      0.024045,
      0.025026,
      0.017877,
      0.017712,
      0.035829,
      0.030858,
      0.032123,
      0.019572,
      0.019423,
      0.020577,
      0.017709,
      0.021069,
      0.0,
      0.038609,
      0.036587,
      0.036824,
      0.033772,
      0.037994,
      0.028133,
      0.024838,
      0.023571,
      0.023173,
      0.03048,
      0.022129,
      0.027526,
      0.02983
    ],
    [
      0.027701,
      0.025649,
      0.022729,
      0.022101,
      0.023493,
      0.025942,
      0.026706,
      0.028016,
      0.023981,
      0.011368,
      0.015901,
      0.023664,
      0.014586,
      0.028598,
      0.024438,
      0.023857,
      0.016742,
      0.01571,
      0.036169,
      0.031034,
      0.033009,
      0.018438,
      0.018583,
      0.019218,
      0.017929,
      0.0216,
      0.038609,
      0.0,
      0.036845,
      0.036438,
      0.035805,
      0.040178,
      0.0284,
      0.025796,
      0.024721,
      0.023629,
      0.030452,
      0.022089,
      0.02856,
      0.031313
    ],
    [
      0.02579,
      0.025051,
      0.022961,
      0.023265,
      0.022818,
      0.024847,
      0.024542,
      0.0266,
      0.024096,
      0.01502,
      0.019829,
      0.023701,
      0.016884,
      0.027039,
      0.024336,
      0.023894,
      0.019424,
      0.019783,
      0.034431,
      0.030851,
      0.032629,
      0.02068,
      0.021059,
      0.020576,
      0.019633,
      0.021696,
      0.036587,
      0.036845,
      0.0,
      0.037463,
      0.03308,
      0.042612,
      0.026319,
      0.023729,
      0.022594,
      0.022244,
      0.028439,
      0.022759,
      0.027261,
      0.028633
    ],
    [
      0.026746,
      0.025505,
      0.022819,
      0.023178,
      0.023945,
      0.023435,
      0.025548,
      0.025025,
      0.024494,
      0.014686,
      0.018957,
      0.024971,
      0.017346,
      0.027025,
      0.024223,
      0.024936,
      0.01998,
      0.01937,
      0.03784,
      0.033225,
      0.034345,
      0.020852,
      0.020612,
      0.021238,
      0.018779,
      0.021355,
      0.036824,
      0.036438,
      0.037463,
      0.0,
      0.037488,
      0.036801,
      0.026534,
      0.022769,
      0.021889,
      0.021104,
      0.028512,
      0.022579,
      0.025117,
      0.026048
    ],
    [
      0.025162,
      0.024108,
      0.022464,
      0.022247,
      0.023575,
      0.024069,
      0.026034,
      0.025512,
      0.024191,
      0.015649,
      0.019223,
      0.024971,
      0.017393,
      0.025433,
      0.022877,
      0.02417,
      0.019518,
      0.019039,
      0.037355,
      0.044277,
      0.040508,
      0.021176,
      0.02156,
      0.02064,
      0.019854,
      0.022219,
      0.033772,
      0.035805,
      0.03308,
      0.037488,
      0.0,
      0.033797,
      0.025891,
      0.02239,
      0.021771,
      0.021347,
      0.027242,
      0.022639,
      0.024828,
      0.026727
    ],
    [
      0.027208,
      0.026492,
      0.022812,
      0.022904,
      0.023023,
      0.024991,
      0.025505,
      0.027328,
      0.025338,
      0.011807,
      0.016948,
      0.022627,
      0.015055,
      0.028744,
      0.024641,
      0.02427,
      0.01673,
      0.016667,
      0.035645,
      0.030729,
      0.034139,
      0.018038,
      0.018536,
      0.019424,
      0.017752,
      0.020917,
      0.037994,
      0.040178,
      0.042612,
      0.036801,
      0.033797,
      0.0,
      0.028606,
      0.024924,
      0.023823,
      0.022818,
      0.030238,
      0.022196,
      0.027899,
      0.029843
    ],
    [
      0.02505,
      0.023314,
      0.023187,
      0.022821,
      0.021378,
      0.022645,
      0.022669,
      0.024019,
      0.025326,
      0.019558,
      0.02123,
      0.022863,
      0.019852,
      0.025881,
      0.022585,
      0.025572,
      0.019999,
      0.022581,
      0.02727,
      0.024661,
      0.025097,
      0.022243,
      0.020807,
      0.021981,
      0.019158,
      0.019979,
      0.028133,
      0.0284,
      0.026319,
      0.026534,
      0.025891,
      0.028606,
      0.0,
      0.034013,
      0.033021,
      0.034929,
      0.039011,
      0.032317,
      0.039891,
      0.031208
    ],
    [
      0.021245,
      0.0193,
      0.018655,
      0.017939,
      0.018017,
      0.020674,
      0.020379,
      0.021831,
      0.020537,
      0.01467,
      0.016562,
      0.019405,
      0.015041,
      0.021929,
      0.019077,
      0.020896,
      0.016988,
      0.017201,
      0.023605,
      0.022145,
      0.021429,
      0.017791,
      0.017843,
      0.018571,
      0.015256,
      0.016834,
      0.024838,
      0.025796,
      0.023729,
      0.022769,
      0.02239,
      0.024924,
      0.034013,
      0.0,
      0.108659,
      0.082436,
      0.034733,
      0.02939,
      0.038748,
      0.033758
    ],
    [
      0.020719,
      0.019182,
      0.018996,
      0.018202,
      0.017914,
      0.020831,
      0.019839,
      0.02139,
      0.02036,
      0.016317,
      0.017194,
      0.019704,
      0.01624,
      0.02101,
      0.019362,
      0.020958,
      0.017932,
      0.018139,
      0.022404,
      0.021348,
      0.02079,
      0.018294,
      0.01839,
      0.019191,
      0.016054,
      0.017294,
      0.023571,
      0.024721,
      0.022594,
      0.021889,
      0.021771,
      0.023823,
      0.033021,
      0.108659,
      0.0,
      0.083932,
      0.034836,
      0.029914,
      0.038863,
      0.034354
    ],
    [
      0.019744,
      0.018589,
      0.018486,
      0.017555,
      0.017642,
      0.021915,
      0.020466,
      0.022548,
      0.018733,
      0.019459,
      0.019595,
      0.019547,
      0.01789,
      0.020327,
      0.018268,
      0.021117,
      0.019001,
      0.019862,
      0.022771,
      0.021227,
      0.020738,
      0.019659,
      0.019338,
      0.019789,
      0.018704,
      0.019731,
      0.023173,
      0.023629,
      0.022244,
      0.021104,
      0.021347,
      0.022818,
      0.034929,
      0.082436,
      0.083932,
      0.0,
      0.038427,
      0.032221,
      0.042389,
      0.038652
    ],
    [
      0.022802,
      0.022215,
      0.020936,
      0.020086,
      0.020253,
      0.026614,
      0.024402,
      0.028207,
      0.022829,
      0.018192,
      0.018983,
      0.022252,
      0.018586,
      0.024374,
      0.02164,
      0.023774,
      0.018108,
      0.019688,
      0.029355,
      0.024691,
      0.026216,
      0.020006,
      0.01876,
      0.019631,
      0.022153,
      0.024909,
      0.03048,
      0.030452,
      0.028439,
      0.028512,
      0.027242,
      0.030238,
      0.039011,
      0.034733,
      0.034836,
      0.038427,
      0.0,
      0.028585,
      0.036792,
      0.032591
    ],
    [
      0.022553,
      0.02208,
      0.02439,
      0.024247,
      0.02025,
      0.020548,
      0.021569,
      0.020214,
      0.023799,
      0.032005,
      0.031154,
      0.026572,
      0.028416,
      0.022253,
      0.023212,
      0.027618,
      0.028343,
      0.030909,
      0.02209,
      0.024014,
      0.022256,
      0.028453,
      0.027978,
      0.027951,
      0.02374,
      0.021935,
      0.022129,
      0.022089,
      0.022759,
      0.022579,
      0.022639,
      0.022196,
      0.032317,
      0.02939,
      0.029914,
      0.032221,
      0.028585,
      0.0,
      0.036663,
      0.027973
    ],
    [
      0.023282,
      0.021771,
      0.021478,
      0.021157,
      0.02033,
      0.022999,
      0.022545,
      0.023817,
      0.022694,
      0.01858,
      0.021322,
      0.021782,
      0.019227,
      0.024009,
      0.021701,
      0.024805,
      0.019482,
      0.021773,
      0.026561,
      0.025621,
      0.024372,
      0.020359,
      0.020623,
      0.020713,
      0.018184,
      0.018806,
      0.027526,
      0.02856,
      0.027261,
      0.025117,
      0.024828,
      0.027899,
      0.039891,
      0.038748,
      0.038863,
      0.042389,
      0.036792,
      0.036663,
      0.0,
      0.037472
    ],
    [
      0.023656,
      0.023868,
      0.019971,
      0.020061,
      0.0231,
      0.030162,
      0.028157,
      0.030897,
      0.020453,
      0.01812,
      0.01917,
      0.023085,
      0.01872,
      0.024581,
      0.023146,
      0.023503,
      0.017876,
      0.017717,
      0.028395,
      0.026178,
      0.02579,
      0.018122,
      0.018846,
      0.019806,
      0.023273,
      0.024945,
      0.02983,
      0.031313,
      0.028633,
      0.026048,
      0.026727,
      0.029843,
      0.031208,
      0.033758,
      0.034354,
      0.038652,
      0.032591,
      0.027973,
      0.037472,
      0.0
    ]
  ],
  "count_matrix": [
    [
      1,
      1,
      1,
      1,
      1,
      1,
      1,
      1,
      1,
      1,
      1,
      1,
      1,
      1,
      1,
      1,
      1,
      1,
      1,
      1,
      1,
      1,
      1,
      1,
      1,
      1,
      1,
      1,
      1,
      1,
      1,
      1,
      1,
      1,
      1,
      1,
      1,
      1,
      1,
      1
    ],
    [
      1,
      1,
      1,
      1,
      1,
      1,
      1,
      1,
      1,
      1,
      1,
      1,
      1,
      1,
      1,
      1,
      1,
      1,
      1,
      1,
      1,
      1,
      1,
      1,
      1,
      1,
      1,
      1,
      1,
      1,
      1,
      1,
      1,
      1,
      1,
      1,
      1,
      1,
      1,
      1
    ],
    [
      1,
      1,
      1,
      1,
      1,
      1,
      1,
      1,
      1,
      1,
      1,
      1,
      1,
      1,
      1,
      1,
      1,
      1,
      1,
      1,
      1,
      1,
      1,
      1,
      1,
      1,
      1,
      1,
      1,
      1,
      1,
      1,
      1,
      1,
      1,
      1,
      1,
      1,
      1,
      1
    ],
    [
      1,
      1,
      1,
      1,
      1,
      1,
      1,
      1,
      1,
      1,
      1,
      1,
      1,
      1,
      1,
      1,
      1,
      1,
      1,
      1,
      1,
      1,
      1,
      1,
      1,
      1,
      1,
      1,
      1,
      1,
      1,
      1,
      1,
      1,
      1,
      1,
      1,
      1,
      1,
      1
    ],
    [
      1,
      1,
      1,
      1,
      1,
      1,
      1,
      1,
      1,
      1,
      1,
      1,
      1,
      1,
      1,
      1,
      1,
      1,
      1,
      1,
      1,
      1,
      1,
      1,
      1,
      1,
      1,
      1,
      1,
      1,
      1,
      1,
      1,
      1,
      1,
      1,
      1,
      1,
      1,
      1
    ],
    [
      1,
      1,
      1,
      1,
      1,
      1,
      1,
      1,
      1,
      1,
      1,
      1,
      1,
      1,
      1,
      1,
      1,
      1,
      1,
      1,
      1,
      1,
      1,
      1,
      1,
      1,
      1,
      1,
      1,
      1,
      1,
      1,
      1,
      1,
      1,
      1,
      1,
      1,
      1,
      1
    ],
    [
      1,
      1,
      1,
      1,
      1,
      1,
      1,
      1,
      1,
      1,
      1,
      1,
      1,
      1,
      1,
      1,
      1,
      1,
      1,
      1,
      1,
      1,
      1,
      1,
      1,
      1,
      1,
      1,
      1,
      1,
      1,
      1,
      1,
      1,
      1,
      1,
      1,
      1,
      1,
      1
    ],
    [
      1,
      1,
      1,
      1,
      1,
      1,
      1,
      1,
      1,
      1,
      1,
      1,
      1,
      1,
      1,
      1,
      1,
      1,
      1,
      1,
      1,
      1,
      1,
      1,
      1,
      1,
      1,
      1,
      1,
      1,
      1,
      1,
      1,
      1,
      1,
      1,
      1,
      1,
      1,
      1
    ],
    [
      1,
      1,
      1,
      1,
      1,
      1,
      1,
      1,
      1,
      1,
      1,
      1,
      1,
      1,
      1,
      1,
      1,
      1,
      1,
      1,
      1,
      1,
      1,
      1,
      1,
      1,
      1,
      1,
      1,
      1,
      1,
      1,
      1,
      1,
      1,
      1,
      1,
      1,
      1,
      1
    ],
    [
      1,
      1,
      1,
      1,
      1,
      1,
      1,
      1,
      1,
      1,
      1,
      1,
      1,
      1,
      1,
      1,
      1,
      1,
      1,
      1,
      1,
      1,
      1,
      1,
      1,
      1,
      1,
      1,
      1,
      1,
      1,
      1,
      1,
      1,
      1,
      1,
      1,
      1,
      1,
      1
    ],
    [
      1,
      1,
      1,
      1,
      1,
      1,
      1,
      1,
      1,
      1,
      1,
      1,
      1,
      1,
      1,
      1,
      1,
      1,
      1,
      1,
      1,
      1,
      1,
      1,
      1,
      1,
      1,
      1,
      1,
      1,
      1,
      1,
      1,
      1,
      1,
      1,
      1,
      1,
      1,
      1
    ],
    [
      1,
      1,
      1,
      1,
      1,
      1,
      1,
      1,
      1,
      1,
      1,
      1,
      1,
      1,
      1,
      1,
      1,
      1,
      1,
      1,
      1,
      1,
      1,
      1,
      1,
      1,
      1,
      1,
      1,
      1,
      1,
      1,
      1,
      1,
      1,
      1,
      1,
      1,
      1,
      1
    ],
    [
      1,
      1,
      1,
      1,
      1,
      1,
      1,
      1,
      1,
      1,
      1,
      1,
      1,
      1,
      1,
      1,
      1,
      1,
      1,
      1,
      1,
      1,
      1,
      1,
      1,
      1,
      1,
      1,
      1,
      1,
      1,
      1,
      1,
      1,
      1,
      1,
      1,
      1,
      1,
      1
    ],
    [
      1,
      1,
      1,
      1,
      1,
      1,
      1,
      1,
      1,
      1,
      1,
      1,
      1,
      1,
      1,
      1,
      1,
      1,
      1,
      1,
      1,
      1,
      1,
      1,
      1,
      1,
      1,
      1,
      1,
      1,
      1,
      1,
      1,
      1,
      1,
      1,
      1,
      1,
      1,
      1
    ],
    [
      1,
      1,
      1,
      1,
      1,
      1,
      1,
      1,
      1,
      1,
      1,
      1,
      1,
      1,
      1,
      1,
      1,
      1,
      1,
      1,
      1,
      1,
      1,
      1,
      1,
      1,
      1,
      1,
      1,
      1,
      1,
      1,
      1,
      1,
      1,
      1,
      1,
      1,
      1,
      1
    ],
    [
      1,
      1,
      1,
      1,
      1,
      1,
      1,
      1,
      1,
      1,
      1,
      1,
      1,
      1,
      1,
      1,
      1,
      1,
      1,
      1,
      1,
      1,
      1,
      1,
      1,
      1,
      1,
      1,
      1,
      1,
      1,
      1,
      1,
      1,
      1,
      1,
      1,
      1,
      1,
      1
    ],
    [
      1,
      1,
      1,
      1,
      1,
      1,
      1,
      1,
      1,
      1,
      1,
      1,
      1,
      1,
      1,
      1,
      1,
      1,
      1,
      1,
      1,
      1,
      1,
      1,
      1,
      1,
      1,
      1,
      1,
      1,
      1,
      1,
      1,
      1,
      1,
      1,
      1,
      1,
      1,
      1
    ],
    [
      1,
      1,
      1,
      1,
      1,
      1,
      1,
      1,
      1,
      1,
      1,
      1,
      1,
      1,
      1,
      1,
      1,
      1,
      1,
      1,
      1,
      1,
      1,
      1,
      1,
      1,
      1,
      1,
      1,
      1,
      1,
      1,
      1,
      1,
      1,
      1,
      1,
      1,
      1,
      1
    ],
    [
      1,
      1,
      1,
      1,
      1,
      1,
      1,
      1,
      1,
      1,
      1,
      1,
      1,
      1,
      1,
      1,
      1,
      1,
      1,
      1,
      1,
      1,
      1,
      1,
      1,
      1,
      1,
      1,
      1,
      1,
      1,
      1,
      1,
      1,
      1,
      1,
      1,
      1,
      1,
      1
    ],
    [
      1,
      1,
      1,
      1,
      1,
      1,
      1,
      1,
      1,
      1,
      1,
      1,
      1,
      1,
      1,
      1,
      1,
      1,
      1,
      1,
      1,
      1,
      1,
      1,
      1,
      1,
      1,
      1,
      1,
      1,
      1,
      1,
      1,
      1,
      1,
      1,
      1,
      1,
      1,
      1
    ],
    [
      1,
      1,
      1,
      1,
      1,
      1,
      1,
      1,
      1,
      1,
      1,
      1,
      1,
      1,
      1,
      1,
      1,
      1,
      1,
      1,
      1,
      1,
      1,
      1,
      1,
      1,
      1,
      1,
      1,
      1,
      1,
      1,
      1,
      1,
      1,
      1,
      1,
      1,
      1,
      1
    ],
    [
      1,
      1,
      1,
      1,
      1,
      1,
      1,
      1,
      1,
      1,
      1,
      1,
      1,
      1,
      1,
      1,
      1,
      1,
      1,
      1,
      1,
      1,
      1,
      1,
      1,
      1,
      1,
      1,
      1,
      1,
      1,
      1,
      1,
      1,
      1,
      1,
      1,
      1,
      1,
      1
    ],
    [
      1,
      1,
      1,
      1,
      1,
      1,
      1,
      1,
      1,
      1,
      1,
      1,
      1,
      1,
      1,
      1,
      1,
      1,
      1,
      1,
      1,
      1,
      1,
      1,
      1,
      1,
      1,
      1,
      1,
      1,
      1,
      1,
      1,
      1,
      1,
      1,
      1,
      1,
      1,
      1
    ],
    [
      1,
      1,
      1,
      1,
      1,
      1,
      1,
      1,
      1,
      1,
      1,
      1,
      1,
      1,
      1,
      1,
      1,
      1,
      1,
      1,
      1,
      1,
      1,
      1,
      1,
      1,
      1,
      1,
      1,
      1,
      1,
      1,
      1,
      1,
      1,
      1,
      1,
      1,
      1,
      1
    ],
    [
      1,
      1,
      1,
      1,
      1,
      1,
      1,
      1,
      1,
      1,
      1,
      1,
      1,
      1,
      1,
      1,
      1,
      1,
      1,
      1,
      1,
      1,
      1,
      1,
      1,
      1,
      1,
      1,
      1,
      1,
      1,
      1,
      1,
      1,
      1,
      1,
      1,
      1,
      1,
      1
    ],
    [
      1,
      1,
      1,
      1,
      1,
      1,
      1,
      1,
      1,
      1,
      1,
      1,
      1,
      1,
      1,
      1,
      1,
      1,
      1,
      1,
      1,
      1,
      1,
      1,
      1,
      1,
      1,
      1,
      1,
      1,
      1,
      1,
      1,
      1,
      1,
      1,
      1,
      1,
      1,
      1
    ],
    [
      1,
      1,
      1,
      1,
      1,
      1,
      1,
      1,
      1,
      1,
      1,
      1,
      1,
      1,
      1,
      1,
      1,
      1,
      1,
      1,
      1,
      1,
      1,
      1,
      1,
      1,
      1,
      1,
      1,
      1,
      1,
      1,
      1,
      1,
      1,
      1,
      1,
      1,
      1,
      1
    ],
    [
      1,
      1,
      1,
      1,
      1,
      1,
      1,
      1,
      1,
      1,
      1,
      1,
      1,
      1,
      1,
      1,
      1,
      1,
      1,
      1,
      1,
      1,
      1,
      1,
      1,
      1,
      1,
      1,
      1,
      1,
      1,
      1,
      1,
      1,
      1,
      1,
      1,
      1,
      1,
      1
    ],
    [
      1,
      1,
      1,
      1,
      1,
      1,
      1,
      1,
      1,
      1,
      1,
      1,
      1,
      1,
      1,
      1,
      1,
      1,
      1,
      1,
      1,
      1,
      1,
      1,
      1,
      1,
      1,
      1,
      1,
      1,
      1,
      1,
      1,
      1,
      1,
      1,
      1,
      1,
      1,
      1
    ],
    [
      1,
      1,
      1,
      1,
      1,
      1,
      1,
      1,
      1,
      1,
      1,
      1,
      1,
      1,
      1,
      1,
      1,
      1,
      1,
      1,
      1,
      1,
      1,
      1,
      1,
      1,
      1,
      1,
      1,
      1,
      1,
      1,
      1,
      1,
      1,
      1,
      1,
      1,
      1,
      1
    ],
    [
      1,
      1,
      1,
      1,
      1,
      1,
      1,
      1,
      1,
      1,
      1,
      1,
      1,
      1,
      1,
      1,
      1,
      1,
      1,
      1,
      1,
      1,
      1,
      1,
      1,
      1,
      1,
      1,
      1,
      1,
      1,
      1,
      1,
      1,
      1,
      1,
      1,
      1,
      1,
      1
    ],
    [
      1,
      1,
      1,
      1,
      1,
      1,
      1,
      1,
      1,
      1,
      1,
      1,
      1,
      1,
      1,
      1,
      1,
      1,
      1,
      1,
      1,
      1,
      1,
      1,
      1,
      1,
      1,
      1,
      1,
      1,
      1,
      1,
      1,
      1,
      1,
      1,
      1,
      1,
      1,
      1
    ],
    [
      1,
      1,
      1,
      1,
      1,
      1,
      1,
      1,
      1,
      1,
      1,
      1,
      1,
      1,
      1,
      1,
      1,
      1,
      1,
      1,
      1,
      1,
      1,
      1,
      1,
      1,
      1,
      1,
      1,
      1,
      1,
      1,
      1,
      1,
      1,
      1,
      1,
      1,
      1,
      1
    ],
    [
      1,
      1,
      1,
      1,
      1,
      1,
      1,
      1,
      1,
      1,
      1,
      1,
      1,
      1,
      1,
      1,
      1,
      1,
      1,
      1,
      1,
      1,
      1,
      1,
      1,
      1,
      1,
      1,
      1,
      1,
      1,
      1,
      1,
      1,
      1,
      1,
      1,
      1,
      1,
      1
    ],
    [
      1,
      1,
      1,
      1,
      1,
      1,
      1,
      1,
      1,
      1,
      1,
      1,
      1,
      1,
      1,
      1,
      1,
      1,
      1,
      1,
      1,
      1,
      1,
      1,
      1,
      1,
      1,
      1,
      1,
      1,
      1,
      1,
      1,
      1,
      1,
      1,
