{
  "sign": "positive",
  "percentage": 5.0,
  "component": "neurons",
  "models": [
    "Qwen_Qwen2-5-32B-Instruct",
    "Qwen_Qwen2-5-72B-Instruct",
    "allenai_OLMo-2-0325-32B-Instruct",
    "meta-llama_Meta-Llama-3-1-70B-Instruct",
    "mistralai_Mistral-Large-Instruct-2407",
    "mistralai_Mistral-Small-24B-Instruct-2501"
  ],
  "tasks": [
    "MD/add_sub_2op_symbolic",
    "MD/add_sub_2op_verbal",
    "MD/add_sub_3op_symbolic",
    "MD/add_sub_3op_verbal",
    "MD/code_A",
    "MD/code_B",
    "MD/code_conditional",
    "MD/code_list",
    "MD/code_loop",
    "MD/logic_propositional_1",
    "MD/logic_propositional_symbolic",
    "MD/logic_syllogism_1",
    "MD/logic_syllogism_symbolic",
    "MD/mul_div_2op_symbolic",
    "MD/mul_div_2op_verbal",
    "MD/mul_div_3op_symbolic",
    "MD/mul_div_3op_verbal",
    "MD/number_sequence",
    "MD/number_sorting",
    "MD/simple_equation",
    "ToM/agent",
    "ToM/desires_goals",
    "ToM/emotion_fewshot",
    "ToM/norm_appropriate",
    "ToM/norm_moral",
    "ToM/primary_emotions",
    "ToM/secondary_emotions",
    "ToM/social_interactions",
    "ToM/social_relations",
    "phys/phys_newton",
    "phys/phys_prost",
    "phys/physics_brightness",
    "phys/physics_buoyancy",
    "phys/physics_elasticity",
    "phys/physics_solubility",
    "phys/physics_speed",
    "phys/physics_stability",
    "phys/physics_temperature",
    "Lan/anaphor_gender_agreement",
    "Lan/det_noun_agreement_irregular",
    "Lan/det_noun_agreement_regular",
    "Lan/det_noun_agreement_with_adjective",
    "Lan/hypernymy",
    "Lan/npi",
    "Lan/subject_verb_agreement",
    "Lan/wug"
  ],
  "avg_overlap_matrix": [
    [
      1.0,
      0.20633333333333334,
      0.24981666666666666,
      0.17526,
      0.18405000000000002,
      0.14275000000000002,
      0.1451,
      0.14646666666666666,
      0.18366666666666667,
      0.05591999999999999,
      0.06455999999999999,
      0.11798333333333333,
      0.11264,
      0.2658166666666667,
      0.18796666666666664,
      0.22424,
      0.2197,
      0.05406666666666667,
      0.11141666666666666,
      0.20732,
      0.07793333333333334,
      0.056100000000000004,
      0.14554999999999998,
      0.1362,
      0.14318,
      0.062233333333333335,
      0.0495,
      0.076,
      0.07841666666666666,
      0.09486666666666667,
      0.11181666666666666,
      0.15225,
      0.148275,
      0.14921666666666666,
      0.14243333333333333,
      0.152625,
      0.1487,
      0.14993333333333334,
      0.07283333333333335,
      0.08916,
      0.08680000000000002,
      0.08679999999999999,
      0.10578333333333334,
      0.07111666666666666,
      0.08646,
      0.12219999999999999
    ],
    [
      0.20633333333333334,
      1.0,
      0.18988333333333332,
      0.2592,
      0.17495000000000002,
      0.15485000000000002,
      0.15216666666666667,
      0.15836666666666668,
      0.1623166666666667,
      0.06288,
      0.07044,
      0.12383333333333334,
      0.11435999999999999,
      0.18753333333333333,
      0.2754833333333333,
      0.18988,
      0.258,
      0.061733333333333335,
      0.11276666666666667,
      0.18682,
      0.08738333333333333,
      0.06508333333333333,
      0.1484,
      0.14036666666666667,
      0.14582,
      0.06918333333333333,
      0.0592,
      0.08474999999999999,
      0.08785,
      0.1108,
      0.12721666666666667,
      0.1491,
      0.15425,
      0.15196666666666667,
      0.14766666666666667,
      0.150675,
      0.14809999999999998,
      0.1545,
      0.07613333333333333,
      0.09267999999999998,
      0.09018000000000001,
      0.09016666666666667,
      0.10664999999999998,
      0.07608333333333334,
      0.08915999999999999,
      0.12626666666666667
    ],
    [
      0.24981666666666666,
      0.18988333333333332,
      1.0,
      0.17978,
      0.17116666666666666,
      0.13435,
      0.13935,
      0.13846666666666665,
      0.17598333333333335,
      0.061040000000000004,
      0.06972,
      0.11925000000000001,
      0.11435999999999999,
      0.2212166666666667,
      0.18285000000000004,
      0.22262000000000004,
      0.2116,
      0.052,
      0.11538333333333334,
      0.19388,
      0.08265000000000002,
      0.0608,
      0.13971666666666668,
      0.13208333333333333,
      0.13862,
      0.06761666666666666,
      0.050350000000000006,
      0.07986666666666666,
      0.08248333333333334,
      0.09663333333333333,
      0.11149999999999999,
      0.14307499999999998,
      0.147025,
      0.14213333333333333,
      0.13836666666666667,
      0.14255,
      0.1393,
      0.14491666666666667,
      0.07226666666666667,
      0.0854,
      0.08364,
      0.08488333333333332,
      0.10243333333333332,
      0.07328333333333333,
      0.08637999999999998,
      0.11601666666666666
    ],
    [
      0.17526,
      0.2592,
      0.17978,
      1.0,
      0.15685999999999997,
      0.1414,
      0.13765999999999998,
      0.1428,
      0.15036,
      0.0663,
      0.07502,
      0.12172000000000001,
      0.11618000000000002,
      0.16698,
      0.23042,
      0.17932499999999998,
      0.2482,
      0.05345,
      0.11940000000000002,
      0.17685,
      0.09368,
      0.07286000000000001,
      0.13556,
      0.13078,
      0.13820000000000002,
      0.07756,
      0.06516666666666666,
      0.08914,
      0.09208,
      0.10815999999999999,
      0.11968000000000001,
      0.13929999999999998,
      0.14942499999999997,
      0.13782,
      0.13727999999999999,
      0.141175,
      0.13815,
      0.13878,
      0.06763999999999999,
      0.08388,
      0.08249999999999999,
      0.08488,
      0.09844,
      0.07464000000000001,
      0.08227499999999999,
      0.11444000000000001
    ],
    [
      0.18405000000000002,
      0.17495000000000002,
      0.17116666666666666,
      0.15685999999999997,
      1.0,
      0.20675,
      0.41178333333333333,
      0.19796666666666665,
      0.3354166666666667,
      0.0818,
      0.08224,
      0.1545,
      0.12231999999999998,
      0.1781,
      0.17033333333333334,
      0.1809,
      0.1902,
      0.06993333333333333,
      0.11848333333333332,
      0.18706,
      0.09775,
      0.06791666666666667,
      0.14595,
      0.14176666666666665,
      0.14756,
      0.0765,
      0.06609999999999999,
      0.0932,
      0.09636666666666666,
      0.13738333333333333,
      0.1545,
      0.144475,
      0.15049999999999997,
      0.14668333333333333,
      0.1428,
      0.148525,
      0.148375,
      0.14565,
      0.07595,
      0.09156,
      0.08936000000000001,
      0.08863333333333334,
      0.10123333333333334,
      0.0788,
      0.08694,
      0.12658333333333333
    ],
    [
      0.14275000000000002,
      0.15485000000000002,
      0.13435,
      0.1414,
      0.20675,
      1.0,
      0.23991666666666667,
      0.43263333333333337,
      0.13103333333333336,
      0.09763999999999999,
      0.09502000000000001,
      0.13778333333333334,
      0.11524000000000001,
      0.13426666666666667,
      0.1497333333333333,
      0.12916,
      0.1717,
      0.09023333333333335,
      0.1134,
      0.13845999999999997,
      0.11821666666666665,
      0.08443333333333335,
      0.13975,
      0.13526666666666667,
      0.13882,
      0.08766666666666667,
      0.08845,
      0.11323333333333335,
      0.11678333333333334,
      0.1947833333333333,
      0.2101333333333333,
      0.134925,
      0.14675,
      0.14001666666666665,
      0.14025,
      0.132775,
      0.1366,
      0.13820000000000002,
      0.08393333333333332,
      0.10901999999999998,
      0.10684,
      0.10508333333333332,
      0.11475,
      0.0866,
      0.08862,
      0.14798333333333333
    ],
    [
      0.1451,
      0.15216666666666667,
      0.13935,
      0.13765999999999998,
      0.41178333333333333,
      0.23991666666666667,
      1.0,
      0.23066666666666666,
      0.13508333333333333,
      0.08954,
      0.08736000000000002,
      0.17058333333333334,
      0.12116000000000002,
      0.13868333333333333,
      0.14808333333333334,
      0.13808000000000004,
      0.1546,
      0.06816666666666667,
      0.1105,
      0.13994,
      0.10851666666666666,
      0.07281666666666667,
      0.14621666666666666,
      0.14406666666666665,
      0.14994000000000002,
      0.07933333333333333,
      0.07542499999999999,
      0.10149999999999999,
      0.10393333333333332,
      0.1563,
      0.17408333333333334,
      0.14279999999999998,
      0.1472,
      0.14473333333333335,
      0.14181666666666667,
      0.146125,
      0.14742499999999997,
      0.14176666666666668,
      0.07825,
      0.09634000000000001,
      0.09349999999999999,
      0.09403333333333334,
      0.10640000000000001,
      0.08346666666666665,
      0.08704,
      0.13373333333333334
    ],
    [
      0.14646666666666666,
      0.15836666666666668,
      0.13846666666666665,
      0.1428,
      0.19796666666666665,
      0.43263333333333337,
      0.23066666666666666,
      1.0,
      0.13219999999999998,
      0.08568,
      0.08374,
      0.13476666666666667,
      0.1155,
      0.1395,
      0.1553333333333333,
      0.1368,
      0.1669,
      0.0787,
      0.11193333333333333,
      0.14100000000000001,
      0.1089,
      0.07711666666666667,
      0.1462,
      0.13908333333333336,
      0.14472000000000002,
      0.08021666666666666,
      0.080175,
      0.10485,
      0.10906666666666665,
      0.18394999999999997,
      0.20521666666666669,
      0.14365,
      0.15307500000000002,
      0.14846666666666666,
      0.1479666666666667,
      0.13995000000000002,
      0.144125,
      0.14795,
      0.08543333333333335,
      0.10916,
      0.10611999999999999,
      0.10573333333333333,
      0.12124999999999998,
      0.08403333333333335,
      0.09190000000000001,
      0.14863333333333334
    ],
    [
      0.18366666666666667,
      0.1623166666666667,
      0.17598333333333335,
      0.15036,
      0.3354166666666667,
      0.13103333333333336,
      0.13508333333333333,
      0.13219999999999998,
      1.0,
      0.060419999999999995,
      0.06470000000000001,
      0.11928333333333334,
      0.10713999999999999,
      0.18656666666666666,
      0.1647666666666667,
      0.1973,
      0.2068,
      0.05456666666666667,
      0.11355,
      0.18954,
      0.07883333333333334,
      0.05840000000000001,
      0.13098333333333334,
      0.12385000000000002,
      0.13077999999999998,
      0.06731666666666668,
      0.050199999999999995,
      0.07643333333333334,
      0.07916666666666666,
      0.08915000000000001,
      0.10425,
      0.134875,
      0.13705,
      0.13406666666666667,
      0.12938333333333332,
      0.13395,
      0.13075,
      0.13605,
      0.07008333333333333,
      0.08093999999999998,
      0.07926,
      0.07928333333333333,
      0.09716666666666667,
      0.07083333333333335,
      0.08499999999999999,
      0.10725
    ],
    [
      0.05591999999999999,
      0.06288,
      0.061040000000000004,
      0.0663,
      0.0818,
      0.09763999999999999,
      0.08954,
      0.08568,
      0.060419999999999995,
      1.0,
      0.17598000000000003,
      0.09845999999999999,
      0.17497999999999997,
      0.04886,
      0.055200000000000006,
      0.045575,
      0.0397,
      0.1026,
      0.07852,
      0.060125,
      0.12641999999999998,
      0.11193999999999997,
      0.05500000000000001,
      0.06674,
      0.05845,
      0.10877999999999999,
      0.11883333333333333,
      0.11712,
      0.11701999999999999,
      0.17834,
      0.14565999999999998,
      0.04835,
      0.06465,
      0.0524,
      0.056499999999999995,
      0.05,
      0.0561,
      0.04902,
      0.06916,
      0.0658,
      0.06771999999999999,
      0.07024,
      0.05172,
      0.08974,
      0.053649999999999996,
      0.07158
    ],
    [
      0.06455999999999999,
      0.07044,
      0.06972,
      0.07502,
      0.08224,
      0.09502000000000001,
      0.08736000000000002,
      0.08374,
      0.06470000000000001,
      0.17598000000000003,
      1.0,
      0.09974000000000001,
      0.12471999999999998,
      0.05806,
      0.0644,
      0.0571,
      0.0479,
      0.11065,
      0.08793999999999999,
      0.072,
      0.12710000000000002,
      0.1145,
      0.06598,
      0.07664,
      0.07050000000000001,
      0.10914000000000001,
      0.12146666666666667,
      0.12159999999999997,
      0.11988000000000001,
      0.15011999999999998,
      0.12822,
      0.060575000000000004,
      0.07555,
      0.06301999999999999,
      0.06866,
      0.0632,
      0.0672,
      0.06164000000000001,
      0.06866000000000001,
      0.06726000000000001,
      0.06777999999999999,
      0.06826,
      0.05294,
      0.08444,
      0.05607499999999999,
      0.07194
    ],
    [
      0.11798333333333333,
      0.12383333333333334,
      0.11925000000000001,
      0.12172000000000001,
      0.1545,
      0.13778333333333334,
      0.17058333333333334,
      0.13476666666666667,
      0.11928333333333334,
      0.09845999999999999,
      0.09974000000000001,
      1.0,
      0.11798,
      0.11436666666666666,
      0.11969999999999999,
      0.11998,
      0.1421,
      0.07663333333333333,
      0.11280000000000001,
      0.1226,
      0.1259833333333333,
      0.08441666666666665,
      0.12076666666666665,
      0.1295333333333333,
      0.1347,
      0.09133333333333334,
      0.08695000000000001,
      0.11398333333333333,
      0.11436666666666666,
      0.13259999999999997,
      0.1399,
      0.12165000000000001,
      0.1254,
      0.11875000000000001,
      0.11776666666666669,
      0.126225,
      0.12885,
      0.11401666666666667,
      0.06953333333333334,
      0.07786000000000001,
      0.07718,
      0.07848333333333334,
      0.0848,
      0.08436666666666666,
      0.07638,
      0.10425
    ],
    [
      0.11264,
      0.11435999999999999,
      0.11435999999999999,
      0.11618000000000002,
      0.12231999999999998,
      0.11524000000000001,
      0.12116000000000002,
      0.1155,
      0.10713999999999999,
      0.17497999999999997,
      0.12471999999999998,
      0.11798,
      1.0,
      0.11073999999999998,
      0.11379999999999998,
      0.118525,
      0.1435,
      0.05425,
      0.10808,
      0.1208,
      0.1059,
      0.08102000000000001,
      0.10555999999999999,
      0.10998000000000001,
      0.11635,
      0.08362,
      0.0747,
      0.09812000000000001,
      0.0995,
      0.15096,
      0.1383,
      0.11109999999999999,
      0.12132499999999999,
      0.10633999999999999,
      0.10676000000000001,
      0.1121,
      0.114425,
      0.10478000000000001,
      0.059199999999999996,
      0.06532,
      0.06542,
      0.071,
      0.07954,
      0.07604,
      0.068025,
      0.0917
    ],
    [
      0.2658166666666667,
      0.18753333333333333,
      0.2212166666666667,
      0.16698,
      0.1781,
      0.13426666666666667,
      0.13868333333333333,
      0.1395,
      0.18656666666666666,
      0.04886,
      0.05806,
      0.11436666666666666,
      0.11073999999999998,
      1.0,
      0.2021833333333333,
      0.26642,
      0.2398,
      0.0479,
      0.11086666666666667,
      0.21444000000000002,
      0.07215,
      0.05303333333333334,
      0.14568333333333333,
      0.13486666666666666,
      0.14220000000000002,
      0.05873333333333333,
      0.04475,
      0.07175,
      0.07443333333333334,
      0.0871,
      0.10496666666666667,
      0.153475,
      0.148925,
      0.15065,
      0.1438,
      0.15335,
      0.14735,
      0.15294999999999997,
      0.07185000000000001,
      0.0875,
      0.08404,
      0.08485,
      0.10744999999999999,
      0.06786666666666666,
      0.08812,
      0.11898333333333333
    ],
    [
      0.18796666666666664,
      0.2754833333333333,
      0.18285000000000004,
      0.23042,
      0.17033333333333334,
      0.1497333333333333,
      0.14808333333333334,
      0.1553333333333333,
      0.1647666666666667,
      0.055200000000000006,
      0.0644,
      0.11969999999999999,
      0.11379999999999998,
      0.2021833333333333,
      1.0,
      0.20464000000000002,
      0.2983,
      0.0562,
      0.11343333333333334,
      0.18919999999999998,
      0.08261666666666666,
      0.06421666666666666,
      0.1486333333333333,
      0.13915,
      0.14456,
      0.06793333333333333,
      0.054099999999999995,
      0.0817,
      0.08395000000000001,
      0.10468333333333335,
      0.12161666666666666,
      0.149675,
      0.15864999999999999,
      0.15259999999999999,
      0.14984999999999998,
      0.15015,
      0.14575,
      0.15533333333333335,
      0.07559999999999999,
      0.09259999999999999,
      0.09015999999999999,
      0.09045000000000002,
      0.10831666666666667,
      0.07483333333333334,
      0.091,
      0.12475000000000001
    ],
    [
      0.22424,
      0.18988,
      0.22262000000000004,
      0.17932499999999998,
      0.1809,
      0.12916,
      0.13808000000000004,
      0.1368,
      0.1973,
      0.045575,
      0.0571,
      0.11998,
      0.118525,
      0.26642,
      0.20464000000000002,
      1.0,
      0.2697,
      0.0496,
      0.11888000000000001,
      0.21012,
      0.07436000000000001,
      0.051019999999999996,
      0.14876,
      0.1384,
      0.148925,
      0.057539999999999994,
      0.045825000000000005,
      0.07076,
      0.07347999999999999,
      0.08636,
      0.10508000000000002,
      0.15963333333333335,
      0.147325,
      0.15208,
      0.14642,
      0.1595,
      0.15363333333333332,
      0.15566,
      0.06916,
      0.08055,
      0.078425,
      0.08302,
      0.10682,
      0.06952,
      0.09140000000000001,
      0.11528000000000001
    ],
    [
      0.2197,
      0.258,
      0.2116,
      0.2482,
      0.1902,
      0.1717,
      0.1546,
      0.1669,
      0.2068,
      0.0397,
      0.0479,
      0.1421,
      0.1435,
      0.2398,
      0.2983,
      0.2697,
      1.0,
      0.0377,
      0.1656,
      0.2295,
      0.0989,
      0.0437,
      0.196,
      0.1782,
      0.176,
      0.0554,
      0.0419,
      0.0779,
      0.0815,
      0.1086,
      0.1364,
      0.1793,
      0.1813,
      0.1872,
      0.1723,
      0.1846,
      0.1831,
      0.187,
      0.0324,
      0.0585,
      0.0601,
      0.0835,
      0.1301,
      0.0723,
      0.0859,
      0.1377
    ],
    [
      0.05406666666666667,
      0.061733333333333335,
      0.052,
      0.05345,
      0.06993333333333333,
      0.09023333333333335,
      0.06816666666666667,
      0.0787,
      0.05456666666666667,
      0.1026,
      0.11065,
      0.07663333333333333,
      0.05425,
      0.0479,
      0.0562,
      0.0496,
      0.0377,
      1.0,
      0.08303333333333333,
      0.06659999999999999,
      0.11683333333333334,
      0.13413333333333335,
      0.05536666666666667,
      0.0617,
      0.062033333333333336,
      0.12206666666666666,
      0.12993333333333335,
      0.12479999999999998,
      0.12269999999999999,
      0.0972,
      0.0871,
      0.04745,
      0.04825,
      0.05203333333333334,
      0.05826666666666667,
      0.04665,
      0.0463,
      0.05006666666666667,
      0.07840000000000001,
      0.07735,
      0.07575000000000001,
      0.06369999999999999,
      0.048999999999999995,
      0.07753333333333333,
      0.0608,
      0.06226666666666667
    ],
    [
      0.11141666666666666,
      0.11276666666666667,
      0.11538333333333334,
      0.11940000000000002,
      0.11848333333333332,
      0.1134,
      0.1105,
      0.11193333333333333,
      0.11355,
      0.07852,
      0.08793999999999999,
      0.11280000000000001,
      0.10808,
      0.11086666666666667,
      0.11343333333333334,
      0.11888000000000001,
      0.1656,
      0.08303333333333333,
      1.0,
      0.12007999999999999,
      0.10548333333333333,
      0.08368333333333333,
      0.10923333333333334,
      0.11106666666666666,
      0.1139,
      0.0888,
      0.083,
      0.09951666666666666,
      0.10055000000000001,
      0.1048,
      0.10861666666666668,
      0.116525,
      0.12160000000000001,
      0.1075,
      0.10876666666666666,
      0.119,
      0.1172,
      0.10798333333333333,
      0.06546666666666666,
      0.07122,
      0.0713,
      0.07150000000000001,
      0.07888333333333332,
      0.0762,
      0.07486000000000001,
      0.08988333333333332
    ],
    [
      0.20732,
      0.18682,
      0.19388,
      0.17685,
      0.18706,
      0.13845999999999997,
      0.13994,
      0.14100000000000001,
      0.18954,
      0.060125,
      0.072,
      0.1226,
      0.1208,
      0.21444000000000002,
      0.18919999999999998,
      0.21012,
      0.2295,
      0.06659999999999999,
      0.12007999999999999,
      1.0,
      0.08636,
      0.06358,
      0.14602,
      0.13896,
      0.14887499999999998,
      0.06804000000000002,
      0.05929999999999999,
      0.08264,
      0.08532,
      0.09700000000000002,
      0.11235999999999999,
      0.15286666666666668,
      0.144925,
      0.14936,
      0.1426,
      0.15476666666666666,
      0.15206666666666666,
      0.15012,
      0.06852,
      0.0804,
      0.07892500000000001,
      0.08038000000000001,
      0.101,
      0.07192000000000001,
      0.087725,
      0.11424000000000001
    ],
    [
      0.07793333333333334,
      0.08738333333333333,
      0.08265000000000002,
      0.09368,
      0.09775,
      0.11821666666666665,
      0.10851666666666666,
      0.1089,
      0.07883333333333334,
      0.12641999999999998,
      0.12710000000000002,
      0.1259833333333333,
      0.1059,
      0.07215,
      0.08261666666666666,
      0.07436000000000001,
      0.0989,
      0.11683333333333334,
      0.10548333333333333,
      0.08636,
      1.0,
      0.14361666666666667,
      0.09231666666666666,
      0.10496666666666667,
      0.10498,
      0.16345,
      0.151925,
      0.2552,
      0.23788333333333334,
      0.14321666666666666,
      0.13751666666666665,
      0.08574999999999999,
      0.09985,
      0.08643333333333332,
      0.09256666666666667,
      0.09082499999999999,
      0.093525,
      0.08221666666666667,
      0.07151666666666666,
      0.07854000000000001,
      0.07850000000000001,
      0.07663333333333334,
      0.06646666666666666,
      0.09166666666666666,
      0.06877999999999998,
      0.08645000000000001
    ],
    [
      0.056100000000000004,
      0.06508333333333333,
      0.0608,
      0.07286000000000001,
      0.06791666666666667,
      0.08443333333333335,
      0.07281666666666667,
      0.07711666666666667,
      0.05840000000000001,
      0.11193999999999997,
      0.1145,
      0.08441666666666665,
      0.08102000000000001,
      0.05303333333333334,
      0.06421666666666666,
      0.051019999999999996,
      0.0437,
      0.13413333333333335,
      0.08368333333333333,
      0.06358,
      0.14361666666666667,
      1.0,
      0.06726666666666666,
      0.07401666666666666,
      0.06856,
      0.1485,
      0.178675,
      0.15405,
      0.14101666666666665,
      0.10845,
      0.0974,
      0.060175,
      0.07455,
      0.06221666666666667,
      0.06986666666666667,
      0.06235,
      0.06357499999999999,
      0.06105,
      0.07343333333333334,
      0.0758,
      0.07586000000000001,
      0.06988333333333334,
      0.057716666666666666,
      0.08106666666666668,
      0.059840000000000004,
      0.06728333333333333
    ],
    [
      0.14554999999999998,
      0.1484,
      0.13971666666666668,
      0.13556,
      0.14595,
      0.13975,
      0.14621666666666666,
      0.1462,
      0.13098333333333334,
      0.05500000000000001,
      0.06598,
      0.12076666666666665,
      0.10555999999999999,
      0.14568333333333333,
      0.1486333333333333,
      0.14876,
      0.196,
      0.05536666666666667,
      0.10923333333333334,
      0.14602,
      0.09231666666666666,
      0.06726666666666666,
      1.0,
      0.18510000000000001,
      0.17882000000000003,
      0.08278333333333333,
      0.073725,
      0.09094999999999999,
      0.09016666666666667,
      0.10526666666666666,
      0.12163333333333333,
      0.16762500000000002,
      0.170075,
      0.16813333333333333,
      0.1637666666666667,
      0.1792,
      0.176325,
      0.16574999999999998,
      0.07346666666666667,
      0.08824000000000001,
      0.08574000000000001,
      0.08908333333333333,
      0.1125,
      0.07311666666666668,
      0.08915999999999999,
      0.11841666666666668
    ],
    [
      0.1362,
      0.14036666666666667,
      0.13208333333333333,
      0.13078,
      0.14176666666666665,
      0.13526666666666667,
      0.14406666666666665,
      0.13908333333333336,
      0.12385000000000002,
      0.06674,
      0.07664,
      0.1295333333333333,
      0.10998000000000001,
      0.13486666666666666,
      0.13915,
      0.1384,
      0.1782,
      0.0617,
      0.11106666666666666,
      0.13896,
      0.10496666666666667,
      0.07401666666666666,
      0.18510000000000001,
      1.0,
      0.23309999999999995,
      0.08408333333333334,
      0.07655,
      0.10263333333333334,
      0.09946666666666666,
      0.11241666666666666,
      0.12505000000000002,
      0.155525,
      0.16809999999999997,
      0.1543,
      0.155,
      0.16515000000000002,
      0.215125,
      0.15355,
      0.07133333333333335,
      0.08594,
      0.08331999999999999,
      0.08573333333333333,
      0.10229999999999999,
      0.07771666666666667,
      0.08688,
      0.11483333333333333
    ],
    [
      0.14318,
      0.14582,
      0.13862,
      0.13820000000000002,
      0.14756,
      0.13882,
      0.14994000000000002,
      0.14472000000000002,
      0.13077999999999998,
      0.05845,
      0.07050000000000001,
      0.1347,
      0.11635,
      0.14220000000000002,
      0.14456,
      0.148925,
      0.176,
      0.062033333333333336,
      0.1139,
      0.14887499999999998,
      0.10498,
      0.06856,
      0.17882000000000003,
      0.23309999999999995,
      1.0,
      0.07986,
      0.074125,
      0.10113999999999998,
      0.0982,
      0.11112000000000002,
      0.12664,
      0.15885,
      0.16949999999999998,
      0.16427999999999998,
      0.16160000000000002,
      0.16635000000000003,
      0.19162500000000002,
      0.16512000000000002,
      0.06916000000000001,
      0.07995000000000001,
      0.0771,
      0.08312,
      0.10554,
      0.07553999999999998,
      0.08805,
      0.11581999999999999
    ],
    [
      0.062233333333333335,
      0.06918333333333333,
      0.06761666666666666,
      0.07756,
      0.0765,
      0.08766666666666667,
      0.07933333333333333,
      0.08021666666666666,
      0.06731666666666668,
      0.10877999999999999,
      0.10914000000000001,
      0.09133333333333334,
      0.08362,
      0.05873333333333333,
      0.06793333333333333,
      0.057539999999999994,
      0.0554,
      0.12206666666666666,
      0.0888,
      0.06804000000000002,
      0.16345,
      0.1485,
      0.08278333333333333,
      0.08408333333333334,
      0.07986,
      1.0,
      0.29610000000000003,
      0.16679999999999998,
      0.15085,
      0.10678333333333333,
      0.09861666666666667,
      0.0679,
      0.077925,
      0.06928333333333332,
      0.07306666666666667,
      0.07105,
      0.0739,
      0.06576666666666667,
      0.07288333333333333,
      0.07644000000000001,
      0.07583999999999999,
      0.0701,
      0.059566666666666664,
      0.08131666666666666,
      0.06240000000000001,
      0.06831666666666665
    ],
    [
      0.0495,
      0.0592,
      0.050350000000000006,
      0.06516666666666666,
      0.06609999999999999,
      0.08845,
      0.07542499999999999,
      0.080175,
      0.050199999999999995,
      0.11883333333333333,
      0.12146666666666667,
      0.08695000000000001,
      0.0747,
      0.04475,
      0.054099999999999995,
      0.045825000000000005,
      0.0419,
      0.12993333333333335,
      0.083,
      0.05929999999999999,
      0.151925,
      0.178675,
      0.073725,
      0.07655,
      0.074125,
      0.29610000000000003,
      1.0,
      0.1739,
      0.147525,
      0.111725,
      0.10065,
      0.06626666666666667,
      0.07013333333333334,
      0.06180000000000001,
      0.06575,
      0.06623333333333332,
      0.06923333333333333,
      0.057625,
      0.076125,
      0.08173333333333334,
      0.08093333333333334,
      0.06974999999999999,
      0.0558,
      0.08320000000000001,
      0.061,
      0.0671
    ],
    [
      0.076,
      0.08474999999999999,
      0.07986666666666666,
      0.08914,
      0.0932,
      0.11323333333333335,
      0.10149999999999999,
      0.10485,
      0.07643333333333334,
      0.11712,
      0.12159999999999997,
      0.11398333333333333,
      0.09812000000000001,
      0.07175,
      0.0817,
      0.07076,
      0.0779,
      0.12479999999999998,
      0.09951666666666666,
      0.08264,
      0.2552,
      0.15405,
      0.09094999999999999,
      0.10263333333333334,
      0.10113999999999998,
      0.16679999999999998,
      0.1739,
      1.0,
      0.20083333333333334,
      0.13276666666666667,
      0.12655,
      0.081825,
      0.0945,
      0.08420000000000001,
      0.08935,
      0.085325,
      0.0892,
      0.08041666666666668,
      0.07371666666666667,
      0.08181999999999999,
      0.08126,
      0.07703333333333333,
      0.066,
      0.08773333333333333,
      0.06806000000000001,
      0.08233333333333333
    ],
    [
      0.07841666666666666,
      0.08785,
      0.08248333333333334,
      0.09208,
      0.09636666666666666,
      0.11678333333333334,
      0.10393333333333332,
      0.10906666666666665,
      0.07916666666666666,
      0.11701999999999999,
      0.11988000000000001,
      0.11436666666666666,
      0.0995,
      0.07443333333333334,
      0.08395000000000001,
      0.07347999999999999,
      0.0815,
      0.12269999999999999,
      0.10055000000000001,
      0.08532,
      0.23788333333333334,
      0.14101666666666665,
      0.09016666666666667,
      0.09946666666666666,
      0.0982,
      0.15085,
      0.147525,
      0.20083333333333334,
      1.0,
      0.13663333333333336,
      0.12993333333333335,
      0.08549999999999999,
      0.09599999999999999,
      0.08641666666666666,
      0.08973333333333333,
      0.08745,
      0.08967499999999999,
      0.08325,
      0.07478333333333333,
      0.08263999999999999,
      0.0824,
      0.07758333333333334,
      0.06876666666666666,
      0.08818333333333334,
      0.06938000000000001,
      0.08583333333333333
    ],
    [
      0.09486666666666667,
      0.1108,
      0.09663333333333333,
      0.10815999999999999,
      0.13738333333333333,
      0.1947833333333333,
      0.1563,
      0.18394999999999997,
      0.08915000000000001,
      0.17834,
      0.15011999999999998,
      0.13259999999999997,
      0.15096,
      0.0871,
      0.10468333333333335,
      0.08636,
      0.1086,
      0.0972,
      0.1048,
      0.09700000000000002,
      0.14321666666666666,
      0.10845,
      0.10526666666666666,
      0.11241666666666666,
      0.11112000000000002,
      0.10678333333333333,
      0.111725,
      0.13276666666666667,
      0.13663333333333336,
      1.0,
      0.3717,
      0.098575,
      0.11937499999999998,
      0.10365,
      0.10766666666666667,
      0.098275,
      0.10645,
      0.09911666666666667,
      0.0778,
      0.08666000000000001,
      0.08754,
      0.09115000000000001,
      0.09499999999999999,
      0.09018333333333332,
      0.07244,
      0.11653333333333334
    ],
    [
      0.11181666666666666,
      0.12721666666666667,
      0.11149999999999999,
      0.11968000000000001,
      0.1545,
      0.2101333333333333,
      0.17408333333333334,
      0.20521666666666669,
      0.10425,
      0.14565999999999998,
      0.12822,
      0.1399,
      0.1383,
      0.10496666666666667,
      0.12161666666666666,
      0.10508000000000002,
      0.1364,
      0.0871,
      0.10861666666666668,
      0.11235999999999999,
      0.13751666666666665,
      0.0974,
      0.12163333333333333,
      0.12505000000000002,
      0.12664,
      0.09861666666666667,
      0.10065,
      0.12655,
      0.12993333333333335,
      0.3717,
      1.0,
      0.11879999999999999,
      0.133975,
      0.12221666666666664,
      0.12278333333333334,
      0.118875,
      0.12542499999999998,
      0.11811666666666666,
      0.07906666666666666,
      0.09240000000000001,
      0.09247999999999999,
      0.09653333333333332,
      0.10781666666666667,
      0.08776666666666666,
      0.07787999999999999,
      0.12531666666666666
    ],
    [
      0.15225,
      0.1491,
      0.14307499999999998,
      0.13929999999999998,
      0.144475,
      0.134925,
      0.14279999999999998,
      0.14365,
      0.134875,
      0.04835,
      0.060575000000000004,
      0.12165000000000001,
      0.11109999999999999,
      0.153475,
      0.149675,
      0.15963333333333335,
      0.1793,
      0.04745,
      0.116525,
      0.15286666666666668,
      0.08574999999999999,
      0.060175,
      0.16762500000000002,
      0.155525,
      0.15885,
      0.0679,
      0.06626666666666667,
      0.081825,
      0.08549999999999999,
      0.098575,
      0.11879999999999999,
      1.0,
      0.1855,
      0.17665,
      0.17907499999999998,
      0.17705,
      0.16607499999999997,
      0.17434999999999998,
      0.06515,
      0.081675,
      0.07945,
      0.0853,
      0.11402500000000002,
      0.0699,
      0.09086666666666667,
      0.121
    ],
    [
      0.148275,
      0.15425,
      0.147025,
      0.14942499999999997,
      0.15049999999999997,
      0.14675,
      0.1472,
      0.15307500000000002,
      0.13705,
      0.06465,
      0.07555,
      0.1254,
      0.12132499999999999,
      0.148925,
      0.15864999999999999,
      0.147325,
      0.1813,
      0.04825,
      0.12160000000000001,
      0.144925,
      0.09985,
      0.07455,
      0.170075,
      0.16809999999999997,
      0.16949999999999998,
      0.077925,
      0.07013333333333334,
      0.0945,
      0.09599999999999999,
      0.11937499999999998,
      0.133975,
      0.1855,
      1.0,
      0.18430000000000002,
      0.1918,
      0.18183333333333332,
      0.17800000000000002,
      0.179875,
      0.066325,
      0.085825,
      0.08405,
      0.08990000000000001,
      0.11299999999999999,
      0.07515,
      0.09000000000000001,
      0.123525
    ],
    [
      0.14921666666666666,
      0.15196666666666667,
      0.14213333333333333,
      0.13782,
      0.14668333333333333,
      0.14001666666666665,
      0.14473333333333335,
      0.14846666666666666,
      0.13406666666666667,
      0.0524,
      0.06301999999999999,
      0.11875000000000001,
      0.10633999999999999,
      0.15065,
      0.15259999999999999,
      0.15208,
      0.1872,
      0.05203333333333334,
      0.1075,
      0.14936,
      0.08643333333333332,
      0.06221666666666667,
      0.16813333333333333,
      0.1543,
      0.16427999999999998,
      0.06928333333333332,
      0.06180000000000001,
      0.08420000000000001,
      0.08641666666666666,
      0.10365,
      0.12221666666666664,
      0.17665,
      0.18430000000000002,
      1.0,
      0.17720000000000002,
      0.17222500000000002,
      0.170825,
      0.18133333333333335,
      0.07401666666666666,
      0.09204,
      0.08956,
      0.09046666666666668,
      0.11423333333333334,
      0.07210000000000001,
      0.09234,
      0.12328333333333334
    ],
    [
      0.14243333333333333,
      0.14766666666666667,
      0.13836666666666667,
      0.13727999999999999,
      0.1428,
      0.14025,
      0.14181666666666667,
      0.1479666666666667,
      0.12938333333333332,
      0.056499999999999995,
      0.06866,
      0.11776666666666669,
      0.10676000000000001,
      0.1438,
      0.14984999999999998,
      0.14642,
      0.1723,
      0.05826666666666667,
      0.10876666666666666,
      0.1426,
      0.09256666666666667,
      0.06986666666666667,
      0.1637666666666667,
      0.155,
      0.16160000000000002,
      0.07306666666666667,
      0.06575,
      0.08935,
      0.08973333333333333,
      0.10766666666666667,
      0.12278333333333334,
      0.17907499999999998,
      0.1918,
      0.17720000000000002,
      1.0,
      0.1752,
      0.1654,
      0.19600000000000004,
      0.07360000000000001,
      0.09056,
      0.08771999999999999,
      0.08935,
      0.11233333333333333,
      0.07455,
      0.09043999999999999,
      0.12183333333333334
    ],
    [
      0.152625,
      0.150675,
      0.14255,
      0.141175,
      0.148525,
      0.132775,
      0.146125,
      0.13995000000000002,
      0.13395,
      0.05,
      0.0632,
      0.126225,
      0.1121,
      0.15335,
      0.15015,
      0.1595,
      0.1846,
      0.04665,
      0.119,
      0.15476666666666666,
      0.09082499999999999,
      0.06235,
      0.1792,
      0.16515000000000002,
      0.16635000000000003,
      0.07105,
      0.06623333333333332,
      0.085325,
      0.08745,
      0.098275,
      0.118875,
      0.17705,
      0.18183333333333332,
      0.17222500000000002,
      0.1752,
      1.0,
      0.180925,
      0.1728,
      0.0632,
      0.079525,
      0.07790000000000001,
      0.08385000000000001,
      0.11347499999999999,
      0.071375,
      0.08846666666666668,
      0.11575000000000002
    ],
    [
      0.1487,
      0.14809999999999998,
      0.1393,
      0.13815,
      0.148375,
      0.1366,
      0.14742499999999997,
      0.144125,
      0.13075,
      0.0561,
      0.0672,
      0.12885,
      0.114425,
      0.14735,
      0.14575,
      0.15363333333333332,
      0.1831,
      0.0463,
      0.1172,
      0.15206666666666666,
      0.093525,
      0.06357499999999999,
      0.176325,
      0.215125,
      0.19162500000000002,
      0.0739,
      0.06923333333333333,
      0.0892,
      0.08967499999999999,
      0.10645,
      0.12542499999999998,
      0.16607499999999997,
      0.17800000000000002,
      0.170825,
      0.1654,
      0.180925,
      1.0,
      0.166975,
      0.063625,
      0.08032500000000001,
      0.07865,
      0.0849,
      0.11134999999999999,
      0.07325,
      0.08706666666666667,
      0.117925
    ],
    [
      0.14993333333333334,
      0.1545,
      0.14491666666666667,
      0.13878,
      0.14565,
      0.13820000000000002,
      0.14176666666666668,
      0.14795,
      0.13605,
      0.04902,
      0.06164000000000001,
      0.11401666666666667,
      0.10478000000000001,
      0.15294999999999997,
      0.15533333333333335,
      0.15566,
      0.187,
      0.05006666666666667,
      0.10798333333333333,
      0.15012,
      0.08221666666666667,
      0.06105,
      0.16574999999999998,
      0.15355,
      0.16512000000000002,
      0.06576666666666667,
      0.057625,
      0.08041666666666668,
      0.08325,
      0.09911666666666667,
      0.11811666666666666,
      0.17434999999999998,
      0.179875,
      0.18133333333333335,
      0.19600000000000004,
      0.1728,
      0.166975,
      1.0,
      0.07358333333333333,
      0.09015999999999999,
      0.08674000000000001,
      0.08905,
      0.11458333333333331,
      0.07081666666666665,
      0.09138,
      0.12091666666666667
    ],
    [
      0.07283333333333335,
      0.07613333333333333,
      0.07226666666666667,
      0.06763999999999999,
      0.07595,
      0.08393333333333332,
      0.07825,
      0.08543333333333335,
      0.07008333333333333,
      0.06916,
      0.06866000000000001,
      0.06953333333333334,
      0.059199999999999996,
      0.07185000000000001,
      0.07559999999999999,
      0.06916,
      0.0324,
      0.07840000000000001,
      0.06546666666666666,
      0.06852,
      0.07151666666666666,
      0.07343333333333334,
      0.07346666666666667,
      0.07133333333333335,
      0.06916000000000001,
      0.07288333333333333,
