{
  "sign": "positive",
  "percentage": 0.05,
  "component": "neurons",
  "models": [
    "Qwen_Qwen2-5-32B-Instruct",
    "Qwen_Qwen2-5-72B-Instruct",
    "allenai_OLMo-2-0325-32B-Instruct",
    "meta-llama_Meta-Llama-3-1-70B-Instruct",
    "mistralai_Mistral-Large-Instruct-2407",
    "mistralai_Mistral-Small-24B-Instruct-2501"
  ],
  "tasks": [
    "MD/add_sub_2op_symbolic",
    "MD/add_sub_2op_verbal",
    "MD/add_sub_3op_symbolic",
    "MD/add_sub_3op_verbal",
    "MD/code_A",
    "MD/code_B",
    "MD/code_conditional",
    "MD/code_list",
    "MD/code_loop",
    "MD/logic_propositional_1",
    "MD/logic_propositional_symbolic",
    "MD/logic_syllogism_1",
    "MD/logic_syllogism_symbolic",
    "MD/mul_div_2op_symbolic",
    "MD/mul_div_2op_verbal",
    "MD/mul_div_3op_symbolic",
    "MD/mul_div_3op_verbal",
    "MD/number_sequence",
    "MD/number_sorting",
    "MD/simple_equation",
    "ToM/agent",
    "ToM/desires_goals",
    "ToM/emotion_fewshot",
    "ToM/norm_appropriate",
    "ToM/norm_moral",
    "ToM/primary_emotions",
    "ToM/secondary_emotions",
    "ToM/social_interactions",
    "ToM/social_relations",
    "phys/phys_newton",
    "phys/phys_prost",
    "phys/physics_brightness",
    "phys/physics_buoyancy",
    "phys/physics_elasticity",
    "phys/physics_solubility",
    "phys/physics_speed",
    "phys/physics_stability",
    "phys/physics_temperature",
    "Lan/anaphor_gender_agreement",
    "Lan/det_noun_agreement_irregular",
    "Lan/det_noun_agreement_regular",
    "Lan/det_noun_agreement_with_adjective",
    "Lan/hypernymy",
    "Lan/npi",
    "Lan/subject_verb_agreement",
    "Lan/wug"
  ],
  "avg_overlap_matrix": [
    [
      1.0,
      0.43616666666666665,
      0.6079500000000001,
      0.32232000000000005,
      0.29386666666666666,
      0.0192,
      0.0081,
      0.007050000000000001,
      0.30505000000000004,
      0.00172,
      0.00482,
      0.005116666666666667,
      0.0098,
      0.5670833333333333,
      0.3297333333333333,
      0.44492000000000004,
      0.3562,
      0.10146666666666666,
      0.0232,
      0.41902,
      0.0030833333333333338,
      0.005783333333333334,
      0.0034000000000000002,
      0.005016666666666667,
      0.00262,
      0.004566666666666667,
      0.001125,
      0.0038666666666666663,
      0.0029999999999999996,
      0.0032166666666666663,
      0.002983333333333334,
      0.005625,
      0.007,
      0.00535,
      0.007416666666666666,
      0.004,
      0.004675,
      0.0061333333333333335,
      0.0006833333333333334,
      0.00122,
      0.00124,
      0.0007500000000000001,
      0.0002833333333333333,
      0.0003166666666666667,
      0.0,
      0.0037333333333333333
    ],
    [
      0.43616666666666665,
      1.0,
      0.35390000000000005,
      0.48886,
      0.24925,
      0.07348333333333333,
      0.04548333333333333,
      0.0587,
      0.2423666666666667,
      0.00148,
      0.00408,
      0.01635,
      0.00664,
      0.3285666666666667,
      0.5665833333333333,
      0.30208,
      0.5,
      0.11206666666666666,
      0.022016666666666667,
      0.34248,
      0.0037166666666666667,
      0.005833333333333333,
      0.025233333333333333,
      0.012799999999999999,
      0.015459999999999998,
      0.0037833333333333334,
      0.0038000000000000004,
      0.005350000000000001,
      0.0069,
      0.045250000000000005,
      0.04426666666666667,
      0.01955,
      0.040674999999999996,
      0.019200000000000002,
      0.028116666666666665,
      0.0402,
      0.022225,
      0.03203333333333334,
      0.00175,
      0.00234,
      0.0021599999999999996,
      0.0007333333333333332,
      0.0016666666666666668,
      0.0011,
      0.00056,
      0.0034333333333333334
    ],
    [
      0.6079500000000001,
      0.35390000000000005,
      1.0,
      0.31472,
      0.24186666666666667,
      0.016249999999999997,
      0.005533333333333334,
      0.005350000000000001,
      0.24525,
      0.00484,
      0.00802,
      0.004566666666666667,
      0.011100000000000002,
      0.44298333333333345,
      0.266,
      0.37588,
      0.3215,
      0.08536666666666666,
      0.025283333333333335,
      0.35164,
      0.004733333333333333,
      0.012516666666666667,
      0.004483333333333333,
      0.00565,
      0.00266,
      0.00705,
      0.00055,
      0.007,
      0.0078000000000000005,
      0.005116666666666667,
      0.0033833333333333332,
      0.005549999999999999,
      0.008875000000000001,
      0.0076,
      0.006716666666666666,
      0.00555,
      0.0043749999999999995,
      0.008183333333333332,
      0.0013333333333333333,
      0.0025,
      0.002,
      0.0011,
      0.0,
      0.0011166666666666666,
      0.0016799999999999999,
      0.0032666666666666664
    ],
    [
      0.32232000000000005,
      0.48886,
      0.31472,
      1.0,
      0.17987999999999998,
      0.04706,
      0.03272,
      0.03362,
      0.18963999999999998,
      0.0094,
      0.01148,
      0.01982,
      0.011460000000000001,
      0.2531,
      0.4053,
      0.283475,
      0.4255,
      0.05365,
      0.032279999999999996,
      0.292425,
      0.009060000000000002,
      0.01248,
      0.02276,
      0.023979999999999998,
      0.0158,
      0.012140000000000001,
      0.005366666666666666,
      0.0115,
      0.012939999999999998,
      0.029699999999999997,
      0.027360000000000002,
      0.018674999999999997,
      0.025349999999999998,
      0.01702,
      0.023079999999999996,
      0.025099999999999997,
      0.0206,
      0.026379999999999997,
      0.00298,
      0.004,
      0.0038999999999999994,
      0.0033,
      0.00394,
      0.0030199999999999997,
      0.000675,
      0.0019200000000000003
    ],
    [
      0.29386666666666666,
      0.24925,
      0.24186666666666667,
      0.17987999999999998,
      1.0,
      0.17473333333333332,
      0.34995000000000004,
      0.13968333333333333,
      0.40946666666666665,
      0.026019999999999998,
      0.023659999999999997,
      0.08045000000000001,
      0.036939999999999994,
      0.29581666666666667,
      0.235,
      0.30013999999999996,
      0.2902,
      0.14723333333333335,
      0.04626666666666667,
      0.3577,
      0.017133333333333334,
      0.008866666666666667,
      0.05343333333333333,
      0.048666666666666664,
      0.04898,
      0.008916666666666666,
      0.007325,
      0.01695,
      0.030283333333333332,
      0.12238333333333333,
      0.11693333333333333,
      0.051500000000000004,
      0.057925,
      0.03735,
      0.039850000000000003,
      0.067175,
      0.05695,
      0.040483333333333336,
      0.0022333333333333333,
      0.00118,
      0.0012000000000000001,
      0.0007833333333333334,
      0.0022833333333333334,
      0.0012,
      0.00124,
      0.006866666666666667
    ],
    [
      0.0192,
      0.07348333333333333,
      0.016249999999999997,
      0.04706,
      0.17473333333333332,
      1.0,
      0.33263333333333334,
      0.6251333333333334,
      0.018533333333333336,
      0.025519999999999998,
      0.026979999999999997,
      0.05893333333333334,
      0.07121999999999999,
      0.017566666666666664,
      0.06993333333333333,
      0.014599999999999998,
      0.066,
      0.021466666666666665,
      0.0404,
      0.01422,
      0.01975,
      0.012966666666666666,
      0.10074999999999999,
      0.07526666666666666,
      0.10454,
      0.006549999999999999,
      0.013974999999999998,
      0.03326666666666667,
      0.07063333333333334,
      0.35696666666666665,
      0.36873333333333336,
      0.11405,
      0.13035,
      0.08341666666666668,
      0.11635,
      0.10015,
      0.10515000000000001,
      0.11205,
      0.005350000000000001,
      0.0026000000000000003,
      0.0019999999999999996,
      0.0019833333333333335,
      0.005166666666666667,
      0.0017166666666666667,
      0.00054,
      0.02603333333333333
    ],
    [
      0.0081,
      0.04548333333333333,
      0.005533333333333334,
      0.03272,
      0.34995000000000004,
      0.33263333333333334,
      1.0,
      0.3052333333333333,
      0.009266666666666668,
      0.04218000000000001,
      0.037739999999999996,
      0.15751666666666667,
      0.07449999999999998,
      0.007366666666666667,
      0.04278333333333333,
      0.0061600000000000005,
      0.0465,
      0.007566666666666666,
      0.029249999999999998,
      0.00524,
      0.032183333333333335,
      0.011533333333333335,
      0.09546666666666666,
      0.1067,
      0.11579999999999999,
      0.01405,
      0.017675,
      0.031200000000000002,
      0.05663333333333334,
      0.23473333333333332,
      0.23433333333333337,
      0.10675,
      0.09860000000000001,
      0.07316666666666667,
      0.075,
      0.11895,
      0.11635,
      0.08205,
      0.004,
      0.0031399999999999996,
      0.00388,
      0.0030833333333333333,
      0.0053,
      0.0027500000000000003,
      0.0019,
      0.02806666666666667
    ],
    [
      0.007050000000000001,
      0.0587,
      0.005350000000000001,
      0.03362,
      0.13968333333333333,
      0.6251333333333334,
      0.3052333333333333,
      1.0,
      0.00735,
      0.0217,
      0.02234,
      0.05775,
      0.07274,
      0.007266666666666668,
      0.05963333333333334,
      0.0057599999999999995,
      0.0711,
      0.010066666666666666,
      0.030766666666666664,
      0.0030999999999999995,
      0.018766666666666664,
      0.012966666666666666,
      0.10441666666666666,
      0.07963333333333333,
      0.11779999999999999,
      0.0048,
      0.013250000000000001,
      0.03401666666666667,
      0.06908333333333333,
      0.3631,
      0.3807833333333333,
      0.116675,
      0.130675,
      0.09284999999999999,
      0.11646666666666668,
      0.09985,
      0.119525,
      0.11211666666666668,
      0.005400000000000001,
      0.0036800000000000005,
      0.0033799999999999998,
      0.00295,
      0.007100000000000001,
      0.0014666666666666667,
      0.0010000000000000002,
      0.027
    ],
    [
      0.30505000000000004,
      0.2423666666666667,
      0.24525,
      0.18963999999999998,
      0.40946666666666665,
      0.018533333333333336,
      0.009266666666666668,
      0.00735,
      1.0,
      0.00288,
      0.0038000000000000004,
      0.010483333333333332,
      0.00788,
      0.3343,
      0.2530666666666667,
      0.3426,
      0.3257,
      0.11716666666666666,
      0.02581666666666667,
      0.37998000000000004,
      0.004166666666666667,
      0.005633333333333334,
      0.004566666666666666,
      0.0058,
      0.00286,
      0.0030833333333333338,
      0.002575,
      0.0038166666666666666,
      0.004533333333333334,
      0.004816666666666666,
      0.00415,
      0.004475000000000001,
      0.010175,
      0.005399999999999999,
      0.0065,
      0.006074999999999999,
      0.004874999999999999,
      0.007666666666666666,
      0.00335,
      0.00428,
      0.0041400000000000005,
      0.003283333333333334,
      0.00235,
      0.0031000000000000003,
      0.0021999999999999997,
      0.0028833333333333337
    ],
    [
      0.00172,
      0.00148,
      0.00484,
      0.0094,
      0.026019999999999998,
      0.025519999999999998,
      0.04218000000000001,
      0.0217,
      0.00288,
      1.0,
      0.13532000000000002,
      0.057420000000000006,
      0.18683999999999998,
      0.00284,
      0.0021999999999999997,
      0.002575,
      0.0008,
      0.00265,
      0.01912,
      0.003575,
      0.03276,
      0.0147,
      0.018539999999999997,
      0.02362,
      0.030074999999999998,
      0.0153,
      0.0118,
      0.02912,
      0.03608,
      0.12518,
      0.08768000000000001,
      0.01415,
      0.0231,
      0.013980000000000001,
      0.013919999999999998,
      0.02,
      0.02615,
      0.01114,
      0.0006399999999999999,
      0.00066,
      0.00047999999999999996,
      0.00064,
      0.0005,
      0.00424,
      0.0002,
      0.00146
    ],
    [
      0.00482,
      0.00408,
      0.00802,
      0.01148,
      0.023659999999999997,
      0.026979999999999997,
      0.037739999999999996,
      0.02234,
      0.0038000000000000004,
      0.13532000000000002,
      1.0,
      0.052579999999999995,
      0.09721999999999999,
      0.0043,
      0.0049,
      0.003875,
      0.0,
      0.01115,
      0.028739999999999998,
      0.007124999999999999,
      0.047720000000000005,
      0.025259999999999998,
      0.017300000000000003,
      0.022680000000000002,
      0.030750000000000003,
      0.029680000000000005,
      0.019233333333333335,
      0.04228,
      0.0457,
      0.09038,
      0.06838,
      0.014225,
      0.0296,
      0.01316,
      0.01356,
      0.018325,
      0.020975,
      0.013439999999999999,
      0.00212,
      0.0014,
      0.0009600000000000001,
      0.00030000000000000003,
      0.00046,
      0.0021200000000000004,
      0.00125,
      0.00178
    ],
    [
      0.005116666666666667,
      0.01635,
      0.004566666666666667,
      0.01982,
      0.08045000000000001,
      0.05893333333333334,
      0.15751666666666667,
      0.05775,
      0.010483333333333332,
      0.057420000000000006,
      0.052579999999999995,
      1.0,
      0.06251999999999999,
      0.004633333333333333,
      0.01615,
      0.00404,
      0.0178,
      0.007699999999999999,
      0.02445,
      0.0053,
      0.052,
      0.017616666666666666,
      0.043500000000000004,
      0.07026666666666669,
      0.07125999999999999,
      0.01788333333333333,
      0.02025,
      0.03936666666666666,
      0.03603333333333333,
      0.07326666666666667,
      0.06503333333333333,
      0.03225,
      0.04685,
      0.028216666666666668,
      0.028866666666666665,
      0.07210000000000001,
      0.0732,
      0.030416666666666665,
      0.005566666666666667,
      0.008860000000000002,
      0.00832,
      0.0059499999999999996,
      0.006883333333333334,
      0.011716666666666667,
      0.0024000000000000002,
      0.0118
    ],
    [
      0.0098,
      0.00664,
      0.011100000000000002,
      0.011460000000000001,
      0.036939999999999994,
      0.07121999999999999,
      0.07449999999999998,
      0.07274,
      0.00788,
      0.18683999999999998,
      0.09721999999999999,
      0.06251999999999999,
      1.0,
      0.006279999999999999,
      0.009040000000000001,
      0.009675,
      0.0102,
      0.011,
      0.031420000000000003,
      0.010849999999999999,
      0.031799999999999995,
      0.01208,
      0.033979999999999996,
      0.04022,
      0.060649999999999996,
      0.01076,
      0.0106,
      0.02582,
      0.04654,
      0.16582000000000002,
      0.13512,
      0.04715,
      0.04695,
      0.035579999999999994,
      0.03536,
      0.036324999999999996,
      0.052274999999999995,
      0.030359999999999998,
      0.0052,
      0.004940000000000001,
      0.004940000000000001,
      0.004260000000000001,
      0.005359999999999999,
      0.004999999999999999,
      0.0032500000000000003,
      0.011
    ],
    [
      0.5670833333333333,
      0.3285666666666667,
      0.44298333333333345,
      0.2531,
      0.29581666666666667,
      0.017566666666666664,
      0.007366666666666667,
      0.007266666666666668,
      0.3343,
      0.00284,
      0.0043,
      0.004633333333333333,
      0.006279999999999999,
      1.0,
      0.45035000000000003,
      0.6426399999999999,
      0.5059,
      0.1069,
      0.021733333333333337,
      0.46552000000000004,
      0.003283333333333334,
      0.006949999999999999,
      0.0029,
      0.005600000000000001,
      0.0021599999999999996,
      0.004933333333333334,
      0.001075,
      0.004083333333333334,
      0.004116666666666667,
      0.0039499999999999995,
      0.004,
      0.0026999999999999997,
      0.008425,
      0.0048,
      0.00645,
      0.003575,
      0.0039,
      0.0067666666666666665,
      0.0010666666666666665,
      0.00066,
      0.00068,
      0.00013333333333333334,
      0.0007833333333333334,
      0.0004,
      0.00054,
      0.0014999999999999998
    ],
    [
      0.3297333333333333,
      0.5665833333333333,
      0.266,
      0.4053,
      0.235,
      0.06993333333333333,
      0.04278333333333333,
      0.05963333333333334,
      0.2530666666666667,
      0.0021999999999999997,
      0.0049,
      0.01615,
      0.009040000000000001,
      0.45035000000000003,
      1.0,
      0.42957999999999996,
      0.6768,
      0.10156666666666668,
      0.02161666666666667,
      0.36998,
      0.0032666666666666664,
      0.0055000000000000005,
      0.0241,
      0.012033333333333333,
      0.016900000000000002,
      0.003783333333333333,
      0.0040999999999999995,
      0.005783333333333334,
      0.006866666666666667,
      0.047716666666666664,
      0.04555,
      0.02235,
      0.037825,
      0.020316666666666667,
      0.029966666666666666,
      0.036074999999999996,
      0.0236,
      0.029383333333333334,
      0.001,
      0.0019199999999999998,
      0.00186,
      0.00046666666666666666,
      0.0015666666666666667,
      0.0013166666666666667,
      0.00016,
      0.0020166666666666666
    ],
    [
      0.44492000000000004,
      0.30208,
      0.37588,
      0.283475,
      0.30013999999999996,
      0.014599999999999998,
      0.0061600000000000005,
      0.0057599999999999995,
      0.3426,
      0.002575,
      0.003875,
      0.00404,
      0.009675,
      0.6426399999999999,
      0.42957999999999996,
      1.0,
      0.5719,
      0.10843333333333334,
      0.02322,
      0.47896,
      0.00386,
      0.007859999999999999,
      0.00478,
      0.00564,
      0.0029500000000000004,
      0.00546,
      0.0007750000000000001,
      0.00368,
      0.00606,
      0.005300000000000001,
      0.0045000000000000005,
      0.0052,
      0.007724999999999999,
      0.007200000000000001,
      0.00882,
      0.004066666666666666,
      0.0049,
      0.007139999999999999,
      0.0017599999999999998,
      0.0018,
      0.0015999999999999999,
      0.0013,
      0.0004,
      0.0009599999999999999,
      0.0002,
      0.00148
    ],
    [
      0.3562,
      0.5,
      0.3215,
      0.4255,
      0.2902,
      0.066,
      0.0465,
      0.0711,
      0.3257,
      0.0008,
      0.0,
      0.0178,
      0.0102,
      0.5059,
      0.6768,
      0.5719,
      1.0,
      0.0694,
      0.0313,
      0.4222,
      0.0025,
      0.0051,
      0.0482,
      0.0262,
      0.0271,
      0.0017,
      0.0017,
      0.0034,
      0.0051,
      0.0592,
      0.0533,
      0.0254,
      0.0415,
      0.0347,
      0.0338,
      0.0389,
      0.0381,
      0.0415,
      0.0,
      0.0008,
      0.0008,
      0.0008,
      0.0008,
      0.0,
      0.0,
      0.0051
    ],
    [
      0.10146666666666666,
      0.11206666666666666,
      0.08536666666666666,
      0.05365,
      0.14723333333333335,
      0.021466666666666665,
      0.007566666666666666,
      0.010066666666666666,
      0.11716666666666666,
      0.00265,
      0.01115,
      0.007699999999999999,
      0.011,
      0.1069,
      0.10156666666666668,
      0.10843333333333334,
      0.0694,
      1.0,
      0.033800000000000004,
      0.1514,
      0.021566666666666668,
      0.02173333333333333,
      0.0051,
      0.006966666666666667,
      0.009333333333333334,
      0.0163,
      0.020733333333333333,
      0.019766666666666665,
      0.022133333333333335,
      0.0063999999999999994,
      0.004966666666666667,
      0.0069,
      0.007899999999999999,
      0.004933333333333334,
      0.006333333333333333,
      0.00795,
      0.00605,
      0.005466666666666667,
      0.003966666666666667,
      0.00435,
      0.0034999999999999996,
      0.0011333333333333334,
      0.0,
      0.0014,
      0.0014,
      0.0007666666666666667
    ],
    [
      0.0232,
      0.022016666666666667,
      0.025283333333333335,
      0.032279999999999996,
      0.04626666666666667,
      0.0404,
      0.029249999999999998,
      0.030766666666666664,
      0.02581666666666667,
      0.01912,
      0.028739999999999998,
      0.02445,
      0.031420000000000003,
      0.021733333333333337,
      0.02161666666666667,
      0.02322,
      0.0313,
      0.033800000000000004,
      1.0,
      0.025560000000000006,
      0.01898333333333333,
      0.015966666666666667,
      0.027366666666666664,
      0.031133333333333332,
      0.03156,
      0.016416666666666666,
      0.008725,
      0.018866666666666667,
      0.024266666666666662,
      0.03378333333333333,
      0.03235,
      0.024099999999999996,
      0.047425,
      0.02096666666666667,
      0.027083333333333334,
      0.033775,
      0.03015,
      0.02306666666666667,
      0.004383333333333334,
      0.0038599999999999997,
      0.0029,
      0.002266666666666667,
      0.00028333333333333335,
      0.00325,
      0.00208,
      0.0036999999999999997
    ],
    [
      0.41902,
      0.34248,
      0.35164,
      0.292425,
      0.3577,
      0.01422,
      0.00524,
      0.0030999999999999995,
      0.37998000000000004,
      0.003575,
      0.007124999999999999,
      0.0053,
      0.010849999999999999,
      0.46552000000000004,
      0.36998,
      0.47896,
      0.4222,
      0.1514,
      0.025560000000000006,
      1.0,
      0.00324,
      0.006840000000000001,
      0.00394,
      0.00534,
      0.0034,
      0.00462,
      0.002425,
      0.005019999999999999,
      0.00554,
      0.0032199999999999998,
      0.0021999999999999997,
      0.004300000000000001,
      0.0079,
      0.00654,
      0.0071400000000000005,
      0.004066666666666666,
      0.004066666666666667,
      0.00878,
      0.00184,
      0.001475,
      0.000625,
      0.0006799999999999999,
      0.00112,
      0.00122,
      0.000825,
      0.0014
    ],
    [
      0.0030833333333333338,
      0.0037166666666666667,
      0.004733333333333333,
      0.009060000000000002,
      0.017133333333333334,
      0.01975,
      0.032183333333333335,
      0.018766666666666664,
      0.004166666666666667,
      0.03276,
      0.047720000000000005,
      0.052,
      0.031799999999999995,
      0.003283333333333334,
      0.0032666666666666664,
      0.00386,
      0.0025,
      0.021566666666666668,
      0.01898333333333333,
      0.00324,
      1.0,
      0.07826666666666666,
      0.02256666666666667,
      0.027633333333333333,
      0.033979999999999996,
      0.10546666666666667,
      0.09375,
      0.21575,
      0.20811666666666664,
      0.03626666666666666,
      0.032766666666666666,
      0.0169,
      0.0295,
      0.01875,
      0.017650000000000002,
      0.022325,
      0.022575,
      0.016233333333333332,
      0.004833333333333334,
      0.00346,
      0.00182,
      0.0012333333333333335,
      0.0009666666666666666,
      0.0037833333333333334,
      0.00116,
      0.0023
    ],
    [
      0.005783333333333334,
      0.005833333333333333,
      0.012516666666666667,
      0.01248,
      0.008866666666666667,
      0.012966666666666666,
      0.011533333333333335,
      0.012966666666666666,
      0.005633333333333334,
      0.0147,
      0.025259999999999998,
      0.017616666666666666,
      0.01208,
      0.006949999999999999,
      0.0055000000000000005,
      0.007859999999999999,
      0.0051,
      0.02173333333333333,
      0.015966666666666667,
      0.006840000000000001,
      0.07826666666666666,
      1.0,
      0.013466666666666667,
      0.014766666666666666,
      0.01278,
      0.08126666666666667,
      0.14325000000000002,
      0.11443333333333332,
      0.07668333333333334,
      0.015966666666666667,
      0.012100000000000001,
      0.0108,
      0.0224,
      0.015300000000000001,
      0.014316666666666665,
      0.010125,
      0.011275,
      0.013866666666666666,
      0.005933333333333333,
      0.0027,
      0.0026,
      0.0022500000000000003,
      0.0026333333333333334,
      0.004433333333333333,
      0.00214,
      0.002866666666666667
    ],
    [
      0.0034000000000000002,
      0.025233333333333333,
      0.004483333333333333,
      0.02276,
      0.05343333333333333,
      0.10074999999999999,
      0.09546666666666666,
      0.10441666666666666,
      0.004566666666666666,
      0.018539999999999997,
      0.017300000000000003,
      0.043500000000000004,
      0.033979999999999996,
      0.0029,
      0.0241,
      0.00478,
      0.0482,
      0.0051,
      0.027366666666666664,
      0.00394,
      0.02256666666666667,
      0.013466666666666667,
      1.0,
      0.13213333333333335,
      0.12956,
      0.03816666666666667,
      0.043975,
      0.02856666666666667,
      0.032483333333333336,
      0.10453333333333333,
      0.10338333333333334,
      0.0991,
      0.1194,
      0.08066666666666666,
      0.08376666666666666,
      0.139375,
      0.1388,
      0.07884999999999999,
      0.008916666666666668,
      0.01248,
      0.012280000000000001,
      0.009433333333333334,
      0.014266666666666664,
      0.004966666666666667,
      0.0046,
      0.01005
    ],
    [
      0.005016666666666667,
      0.012799999999999999,
      0.00565,
      0.023979999999999998,
      0.048666666666666664,
      0.07526666666666666,
      0.1067,
      0.07963333333333333,
      0.0058,
      0.02362,
      0.022680000000000002,
      0.07026666666666669,
      0.04022,
      0.005600000000000001,
      0.012033333333333333,
      0.00564,
      0.0262,
      0.006966666666666667,
      0.031133333333333332,
      0.00534,
      0.027633333333333333,
      0.014766666666666666,
      0.13213333333333335,
      1.0,
      0.25216,
      0.02036666666666667,
      0.02335,
      0.034083333333333334,
      0.03265,
      0.08935,
      0.08458333333333334,
      0.10497500000000001,
      0.104375,
      0.07351666666666666,
      0.07253333333333332,
      0.11295,
      0.23279999999999998,
      0.07663333333333333,
      0.007616666666666667,
      0.00936,
      0.009280000000000002,
      0.009166666666666667,
      0.010400000000000001,
      0.0057333333333333325,
      0.0074800000000000005,
      0.011633333333333334
    ],
    [
      0.00262,
      0.015459999999999998,
      0.00266,
      0.0158,
      0.04898,
      0.10454,
      0.11579999999999999,
      0.11779999999999999,
      0.00286,
      0.030074999999999998,
      0.030750000000000003,
      0.07125999999999999,
      0.060649999999999996,
      0.0021599999999999996,
      0.016900000000000002,
      0.0029500000000000004,
      0.0271,
      0.009333333333333334,
      0.03156,
      0.0034,
      0.033979999999999996,
      0.01278,
      0.12956,
      0.25216,
      1.0,
      0.02248,
      0.034124999999999996,
      0.04842,
      0.050379999999999994,
      0.1289,
      0.13328,
      0.098475,
      0.12306666666666666,
      0.07683999999999999,
      0.08402000000000001,
      0.1127,
      0.215475,
      0.12552000000000002,
      0.00782,
      0.011600000000000001,
      0.010750000000000001,
      0.008740000000000001,
      0.00728,
      0.0024000000000000002,
      0.0031999999999999997,
      0.014259999999999998
    ],
    [
      0.004566666666666667,
      0.0037833333333333334,
      0.00705,
      0.012140000000000001,
      0.008916666666666666,
      0.006549999999999999,
      0.01405,
      0.0048,
      0.0030833333333333338,
      0.0153,
      0.029680000000000005,
      0.01788333333333333,
      0.01076,
      0.004933333333333334,
      0.003783333333333333,
      0.00546,
      0.0017,
      0.0163,
      0.016416666666666666,
      0.00462,
      0.10546666666666667,
      0.08126666666666667,
      0.03816666666666667,
      0.02036666666666667,
      0.02248,
      1.0,
      0.227625,
      0.09265000000000001,
      0.07783333333333334,
      0.01015,
      0.008666666666666666,
      0.004925,
      0.01965,
      0.011016666666666666,
      0.009699999999999999,
      0.01285,
      0.01325,
      0.010116666666666666,
      0.0033833333333333337,
      0.00294,
      0.00184,
      0.0013666666666666669,
      0.0014000000000000002,
      0.0037166666666666667,
      0.0017399999999999998,
      0.0009833333333333332
    ],
    [
      0.001125,
      0.0038000000000000004,
      0.00055,
      0.005366666666666666,
      0.007325,
      0.013974999999999998,
      0.017675,
      0.013250000000000001,
      0.002575,
      0.0118,
      0.019233333333333335,
      0.02025,
      0.0106,
      0.001075,
      0.0040999999999999995,
      0.0007750000000000001,
      0.0017,
      0.020733333333333333,
      0.008725,
      0.002425,
      0.09375,
      0.14325000000000002,
      0.043975,
      0.02335,
      0.034124999999999996,
      0.227625,
      1.0,
      0.125975,
      0.075475,
      0.022725000000000002,
      0.019725,
      0.008366666666666666,
      0.018166666666666668,
      0.01285,
      0.01185,
      0.0152,
      0.0168,
      0.012150000000000001,
      0.0028250000000000003,
      0.0037333333333333333,
      0.0028000000000000004,
      0.0026750000000000003,
      0.001875,
      0.003175,
      0.001,
      0.0013
    ],
    [
      0.0038666666666666663,
      0.005350000000000001,
      0.007,
      0.0115,
      0.01695,
      0.03326666666666667,
      0.031200000000000002,
      0.03401666666666667,
      0.0038166666666666666,
      0.02912,
      0.04228,
      0.03936666666666666,
      0.02582,
      0.004083333333333334,
      0.005783333333333334,
      0.00368,
      0.0034,
      0.019766666666666665,
      0.018866666666666667,
      0.005019999999999999,
      0.21575,
      0.11443333333333332,
      0.02856666666666667,
      0.034083333333333334,
      0.04842,
      0.09265000000000001,
      0.125975,
      1.0,
      0.17786666666666665,
      0.04861666666666666,
      0.045750000000000006,
      0.022949999999999998,
      0.030775,
      0.022633333333333328,
      0.02383333333333333,
      0.026225,
      0.031724999999999996,
      0.023999999999999997,
      0.006466666666666667,
      0.005879999999999999,
      0.0032,
      0.0027833333333333334,
      0.0023666666666666667,
      0.004083333333333333,
      0.00196,
      0.0027166666666666663
    ],
    [
      0.0029999999999999996,
      0.0069,
      0.0078000000000000005,
      0.012939999999999998,
      0.030283333333333332,
      0.07063333333333334,
      0.05663333333333334,
      0.06908333333333333,
      0.004533333333333334,
      0.03608,
      0.0457,
      0.03603333333333333,
      0.04654,
      0.004116666666666667,
      0.006866666666666667,
      0.00606,
      0.0051,
      0.022133333333333335,
      0.024266666666666662,
      0.00554,
      0.20811666666666664,
      0.07668333333333334,
      0.032483333333333336,
      0.03265,
      0.050379999999999994,
      0.07783333333333334,
      0.075475,
      0.17786666666666665,
      1.0,
      0.08646666666666668,
      0.08298333333333333,
      0.029575,
      0.040025,
      0.032933333333333335,
      0.031966666666666664,
      0.024724999999999997,
      0.031775000000000005,
      0.03813333333333333,
      0.010283333333333334,
      0.006319999999999999,
      0.0042,
      0.0022166666666666667,
      0.003066666666666667,
      0.004783333333333334,
      0.00128,
      0.0041333333333333335
    ],
    [
      0.0032166666666666663,
      0.045250000000000005,
      0.005116666666666667,
      0.029699999999999997,
      0.12238333333333333,
      0.35696666666666665,
      0.23473333333333332,
      0.3631,
      0.004816666666666666,
      0.12518,
      0.09038,
      0.07326666666666667,
      0.16582000000000002,
      0.0039499999999999995,
      0.047716666666666664,
      0.005300000000000001,
      0.0592,
      0.0063999999999999994,
      0.03378333333333333,
      0.0032199999999999998,
      0.03626666666666666,
      0.015966666666666667,
      0.10453333333333333,
      0.08935,
      0.1289,
      0.01015,
      0.022725000000000002,
      0.04861666666666666,
      0.08646666666666668,
      1.0,
      0.5755833333333333,
      0.10935,
      0.131125,
      0.09441666666666666,
      0.11183333333333334,
      0.097225,
      0.12519999999999998,
      0.09898333333333333,
      0.011166666666666667,
      0.00368,
      0.0035000000000000005,
      0.0026666666666666666,
      0.006966666666666666,
      0.0015833333333333333,
      0.0011,
      0.014383333333333333
    ],
    [
      0.002983333333333334,
      0.04426666666666667,
      0.0033833333333333332,
      0.027360000000000002,
      0.11693333333333333,
      0.36873333333333336,
      0.23433333333333337,
      0.3807833333333333,
      0.00415,
      0.08768000000000001,
      0.06838,
      0.06503333333333333,
      0.13512,
      0.004,
      0.04555,
      0.0045000000000000005,
      0.0533,
      0.004966666666666667,
      0.03235,
      0.0021999999999999997,
      0.032766666666666666,
      0.012100000000000001,
      0.10338333333333334,
      0.08458333333333334,
      0.13328,
      0.008666666666666666,
      0.019725,
      0.045750000000000006,
      0.08298333333333333,
      0.5755833333333333,
      1.0,
      0.11455,
      0.13527499999999998,
      0.09933333333333333,
      0.10418333333333335,
      0.103,
      0.127475,
      0.10728333333333333,
      0.007450000000000001,
      0.0025399999999999997,
      0.00258,
      0.002533333333333333,
      0.008266666666666667,
      0.0005333333333333333,
      0.0008,
      0.014499999999999999
    ],
    [
      0.005625,
      0.01955,
      0.005549999999999999,
      0.018674999999999997,
      0.051500000000000004,
      0.11405,
      0.10675,
      0.116675,
      0.004475000000000001,
      0.01415,
      0.014225,
      0.03225,
      0.04715,
      0.0026999999999999997,
      0.02235,
      0.0052,
      0.0254,
      0.0069,
      0.024099999999999996,
      0.004300000000000001,
      0.0169,
      0.0108,
      0.0991,
      0.10497500000000001,
      0.098475,
      0.004925,
      0.008366666666666666,
      0.022949999999999998,
      0.029575,
      0.10935,
      0.11455,
      1.0,
      0.12676666666666667,
      0.096,
      0.11150000000000002,
      0.09542499999999998,
      0.1078,
      0.093525,
      0.008625,
      0.012975,
      0.014975,
      0.01505,
      0.01325,
      0.006200000000000001,
      0.0101,
      0.02635
    ],
    [
      0.007,
      0.040674999999999996,
      0.008875000000000001,
      0.025349999999999998,
      0.057925,
      0.13035,
      0.09860000000000001,
      0.130675,
      0.010175,
      0.0231,
      0.0296,
      0.04685,
      0.04695,
      0.008425,
      0.037825,
      0.007724999999999999,
      0.0415,
      0.007899999999999999,
      0.047425,
      0.0079,
      0.0295,
      0.0224,
      0.1194,
      0.104375,
      0.12306666666666666,
      0.01965,
      0.018166666666666668,
      0.030775,
      0.040025,
      0.131125,
      0.13527499999999998,
      0.12676666666666667,
      1.0,
      0.138725,
      0.169925,
      0.14606666666666665,
      0.14453333333333332,
      0.1403,
      0.008125,
      0.013550000000000001,
      0.013800000000000002,
      0.01385,
      0.01155,
      0.004350000000000001,
      0.012933333333333333,
      0.034275
    ],
    [
      0.00535,
      0.019200000000000002,
      0.0076,
      0.01702,
      0.03735,
      0.08341666666666668,
      0.07316666666666667,
      0.09284999999999999,
      0.005399999999999999,
      0.013980000000000001,
      0.01316,
      0.028216666666666668,
      0.035579999999999994,
      0.0048,
      0.020316666666666667,
      0.007200000000000001,
      0.0347,
      0.004933333333333334,
      0.02096666666666667,
      0.00654,
      0.01875,
      0.015300000000000001,
      0.08066666666666666,
      0.07351666666666666,
      0.07683999999999999,
      0.011016666666666666,
      0.01285,
      0.022633333333333328,
      0.032933333333333335,
      0.09441666666666666,
      0.09933333333333333,
      0.096,
      0.138725,
      1.0,
      0.10686666666666668,
      0.07677500000000001,
      0.0874,
      0.09574999999999999,
      0.007866666666666668,
      0.0179,
      0.01838,
      0.016766666666666666,
      0.009333333333333334,
      0.0033000000000000004,
      0.01652,
      0.02628333333333333
    ],
    [
      0.007416666666666666,
      0.028116666666666665,
      0.006716666666666666,
      0.023079999999999996,
      0.039850000000000003,
      0.11635,
      0.075,
      0.11646666666666668,
      0.0065,
      0.013919999999999998,
      0.01356,
      0.028866666666666665,
      0.03536,
      0.00645,
      0.029966666666666666,
      0.00882,
      0.0338,
      0.006333333333333333,
      0.027083333333333334,
      0.0071400000000000005,
      0.017650000000000002,
      0.014316666666666665,
      0.08376666666666666,
      0.07253333333333332,
      0.08402000000000001,
      0.009699999999999999,
      0.01185,
      0.02383333333333333,
      0.031966666666666664,
      0.11183333333333334,
      0.10418333333333335,
      0.11150000000000002,
      0.169925,
      0.10686666666666668,
      1.0,
      0.104425,
      0.10145000000000001,
      0.13076666666666667,
      0.0063166666666666675,
      0.014859999999999998,
      0.013299999999999998,
      0.012133333333333331,
      0.010700000000000001,
      0.0035499999999999998,
      0.014879999999999999,
      0.023383333333333336
    ],
    [
      0.004,
      0.0402,
      0.00555,
      0.025099999999999997,
      0.067175,
      0.10015,
      0.11895,
      0.09985,
      0.006074999999999999,
      0.02,
      0.018325,
      0.07210000000000001,
      0.036324999999999996,
      0.003575,
      0.036074999999999996,
      0.004066666666666666,
      0.0389,
      0.00795,
      0.033775,
      0.004066666666666666,
      0.022325,
      0.010125,
      0.139375,
      0.11295,
      0.1127,
      0.01285,
      0.0152,
      0.026225,
      0.024724999999999997,
      0.097225,
      0.103,
      0.09542499999999998,
      0.14606666666666665,
      0.07677500000000001,
      0.104425,
      1.0,
      0.1684,
      0.10552500000000001,
      0.009675,
      0.013175000000000001,
      0.0122,
      0.012275000000000001,
      0.0195,
      0.006275,
      0.004433333333333333,
      0.00855
    ],
    [
      0.004675,
      0.022225,
      0.0043749999999999995,
      0.0206,
      0.05695,
      0.10515000000000001,
      0.11635,
      0.119525,
      0.004874999999999999,
      0.02615,
      0.020975,
      0.0732,
      0.052274999999999995,
      0.0039,
      0.0236,
      0.0049,
      0.0381,
      0.00605,
      0.03015,
      0.004066666666666667,
      0.022575,
      0.011275,
      0.1388,
      0.23279999999999998,
      0.215475,
      0.01325,
      0.0168,
      0.031724999999999996,
      0.031775000000000005,
      0.12519999999999998,
      0.127475,
      0.1078,
      0.14453333333333332,
      0.0874,
      0.10145000000000001,
      0.1684,
      1.0,
      0.090075,
      0.00865,
      0.014050000000000002,
      0.0134,
      0.013675,
      0.01575,
      0.0068249999999999995,
      0.003133333333333333,
      0.012825
    ],
    [
      0.0061333333333333335,
      0.03203333333333334,
      0.008183333333333332,
      0.026379999999999997,
      0.040483333333333336,
      0.11205,
      0.08205,
      0.11211666666666668,
      0.007666666666666666,
      0.01114,
      0.013439999999999999,
      0.030416666666666665,
      0.030359999999999998,
      0.0067666666666666665,
      0.029383333333333334,
      0.007139999999999999,
      0.0415,
      0.005466666666666667,
      0.02306666666666667,
      0.00878,
      0.016233333333333332,
      0.013866666666666666,
      0.07884999999999999,
      0.07663333333333333,
      0.12552000000000002,
      0.010116666666666666,
      0.012150000000000001,
      0.023999999999999997,
      0.03813333333333333,
      0.09898333333333333,
      0.10728333333333333,
      0.093525,
