{
  "sign": "positive",
  "percentage": 0.05,
  "component": "neurons",
  "models": [
    "Qwen_Qwen2-5-72B-Instruct",
    "allenai_OLMo-2-0325-32B-Instruct",
    "meta-llama_Meta-Llama-3-1-70B-Instruct",
    "mistralai_Mistral-Large-Instruct-2407",
    "mistralai_Mistral-Small-24B-Instruct-2501"
  ],
  "tasks": [
    "MD/add_sub_2op_symbolic",
    "MD/add_sub_2op_verbal",
    "MD/add_sub_3op_symbolic",
    "MD/add_sub_3op_verbal",
    "MD/code_A",
    "MD/code_B",
    "MD/code_conditional",
    "MD/code_list",
    "MD/code_loop",
    "MD/logic_propositional_1",
    "MD/logic_propositional_symbolic",
    "MD/logic_syllogism_1",
    "MD/logic_syllogism_symbolic",
    "MD/mul_div_2op_symbolic",
    "MD/mul_div_2op_verbal",
    "MD/mul_div_3op_symbolic",
    "MD/mul_div_3op_verbal",
    "MD/number_sequence",
    "MD/number_sorting",
    "MD/simple_equation",
    "ToM/agent",
    "ToM/desires_goals",
    "ToM/emotion_fewshot",
    "ToM/norm_appropriate",
    "ToM/norm_moral",
    "ToM/primary_emotions",
    "ToM/secondary_emotions",
    "ToM/social_interactions",
    "ToM/social_relations",
    "phys/phys_newton",
    "phys/phys_prost",
    "phys/physics_brightness",
    "phys/physics_buoyancy",
    "phys/physics_elasticity",
    "phys/physics_solubility",
    "phys/physics_speed",
    "phys/physics_stability",
    "phys/physics_temperature",
    "Lan/anaphor_gender_agreement",
    "Lan/det_noun_agreement_irregular",
    "Lan/det_noun_agreement_regular",
    "Lan/det_noun_agreement_with_adjective",
    "Lan/hypernymy",
    "Lan/npi",
    "Lan/subject_verb_agreement",
    "Lan/wug"
  ],
  "avg_overlap_matrix": [
    [
      0.0,
      0.0981794,
      0.1903012,
      0.074944,
      0.0576152,
      0.0046066,
      0.0024352,
      0.0018566,
      0.09783820000000001,
      0.0010555,
      0.00249125,
      0.002214,
      0.0047834999999999996,
      0.1500522,
      0.0785294,
      0.109795,
      0.060463,
      0.056773500000000005,
      0.014344,
      0.09883600000000001,
      0.0013192,
      0.0031174,
      0.0012632000000000001,
      0.0021769999999999997,
      0.000848,
      0.0025942,
      0.0006923333333333333,
      0.0016566,
      0.0011804,
      0.0007312000000000001,
      0.0007356,
      0.0018986666666666666,
      0.002406,
      0.0020136,
      0.0029141999999999996,
      0.001085,
      0.0009956666666666666,
      0.0023854,
      0.001267,
      0.0003995,
      0.00036574999999999997,
      0.00021520000000000003,
      0.000353,
      0.0006684,
      0.0,
      0.0035726
    ],
    [
      0.0981794,
      0.0,
      0.0919596,
      0.12386775,
      0.049336000000000005,
      0.017852999999999997,
      0.012695599999999998,
      0.015199599999999999,
      0.07983119999999999,
      0.00093775,
      0.0022485,
      0.007704600000000001,
      0.0027287500000000003,
      0.0781136,
      0.1381808,
      0.06838949999999999,
      0.084759,
      0.063218,
      0.0150504,
      0.07923374999999999,
      0.0018350000000000003,
      0.0038876,
      0.009518800000000001,
      0.005166,
      0.00505275,
      0.0024818,
      0.0019110000000000002,
      0.0024222000000000002,
      0.0028359999999999995,
      0.0106042,
      0.010869600000000002,
      0.007318666666666667,
      0.013850333333333334,
      0.0093648,
      0.0113716,
      0.015200333333333335,
      0.00713,
      0.013888800000000001,
      0.0024205999999999997,
      0.0009660000000000001,
      0.000828,
      0.00034619999999999996,
      0.002915,
      0.0053856,
      0.0007875,
      0.0030657999999999996
    ],
    [
      0.1903012,
      0.0919596,
      0.0,
      0.08152374999999999,
      0.0543376,
      0.004722799999999999,
      0.0019313999999999998,
      0.0017354000000000002,
      0.0888112,
      0.003494,
      0.006104,
      0.0023622,
      0.0066795000000000005,
      0.1324986,
      0.07019420000000001,
      0.10475025,
      0.061137,
      0.0554975,
      0.017479,
      0.1004885,
      0.0028390000000000004,
      0.009274399999999999,
      0.0023639999999999998,
      0.0031885999999999998,
      0.00090975,
      0.004632,
      0.000226,
      0.0038944,
      0.0038122000000000004,
      0.0013804,
      0.0009444000000000001,
      0.002688333333333334,
      0.0037626666666666663,
      0.0038156,
      0.0030794000000000004,
      0.0024746666666666667,
      0.001438,
      0.003976,
      0.0027949999999999997,
      0.001042,
      0.000835,
      0.000481,
      0.0,
      0.005487799999999999,
      0.002896,
      0.003943799999999999
    ],
    [
      0.074944,
      0.12386775,
      0.08152374999999999,
      0.0,
      0.03953575,
      0.013101,
      0.01096275,
      0.00967375,
      0.0676375,
      0.008496,
      0.01216925,
      0.012391,
      0.00754575,
      0.0653265,
      0.11125049999999999,
      0.07045666666666667,
      0.080483,
      0.037978,
      0.02927175,
      0.07778466666666667,
      0.006545250000000001,
      0.01275275,
      0.010168749999999999,
      0.012223250000000001,
      0.006049666666666666,
      0.011625,
      0.0035900000000000003,
      0.007355249999999999,
      0.0075664999999999994,
      0.008590500000000001,
      0.00801075,
      0.009986,
      0.009406,
      0.009832500000000001,
      0.01134225,
      0.01235,
      0.008459333333333333,
      0.014250500000000003,
      0.005372999999999999,
      0.001856,
      0.0017842499999999998,
      0.00141675,
      0.00713075,
      0.014848749999999999,
      0.000634,
      0.0018752500000000002
    ],
    [
      0.0576152,
      0.049336000000000005,
      0.0543376,
      0.03953575,
      0.0,
      0.03358219999999999,
      0.07739019999999999,
      0.028109399999999996,
      0.12028019999999999,
      0.0127275,
      0.010400749999999999,
      0.0306272,
      0.01274575,
      0.0585394,
      0.0459122,
      0.058017,
      0.043238,
      0.071329,
      0.030658800000000003,
      0.07353775,
      0.007198,
      0.0039964,
      0.0158578,
      0.014671400000000001,
      0.0118645,
      0.0046446000000000005,
      0.002976,
      0.0065614,
      0.0098154,
      0.022005200000000003,
      0.0223942,
      0.016352666666666668,
      0.013580666666666666,
      0.0131014,
      0.0129832,
      0.018647,
      0.014277333333333331,
      0.013319800000000001,
      0.0022873999999999998,
      0.00039874999999999996,
      0.00037799999999999997,
      0.000259,
      0.004185400000000001,
      0.0032006,
      0.0006975,
      0.004209
    ],
    [
      0.0046066,
      0.017852999999999997,
      0.004722799999999999,
      0.013101,
      0.03358219999999999,
      0.0,
      0.0828084,
      0.1471072,
      0.006276000000000001,
      0.01318225,
      0.0122615,
      0.0246834,
      0.02353075,
      0.0043794,
      0.017300000000000003,
      0.0035645,
      0.012638,
      0.013129,
      0.0336216,
      0.00373125,
      0.0093632,
      0.0082884,
      0.0342302,
      0.0241164,
      0.028984250000000003,
      0.0041102000000000005,
      0.0070993333333333325,
      0.0141682,
      0.027156400000000004,
      0.0740926,
      0.0809808,
      0.04048033333333333,
      0.037191999999999996,
      0.035834,
      0.0440342,
      0.032294666666666666,
      0.028021333333333332,
      0.044586799999999996,
      0.009004000000000002,
      0.000615,
      0.00051125,
      0.0007656,
      0.0106814,
      0.0066734,
      0.0008507499999999999,
      0.0198766
    ],
    [
      0.0024352,
      0.012695599999999998,
      0.0019313999999999998,
      0.01096275,
      0.07739019999999999,
      0.0828084,
      0.0,
      0.0781242,
      0.003824,
      0.02564,
      0.0215095,
      0.0806136,
      0.028205,
      0.0021579999999999998,
      0.012312199999999999,
      0.00181575,
      0.009041,
      0.005854,
      0.0271938,
      0.00172275,
      0.017036000000000003,
      0.008019799999999999,
      0.03782,
      0.0391702,
      0.03623875,
      0.0098164,
      0.009682333333333333,
      0.0146886,
      0.0241054,
      0.0556824,
      0.0591518,
      0.04074733333333334,
      0.02831233333333333,
      0.034243,
      0.032548,
      0.03941466666666666,
      0.035067,
      0.0366992,
      0.005715,
      0.001297,
      0.0014567500000000001,
      0.0013901999999999999,
      0.0101402,
      0.0080582,
      0.0019795,
      0.0234814
    ],
    [
      0.0018566,
      0.015199599999999999,
      0.0017354000000000002,
      0.00967375,
      0.028109399999999996,
      0.1471072,
      0.0781242,
      0.0,
      0.0027264000000000004,
      0.01208875,
      0.013309000000000001,
      0.024592,
      0.02424175,
      0.0019688,
      0.015788999999999997,
      0.0015455,
      0.013073,
      0.006856,
      0.0284686,
      0.00086825,
      0.009068,
      0.0093564,
      0.036904,
      0.0260156,
      0.032122250000000005,
      0.003477,
      0.006749666666666668,
      0.0147868,
      0.0278248,
      0.0802744,
      0.08875459999999999,
      0.04053133333333333,
      0.037808666666666664,
      0.0408348,
      0.0454138,
      0.032086666666666666,
      0.031982333333333335,
      0.045653200000000005,
      0.009574,
      0.00104675,
      0.001044,
      0.0011687999999999998,
      0.0160452,
      0.0056428,
      0.00136475,
      0.0208318
    ],
    [
      0.09783820000000001,
      0.07983119999999999,
      0.0888112,
      0.0676375,
      0.12028019999999999,
      0.006276000000000001,
      0.003824,
      0.0027264000000000004,
      0.0,
      0.0024995,
      0.0030645,
      0.008149199999999999,
      0.00469975,
      0.1083016,
      0.081029,
      0.10188074999999999,
      0.075024,
      0.094459,
      0.0257826,
      0.12424525,
      0.0027701999999999996,
      0.0056911999999999996,
      0.0020342000000000003,
      0.0032738000000000003,
      0.0015255,
      0.0025762,
      0.0023866666666666667,
      0.0024147999999999995,
      0.0025028,
      0.0014358,
      0.0014122,
      0.0025583333333333335,
      0.00462,
      0.0034308,
      0.0036715999999999997,
      0.0031193333333333333,
      0.0019426666666666665,
      0.004507,
      0.006350799999999999,
      0.00218125,
      0.002193,
      0.0020138000000000005,
      0.0030414,
      0.0130552,
      0.00465875,
      0.0037348
    ],
    [
      0.0010555,
      0.00093775,
      0.003494,
      0.008496,
      0.0127275,
      0.01318225,
      0.02564,
      0.01208875,
      0.0024995,
      0.0,
      0.17078174999999998,
      0.060669749999999995,
      0.20632525,
      0.001722,
      0.0014615000000000001,
      0.0017486666666666666,
      0.000411,
      0.00801,
      0.029582000000000004,
      0.0028513333333333338,
      0.03829925,
      0.02306275,
      0.016703,
      0.020415,
      0.02303133333333333,
      0.02280525,
      0.0141475,
      0.03134775,
      0.035555250000000004,
      0.063363,
      0.04650725,
      0.013668333333333333,
      0.016122333333333332,
      0.014914750000000001,
      0.013198749999999999,
      0.016734,
      0.021070666666666668,
      0.010652500000000002,
      0.00249825,
      0.0006175,
      0.00042275,
      0.0005805,
      0.00162925,
      0.02240375,
      0.0007233333333333333,
      0.0032175
    ],
    [
      0.00249125,
      0.0022485,
      0.006104,
      0.01216925,
      0.010400749999999999,
      0.0122615,
      0.0215095,
      0.013309000000000001,
      0.0030645,
      0.17078174999999998,
      0.0,
      0.049517000000000005,
      0.10219725,
      0.00216975,
      0.00316975,
      0.002193333333333333,
      0.0,
      0.029588,
      0.041462,
      0.0050149999999999995,
      0.062704,
      0.05091175,
      0.01512475,
      0.0202155,
      0.02259633333333333,
      0.05168475,
      0.029062499999999998,
      0.053149749999999996,
      0.050233,
      0.039635250000000004,
      0.03127825,
      0.015116666666666667,
      0.018796999999999998,
      0.01339975,
      0.013564499999999998,
      0.014914666666666668,
      0.013951333333333335,
      0.013283999999999999,
      0.010763749999999999,
      0.00164425,
      0.00103925,
      0.00034225,
      0.00335175,
      0.015922,
      0.0049833333333333335,
      0.00379125
    ],
    [
      0.002214,
      0.007704600000000001,
      0.0023622,
      0.012391,
      0.0306272,
      0.0246834,
      0.0806136,
      0.024592,
      0.008149199999999999,
      0.060669749999999995,
      0.049517000000000005,
      0.0,
      0.04814125,
      0.0022251999999999997,
      0.0079538,
      0.00175675,
      0.005877,
      0.012684500000000001,
      0.038556799999999995,
      0.00343225,
      0.0528528,
      0.023421400000000002,
      0.033145600000000004,
      0.05103679999999999,
      0.044241499999999996,
      0.022388200000000004,
      0.02165766666666667,
      0.0343024,
      0.028345600000000006,
      0.030424,
      0.0293894,
      0.020943666666666666,
      0.024242666666666666,
      0.020901399999999997,
      0.0223248,
      0.042302,
      0.038725666666666665,
      0.0218606,
      0.014785799999999998,
      0.0053365,
      0.0046905,
      0.0033975999999999998,
      0.020027200000000002,
      0.059887800000000005,
      0.0061455,
      0.017795800000000004
    ],
    [
      0.0047834999999999996,
      0.0027287500000000003,
      0.0066795000000000005,
      0.00754575,
      0.01274575,
      0.02353075,
      0.028205,
      0.02424175,
      0.00469975,
      0.20632525,
      0.10219725,
      0.04814125,
      0.0,
      0.0030855,
      0.00371625,
      0.004975666666666666,
      0.002754,
      0.011826,
      0.0405605,
      0.006608,
      0.03004025,
      0.01579575,
      0.0214505,
      0.021036,
      0.027150333333333332,
      0.01343925,
      0.008955000000000001,
      0.02191225,
      0.033412250000000004,
      0.0612815,
      0.0525315,
      0.025457333333333332,
      0.022687333333333334,
      0.021136000000000002,
      0.01929975,
      0.019154,
      0.024305000000000004,
      0.017566500000000002,
      0.0091555,
      0.00205975,
      0.0014965,
      0.0013310000000000002,
      0.0057385000000000005,
      0.016401250000000003,
      0.0025823333333333336,
      0.00791825
    ],
    [
      0.1500522,
      0.0781136,
      0.1324986,
      0.0653265,
      0.0585394,
      0.0043794,
      0.0021579999999999998,
      0.0019688,
      0.1083016,
      0.001722,
      0.00216975,
      0.0022251999999999997,
      0.0030855,
      0.0,
      0.1000924,
      0.160138,
      0.086928,
      0.0582975,
      0.0129168,
      0.1097835,
      0.0017127999999999998,
      0.0034533999999999997,
      0.0011547999999999999,
      0.0023325999999999998,
      0.0005905,
      0.0027104,
      0.0003266666666666667,
      0.001781,
      0.001557,
      0.000887,
      0.0009684,
      0.0008976666666666667,
      0.00294,
      0.0017170000000000002,
      0.002495,
      0.000974,
      0.0009773333333333333,
      0.002624,
      0.001182,
      0.00025175,
      0.00024825,
      4.86e-05,
      0.001575,
      0.0015978,
      0.00082525,
      0.0012708
    ],
    [
      0.0785294,
      0.1381808,
      0.07019420000000001,
      0.11125049999999999,
      0.0459122,
      0.017300000000000003,
      0.012312199999999999,
      0.015788999999999997,
      0.081029,
      0.0014615000000000001,
      0.00316975,
      0.0079538,
      0.00371625,
      0.1000924,
      0.0,
      0.095983,
      0.1097,
      0.0595205,
      0.0146382,
      0.08628074999999999,
      0.0016489999999999999,
      0.0045248,
      0.0087954,
      0.0047355999999999995,
      0.005660749999999999,
      0.0024904000000000003,
      0.0023703333333333332,
      0.0027232,
      0.002868,
      0.011238599999999998,
      0.0114202,
      0.008617999999999999,
      0.012749666666666668,
      0.010117600000000001,
      0.012580000000000003,
      0.013231333333333333,
      0.007890333333333333,
      0.0125738,
      0.0016275999999999999,
      0.0007105,
      0.0007214999999999999,
      0.000259,
      0.003578,
      0.0053756,
      0.00018225,
      0.0015378
    ],
    [
      0.109795,
      0.06838949999999999,
      0.10475025,
      0.07045666666666667,
      0.058017,
      0.0035645,
      0.00181575,
      0.0015455,
      0.10188074999999999,
      0.0017486666666666666,
      0.002193333333333333,
      0.00175675,
      0.004975666666666666,
      0.160138,
      0.095983,
      0.0,
      0.100114,
      0.061314999999999995,
      0.0139575,
      0.11785299999999999,
      0.002214,
      0.004417,
      0.0022785,
      0.002775,
      0.0009743333333333335,
      0.00329025,
      0.000332,
      0.001997,
      0.00273925,
      0.00130575,
      0.00116875,
      0.0019035,
      0.0029556666666666668,
      0.00305875,
      0.0036880000000000003,
      0.0013525,
      0.001339,
      0.0031119999999999997,
      0.002613,
      0.000539,
      0.00041766666666666666,
      0.00034725,
      0.00152375,
      0.0011627500000000002,
      0.00026266666666666664,
      0.00123675
    ],
    [
      0.060463,
      0.084759,
      0.061137,
      0.080483,
      0.043238,
      0.012638,
      0.009041,
      0.013073,
      0.075024,
      0.000411,
      0.0,
      0.005877,
      0.002754,
      0.086928,
      0.1097,
      0.100114,
      0.0,
      0.042857,
      0.017664,
      0.073371,
      0.000859,
      0.002357,
      0.013519,
      0.006553,
      0.005984,
      0.000886,
      0.000738,
      0.001155,
      0.001626,
      0.00998,
      0.009604,
      0.006794,
      0.008662,
      0.009443,
      0.008453,
      0.010485,
      0.008634,
      0.010579,
      0.0,
      0.000234,
      0.000209,
      0.000235,
      0.000814,
      0.0,
      0.0,
      0.002666
    ],
    [
      0.056773500000000005,
      0.063218,
      0.0554975,
      0.037978,
      0.071329,
      0.013129,
      0.005854,
      0.006856,
      0.094459,
      0.00801,
      0.029588,
      0.012684500000000001,
      0.011826,
      0.0582975,
      0.0595205,
      0.061314999999999995,
      0.042857,
      0.0,
      0.091546,
      0.0836385,
      0.013979,
      0.027695499999999998,
      0.004567,
      0.006529,
      0.0083625,
      0.021456,
      0.020338000000000002,
      0.017042500000000002,
      0.016116,
      0.0030375000000000003,
      0.002909,
      0.009232,
      0.005268,
      0.0045935,
      0.006472,
      0.010204,
      0.003532,
      0.004904,
      0.013547,
      0.004563,
      0.002425,
      0.0005885,
      0.0,
      0.007644,
      0.0013895,
      0.0019695
    ],
    [
      0.014344,
      0.0150504,
      0.017479,
      0.02927175,
      0.030658800000000003,
      0.0336216,
      0.0271938,
      0.0284686,
      0.0257826,
      0.029582000000000004,
      0.041462,
      0.038556799999999995,
      0.0405605,
      0.0129168,
      0.0146382,
      0.0139575,
      0.017664,
      0.091546,
      0.0,
      0.018811,
      0.029677200000000004,
      0.039285,
      0.0328594,
      0.0365466,
      0.03554625,
      0.032208,
      0.021905333333333332,
      0.026800800000000003,
      0.0320718,
      0.025661199999999995,
      0.0264886,
      0.03446133333333334,
      0.040556666666666664,
      0.026384800000000003,
      0.03189460000000001,
      0.03612833333333333,
      0.03059933333333333,
      0.0260848,
      0.020471200000000002,
      0.003979,
      0.00297125,
      0.0031190000000000002,
      0.0010572000000000001,
      0.023377799999999997,
      0.00856675,
      0.0091922
    ],
    [
      0.09883600000000001,
      0.07923374999999999,
      0.1004885,
      0.07778466666666667,
      0.07353775,
      0.00373125,
      0.00172275,
      0.00086825,
      0.12424525,
      0.0028513333333333338,
      0.0050149999999999995,
      0.00343225,
      0.006608,
      0.1097835,
      0.08628074999999999,
      0.11785299999999999,
      0.073371,
      0.0836385,
      0.018811,
      0.0,
      0.0018124999999999999,
      0.00442025,
      0.002156,
      0.0031302500000000002,
      0.000682,
      0.00354425,
      0.0009073333333333333,
      0.0026957500000000002,
      0.00259975,
      0.0009255,
      0.00064175,
      0.0016654999999999999,
      0.0029003333333333333,
      0.0032977500000000003,
      0.00322425,
      0.001296,
      0.0010574999999999998,
      0.0044747499999999996,
      0.00287775,
      0.0006853333333333334,
      0.00022733333333333332,
      0.0002905,
      0.00211675,
      0.0051845,
      0.001348,
      0.00135625
    ],
    [
      0.0013192,
      0.0018350000000000003,
      0.0028390000000000004,
      0.006545250000000001,
      0.007198,
      0.0093632,
      0.017036000000000003,
      0.009068,
      0.0027701999999999996,
      0.03829925,
      0.062704,
      0.0528528,
      0.03004025,
      0.0017127999999999998,
      0.0016489999999999999,
      0.002214,
      0.000859,
      0.013979,
      0.029677200000000004,
      0.0018124999999999999,
      0.0,
      0.09960880000000001,
      0.0178712,
      0.020802800000000003,
      0.02066775,
      0.10768939999999998,
      0.071081,
      0.14858600000000002,
      0.1372728,
      0.015817400000000002,
      0.0156736,
      0.011921333333333334,
      0.017453,
      0.015612000000000001,
      0.014394600000000002,
      0.014330333333333334,
      0.013470333333333334,
      0.012507599999999999,
      0.011016399999999999,
      0.0021595,
      0.001312,
      0.00086,
      0.0026912000000000004,
      0.020853,
      0.00288325,
      0.0037948
    ],
    [
      0.0031174,
      0.0038876,
      0.009274399999999999,
      0.01275275,
      0.0039964,
      0.0082884,
      0.008019799999999999,
      0.0093564,
      0.0056911999999999996,
      0.02306275,
      0.05091175,
      0.023421400000000002,
      0.01579575,
      0.0034533999999999997,
      0.0045248,
      0.004417,
      0.002357,
      0.027695499999999998,
      0.039285,
      0.00442025,
      0.09960880000000001,
      0.0,
      0.014676400000000001,
      0.015543000000000001,
      0.011530499999999999,
      0.1513406,
      0.17371866666666666,
      0.1250696,
      0.07719800000000002,
      0.009581799999999998,
      0.0075806,
      0.013833333333333335,
      0.017845333333333335,
      0.0166156,
      0.014895399999999998,
      0.010615333333333333,
      0.009579333333333334,
      0.014158599999999999,
      0.018567399999999998,
      0.0027665,
      0.0023045,
      0.0030888,
      0.0061595999999999995,
      0.04013679999999999,
      0.00920525,
      0.006823999999999999
    ],
    [
      0.0012632000000000001,
      0.009518800000000001,
      0.0023639999999999998,
      0.010168749999999999,
      0.0158578,
      0.0342302,
      0.03782,
      0.036904,
      0.0020342000000000003,
      0.016703,
      0.01512475,
      0.033145600000000004,
      0.0214505,
      0.0011547999999999999,
      0.0087954,
      0.0022785,
      0.013519,
      0.004567,
      0.0328594,
      0.002156,
      0.0178712,
      0.014676400000000001,
      0.0,
      0.0784472,
      0.06412625,
      0.0449214,
      0.04209266666666667,
      0.020289400000000003,
      0.020761599999999998,
      0.0349668,
      0.0353846,
      0.04872133333333334,
      0.05091366666666667,
      0.056755200000000006,
      0.05117619999999999,
      0.06387666666666666,
      0.05878366666666666,
      0.048416200000000006,
      0.0195542,
      0.00564175,
      0.005474,
      0.0045926000000000005,
      0.024906400000000002,
      0.017413,
      0.007332,
      0.0103914
    ],
    [
      0.0021769999999999997,
      0.005166,
      0.0031885999999999998,
      0.012223250000000001,
      0.014671400000000001,
      0.0241164,
      0.0391702,
      0.0260156,
      0.0032738000000000003,
      0.020415,
      0.0202155,
      0.05103679999999999,
      0.021036,
      0.0023325999999999998,
      0.0047355999999999995,
      0.002775,
      0.006553,
      0.006529,
      0.0365466,
      0.0031302500000000002,
      0.020802800000000003,
      0.015543000000000001,
      0.0784472,
      0.0,
      0.11923224999999998,
      0.0223772,
      0.018449333333333335,
      0.0227382,
      0.019600799999999998,
      0.0280004,
      0.0278084,
      0.05175133333333334,
      0.045552666666666665,
      0.0473144,
      0.0444126,
      0.05254699999999999,
      0.094564,
      0.0458304,
      0.016423200000000002,
      0.004634,
      0.0041255,
      0.0043305999999999996,
      0.0207036,
      0.0238286,
      0.01280875,
      0.0112896
    ],
    [
      0.000848,
      0.00505275,
      0.00090975,
      0.006049666666666666,
      0.0118645,
      0.028984250000000003,
      0.03623875,
      0.032122250000000005,
      0.0015255,
      0.02303133333333333,
      0.02259633333333333,
      0.044241499999999996,
      0.027150333333333332,
      0.0005905,
      0.005660749999999999,
      0.0009743333333333335,
      0.005984,
      0.0083625,
      0.03554625,
      0.000682,
      0.02066775,
      0.011530499999999999,
      0.06412625,
      0.11923224999999998,
      0.0,
      0.018945,
      0.022765333333333335,
      0.02684625,
      0.02601775,
      0.0356995,
      0.03888125,
      0.04499266666666666,
      0.0414165,
      0.0423385,
      0.03992275,
      0.04660433333333333,
      0.07954300000000002,
      0.06246625,
      0.013770500000000001,
      0.004207666666666666,
      0.003917,
      0.00384725,
      0.01058825,
      0.00904775,
      0.005023666666666667,
      0.0104485
    ],
    [
      0.0025942,
      0.0024818,
      0.004632,
      0.011625,
      0.0046446000000000005,
      0.0041102000000000005,
      0.0098164,
      0.003477,
      0.0025762,
      0.02280525,
      0.05168475,
      0.022388200000000004,
      0.01343925,
      0.0027104,
      0.0024904000000000003,
      0.00329025,
      0.000886,
      0.021456,
      0.032208,
      0.00354425,
      0.10768939999999998,
      0.1513406,
      0.0449214,
      0.0223772,
      0.018945,
      0.0,
      0.3028726666666667,
      0.08924000000000001,
      0.07077660000000001,
      0.005481999999999999,
      0.004574400000000001,
      0.006304333333333333,
      0.016485,
      0.012236799999999999,
      0.0099798,
      0.013419666666666668,
      0.011942333333333333,
      0.0104546,
      0.0116846,
      0.002738,
      0.0016607500000000001,
      0.0014313999999999998,
      0.0053311999999999995,
      0.0283926,
      0.00545625,
      0.002433
    ],
    [
      0.0006923333333333333,
      0.0019110000000000002,
      0.000226,
      0.0035900000000000003,
      0.002976,
      0.0070993333333333325,
      0.009682333333333333,
      0.006749666666666668,
      0.0023866666666666667,
      0.0141475,
      0.029062499999999998,
      0.02165766666666667,
      0.008955000000000001,
      0.0003266666666666667,
      0.0023703333333333332,
      0.000332,
      0.000738,
      0.020338000000000002,
      0.021905333333333332,
      0.0009073333333333333,
      0.071081,
      0.17371866666666666,
      0.04209266666666667,
      0.018449333333333335,
      0.022765333333333335,
      0.3028726666666667,
      0.0,
      0.087565,
      0.047059,
      0.010899666666666667,
      0.010167666666666667,
      0.0070095,
      0.010779500000000001,
      0.011872666666666665,
      0.009687333333333334,
      0.010281,
      0.0104935,
      0.009573666666666666,
      0.0029373333333333335,
      0.0024799999999999996,
      0.0017405,
      0.002007,
      0.0022683333333333336,
      0.012179333333333334,
      0.0023205,
      0.0025373333333333333
    ],
    [
      0.0016566,
      0.0024222000000000002,
      0.0038944,
      0.007355249999999999,
      0.0065614,
      0.0141682,
      0.0146886,
      0.0147868,
      0.0024147999999999995,
      0.03134775,
      0.053149749999999996,
      0.0343024,
      0.02191225,
      0.001781,
      0.0027232,
      0.001997,
      0.001155,
      0.017042500000000002,
      0.026800800000000003,
      0.0026957500000000002,
      0.14858600000000002,
      0.1250696,
      0.020289400000000003,
      0.0227382,
      0.02684625,
      0.08924000000000001,
      0.087565,
      0.0,
      0.10690300000000001,
      0.018957,
      0.019269,
      0.017004000000000002,
      0.016902,
      0.016929800000000002,
      0.0169886,
      0.01607,
      0.017584,
      0.0181516,
      0.0163516,
      0.0036022499999999995,
      0.0016407499999999998,
      0.0021508,
      0.0038629999999999997,
      0.0191606,
      0.005549500000000001,
      0.0041522
    ],
    [
      0.0011804,
      0.0028359999999999995,
      0.0038122000000000004,
      0.0075664999999999994,
      0.0098154,
      0.027156400000000004,
      0.0241054,
      0.0278248,
      0.0025028,
      0.035555250000000004,
      0.050233,
      0.028345600000000006,
      0.033412250000000004,
      0.001557,
      0.002868,
      0.00273925,
      0.001626,
      0.016116,
      0.0320718,
      0.00259975,
      0.1372728,
      0.07719800000000002,
      0.020761599999999998,
      0.019600799999999998,
      0.02601775,
      0.07077660000000001,
      0.047059,
      0.10690300000000001,
      0.0,
      0.031576799999999995,
      0.031693400000000004,
      0.01837966666666667,
      0.019205333333333335,
      0.0219906,
      0.0207708,
      0.013555666666666667,
      0.015158999999999999,
      0.027046999999999998,
      0.0254712,
      0.0036755,
      0.00250425,
      0.0012698000000000002,
      0.007909200000000002,
      0.0221082,
      0.00246225,
      0.005374200000000001
    ],
    [
      0.0007312000000000001,
      0.0106042,
      0.0013804,
      0.008590500000000001,
      0.022005200000000003,
      0.0740926,
      0.0556824,
      0.0802744,
      0.0014358,
      0.063363,
      0.039635250000000004,
      0.030424,
      0.0612815,
      0.000887,
      0.011238599999999998,
      0.00130575,
      0.00998,
      0.0030375000000000003,
      0.025661199999999995,
      0.0009255,
      0.015817400000000002,
      0.009581799999999998,
      0.0349668,
      0.0280004,
      0.0356995,
      0.005481999999999999,
      0.010899666666666667,
      0.018957,
      0.031576799999999995,
      0.0,
      0.12174879999999999,
      0.03494166666666667,
      0.03437266666666667,
      0.038486,
      0.040955,
      0.027958333333333335,
      0.03060833333333333,
      0.0370918,
      0.0159786,
      0.00116375,
      0.0008142500000000001,
      0.000972,
      0.0129742,
      0.005051999999999999,
      0.0012209999999999999,
      0.0102626
    ],
    [
      0.0007356,
      0.010869600000000002,
      0.0009444000000000001,
      0.00801075,
      0.0223942,
      0.0809808,
      0.0591518,
      0.08875459999999999,
      0.0014122,
      0.04650725,
      0.03127825,
      0.0293894,
      0.0525315,
      0.0009684,
      0.0114202,
      0.00116875,
      0.009604,
      0.002909,
      0.0264886,
      0.00064175,
      0.0156736,
      0.0075806,
      0.0353846,
      0.0278084,
      0.03888125,
      0.004574400000000001,
      0.010167666666666667,
      0.019269,
      0.031693400000000004,
      0.12174879999999999,
      0.0,
      0.03848066666666667,
      0.036734333333333334,
      0.0421436,
      0.03896,
      0.03136233333333333,
      0.032613333333333334,
      0.0420082,
      0.01236,
      0.0009625,
      0.000877,
      0.0008878,
      0.015846199999999998,
      0.0026431999999999996,
      0.00043075,
      0.010178000000000001
    ],
    [
      0.0018986666666666666,
      0.007318666666666667,
      0.002688333333333334,
      0.009986,
      0.016352666666666668,
      0.04048033333333333,
      0.04074733333333334,
      0.04053133333333333,
      0.0025583333333333335,
      0.013668333333333333,
      0.015116666666666667,
      0.020943666666666666,
      0.025457333333333332,
      0.0008976666666666667,
      0.008617999999999999,
      0.0019035,
      0.006794,
      0.009232,
      0.03446133333333334,
      0.0016654999999999999,
      0.011921333333333334,
      0.013833333333333335,
      0.04872133333333334,
      0.05175133333333334,
      0.04499266666666666,
      0.006304333333333333,
      0.0070095,
      0.017004000000000002,
      0.01837966666666667,
      0.03494166666666667,
      0.03848066666666667,
      0.0,
      0.0502875,
      0.05918166666666667,
      0.058831333333333326,
      0.046881,
      0.04811833333333334,
      0.05361733333333333,
      0.017353666666666667,
      0.0067206666666666665,
      0.007278,
      0.007036333333333333,
      0.024707000000000003,
      0.015909666666666666,
      0.0170185,
      0.029044333333333335
    ],
    [
      0.002406,
      0.013850333333333334,
      0.0037626666666666663,
      0.009406,
      0.013580666666666666,
      0.037191999999999996,
      0.02831233333333333,
      0.037808666666666664,
      0.00462,
      0.016122333333333332,
      0.018796999999999998,
      0.024242666666666666,
      0.022687333333333334,
      0.00294,
      0.012749666666666668,
      0.0029556666666666668,
      0.008662,
      0.005268,
      0.040556666666666664,
      0.0029003333333333333,
      0.017453,
      0.017845333333333335,
      0.05091366666666667,
      0.045552666666666665,
      0.0414165,
      0.016485,
      0.010779500000000001,
      0.016902,
      0.019205333333333335,
      0.03437266666666667,
      0.036734333333333334,
      0.0502875,
      0.0,
      0.06685166666666666,
      0.077839,
      0.057309,
      0.046190499999999995,
      0.06770266666666667,
      0.012875,
      0.005011333333333333,
      0.005202333333333333,
      0.005288333333333333,
      0.013290000000000001,
      0.011191666666666667,
      0.0162915,
      0.031565666666666665
    ],
    [
      0.0020136,
      0.0093648,
      0.0038156,
      0.009832500000000001,
      0.0131014,
      0.035834,
      0.034243,
      0.0408348,
      0.0034308,
      0.014914750000000001,
      0.01339975,
      0.020901399999999997,
      0.021136000000000002,
      0.0017170000000000002,
      0.010117600000000001,
      0.00305875,
      0.009443,
      0.0045935,
      0.026384800000000003,
      0.0032977500000000003,
      0.015612000000000001,
      0.0166156,
      0.056755200000000006,
      0.0473144,
      0.0423385,
      0.012236799999999999,
      0.011872666666666665,
      0.016929800000000002,
      0.0219906,
      0.038486,
      0.0421436,
      0.05918166666666667,
      0.06685166666666666,
      0.0,
      0.0801394,
      0.04104566666666667,
      0.04376233333333333,
      0.07158339999999999,
      0.0205078,
      0.010065999999999999,
      0.0094375,
      0.0106132,
      0.022261,
      0.0182026,
      0.03909625,
      0.0362344
    ],
    [
      0.0029141999999999996,
      0.0113716,
      0.0030794000000000004,
      0.01134225,
      0.0129832,
      0.0440342,
      0.032548,
      0.0454138,
      0.0036715999999999997,
      0.013198749999999999,
      0.013564499999999998,
      0.0223248,
      0.01929975,
      0.002495,
      0.012580000000000003,
      0.0036880000000000003,
      0.008453,
      0.006472,
      0.03189460000000001,
      0.00322425,
      0.014394600000000002,
      0.014895399999999998,
      0.05117619999999999,
      0.0444126,
      0.03992275,
      0.0099798,
      0.009687333333333334,
      0.0169886,
      0.0207708,
      0.040955,
      0.03896,
      0.058831333333333326,
      0.077839,
      0.0801394,
      0.0,
      0.04944033333333333,
      0.04345066666666667,
      0.09113099999999999,
      0.0142652,
      0.00602025,
      0.004994500000000001,
      0.005834000000000001,
      0.0257054,
      0.0133414,
      0.029721249999999998,
      0.027931
    ],
    [
      0.001085,
      0.015200333333333335,
      0.0024746666666666667,
      0.01235,
      0.018647,
      0.032294666666666666,
      0.03941466666666666,
      0.032086666666666666,
      0.0031193333333333333,
      0.016734,
      0.014914666666666668,
      0.042302,
      0.019154,
      0.000974,
      0.013231333333333333,
      0.0013525,
      0.010485,
      0.010204,
      0.03612833333333333,
      0.001296,
      0.014330333333333334,
      0.010615333333333333,
      0.06387666666666666,
      0.05254699999999999,
      0.04660433333333333,
      0.013419666666666668,
      0.010281,
      0.01607,
      0.013555666666666667,
      0.027958333333333335,
      0.03136233333333333,
      0.046881,
      0.057309,
      0.04104566666666667,
      0.04944033333333333,
      0.0,
      0.06923,
      0.05347166666666667,
      0.020108,
      0.005614,
      0.004892,
      0.005000333333333333,
      0.030102,
      0.016053333333333333,
      0.0073739999999999995,
      0.009072333333333333
    ],
    [
      0.0009956666666666666,
      0.00713,
      0.001438,
      0.008459333333333333,
      0.014277333333333331,
      0.028021333333333332,
      0.035067,
      0.031982333333333335,
      0.0019426666666666665,
      0.021070666666666668,
      0.013951333333333335,
      0.038725666666666665,
      0.024305000000000004,
      0.0009773333333333333,
      0.007890333333333333,
      0.001339,
      0.008634,
      0.003532,
      0.03059933333333333,
      0.0010574999999999998,
      0.013470333333333334,
      0.009579333333333334,
      0.05878366666666666,
      0.094564,
      0.07954300000000002,
      0.011942333333333333,
      0.0104935,
      0.017584,
      0.015158999999999999,
      0.03060833333333333,
      0.032613333333333334,
      0.04811833333333334,
      0.046190499999999995,
      0.04376233333333333,
      0.04345066666666667,
      0.06923,
      0.0,
      0.037295999999999996,
      0.015046666666666667,
      0.006077666666666666,
      0.005132,
      0.005617666666666667,
      0.022613333333333336,
      0.017309333333333333,
      0.0036155,
      0.009813
    ],
    [
      0.0023854,
      0.013888800000000001,
      0.003976,
      0.014250500000000003,
      0.013319800000000001,
      0.044586799999999996,
      0.0366992,
      0.045653200000000005,
      0.004507,
      0.010652500000000002,
      0.013283999999999999,
      0.0218606,
      0.017566500000000002,
      0.002624,
      0.0125738,
      0.0031119999999999997,
      0.010579,
      0.004904,
      0.0260848,
      0.0044747499999999996,
      0.012507599999999999,
      0.014158599999999999,
      0.048416200000000006,
      0.0458304,
      0.06246625,
      0.0104546,
      0.009573666666666666,
      0.0181516,
      0.027046999999999998,
      0.0370918,
      0.0420082,
      0.05361733333333333,
      0.06770266666666667,
      0.07158339999999999,
      0.09113099999999999,
      0.05347166666666667,
      0.037295999999999996,
      0.0,
      0.0216252,
      0.0071065,
      0.00542675,
      0.005418399999999999,
      0.0290682,
      0.013356800000000002,
      0.025396,
      0.015929000000000002
    ],
    [
      0.001267,
      0.0024205999999999997,
      0.0027949999999999997,
      0.005372999999999999,
      0.0022873999999999998,
      0.009004000000000002,
      0.005715,
      0.009574,
      0.006350799999999999,
      0.00249825,
      0.010763749999999999,
      0.014785799999999998,
      0.0091555,
      0.001182,
      0.0016275999999999999,
      0.002613,
      0.0,
      0.013547,
      0.020471200000000002,
      0.00287775,
      0.011016399999999999,
      0.018567399999999998,
      0.0195542,
      0.016423200000000002,
      0.013770500000000001,
      0.0116846,
      0.0029373333333333335,
      0.0163516,
      0.0254712,
      0.0159786,
