{
  "sign": "positive",
  "percentage": 1.0,
  "component": "neurons",
  "models": [
    "Qwen_Qwen2-5-32B-Instruct",
    "Qwen_Qwen2-5-72B-Instruct",
    "allenai_OLMo-2-0325-32B-Instruct",
    "meta-llama_Meta-Llama-3-1-70B-Instruct",
    "mistralai_Mistral-Large-Instruct-2407",
    "mistralai_Mistral-Small-24B-Instruct-2501"
  ],
  "tasks": [
    "MD/add_sub_2op_symbolic",
    "MD/add_sub_2op_verbal",
    "MD/add_sub_3op_symbolic",
    "MD/add_sub_3op_verbal",
    "MD/code_A",
    "MD/code_B",
    "MD/code_conditional",
    "MD/code_list",
    "MD/code_loop",
    "MD/logic_propositional_1",
    "MD/logic_propositional_symbolic",
    "MD/logic_syllogism_1",
    "MD/logic_syllogism_symbolic",
    "MD/mul_div_2op_symbolic",
    "MD/mul_div_2op_verbal",
    "MD/mul_div_3op_symbolic",
    "MD/mul_div_3op_verbal",
    "MD/number_sequence",
    "MD/number_sorting",
    "MD/simple_equation",
    "ToM/agent",
    "ToM/desires_goals",
    "ToM/emotion_fewshot",
    "ToM/norm_appropriate",
    "ToM/norm_moral",
    "ToM/primary_emotions",
    "ToM/secondary_emotions",
    "ToM/social_interactions",
    "ToM/social_relations",
    "phys/phys_newton",
    "phys/phys_prost",
    "phys/physics_brightness",
    "phys/physics_buoyancy",
    "phys/physics_elasticity",
    "phys/physics_solubility",
    "phys/physics_speed",
    "phys/physics_stability",
    "phys/physics_temperature",
    "Lan/anaphor_gender_agreement",
    "Lan/det_noun_agreement_irregular",
    "Lan/det_noun_agreement_regular",
    "Lan/det_noun_agreement_with_adjective",
    "Lan/hypernymy",
    "Lan/npi",
    "Lan/subject_verb_agreement",
    "Lan/wug"
  ],
  "avg_overlap_matrix": [
    [
      1.0,
      0.18446666666666667,
      0.24773333333333333,
      0.14304,
      0.17784999999999998,
      0.10383333333333333,
      0.08188333333333334,
      0.09228333333333333,
      0.14593333333333333,
      0.02182,
      0.028440000000000003,
      0.05143333333333333,
      0.04836,
      0.2688166666666667,
      0.1539,
      0.19906000000000001,
      0.1724,
      0.05293333333333333,
      0.051333333333333335,
      0.18368,
      0.0304,
      0.025433333333333332,
      0.056799999999999996,
      0.05513333333333334,
      0.053680000000000005,
      0.022900000000000004,
      0.020975,
      0.032933333333333335,
      0.03568333333333334,
      0.06066666666666667,
      0.06653333333333333,
      0.06125,
      0.064725,
      0.05811666666666666,
      0.05873333333333333,
      0.06235,
      0.060950000000000004,
      0.060666666666666674,
      0.02735,
      0.03986,
      0.0382,
      0.03353333333333334,
      0.03298333333333333,
      0.022316666666666665,
      0.024100000000000003,
      0.05909999999999999
    ],
    [
      0.18446666666666667,
      1.0,
      0.15545,
      0.25488,
      0.17023333333333332,
      0.13073333333333334,
      0.10285,
      0.12014999999999999,
      0.11896666666666667,
      0.027960000000000002,
      0.03358,
      0.06160000000000001,
      0.05466000000000001,
      0.15423333333333333,
      0.2872166666666667,
      0.14336,
      0.2581,
      0.053266666666666664,
      0.054333333333333345,
      0.1565,
      0.03833333333333334,
      0.03333333333333333,
      0.07465000000000001,
      0.0716,
      0.06938,
      0.02886666666666667,
      0.027825000000000003,
      0.04285,
      0.0454,
      0.08713333333333334,
      0.09541666666666666,
      0.07155,
      0.08215,
      0.07229999999999999,
      0.07525,
      0.07629999999999999,
      0.07469999999999999,
      0.07675,
      0.028450000000000003,
      0.04238,
      0.040859999999999994,
      0.035783333333333334,
      0.03348333333333333,
      0.027266666666666665,
      0.02782,
      0.06408333333333334
    ],
    [
      0.24773333333333333,
      0.15545,
      1.0,
      0.14156,
      0.14911666666666668,
      0.09155,
      0.07316666666666667,
      0.08265,
      0.12658333333333335,
      0.023399999999999997,
      0.0303,
      0.0492,
      0.04772,
      0.2030833333333333,
      0.13823333333333335,
      0.18626,
      0.1433,
      0.044199999999999996,
      0.05135000000000001,
      0.15962,
      0.03161666666666667,
      0.027766666666666665,
      0.0536,
      0.05054999999999999,
      0.04942,
      0.02485,
      0.019775,
      0.03343333333333333,
      0.03651666666666667,
      0.056133333333333334,
      0.06211666666666666,
      0.055874999999999994,
      0.06129999999999999,
      0.05321666666666667,
      0.05453333333333333,
      0.055099999999999996,
      0.05372500000000001,
      0.056133333333333334,
      0.02523333333333333,
      0.036699999999999997,
      0.036359999999999996,
      0.032016666666666665,
      0.03231666666666666,
      0.022966666666666666,
      0.0232,
      0.0531
    ],
    [
      0.14304,
      0.25488,
      0.14156,
      1.0,
      0.13494,
      0.10286,
      0.08352000000000001,
      0.09437999999999999,
      0.09992,
      0.02942,
      0.03586,
      0.05838,
      0.054799999999999995,
      0.12666,
      0.21444000000000002,
      0.13075,
      0.2236,
      0.03745,
      0.05688,
      0.13829999999999998,
      0.04126,
      0.0366,
      0.06452,
      0.06334,
      0.062625,
      0.03148,
      0.02996666666666667,
      0.044340000000000004,
      0.04638,
      0.07174,
      0.07678,
      0.060375,
      0.07045,
      0.06348000000000001,
      0.06649999999999999,
      0.064625,
      0.0637,
      0.06448,
      0.02462,
      0.035699999999999996,
      0.03454,
      0.03242,
      0.030420000000000003,
      0.026019999999999998,
      0.025775,
      0.052980000000000006
    ],
    [
      0.17784999999999998,
      0.17023333333333332,
      0.14911666666666668,
      0.13494,
      1.0,
      0.21461666666666668,
      0.3999,
      0.19099999999999998,
      0.29429999999999995,
      0.05112,
      0.05062,
      0.10543333333333334,
      0.07776,
      0.15991666666666668,
      0.15116666666666667,
      0.1513,
      0.163,
      0.06430000000000001,
      0.06815,
      0.16824,
      0.04758333333333334,
      0.03245,
      0.08226666666666665,
      0.08563333333333334,
      0.08271999999999999,
      0.03295,
      0.032025,
      0.050916666666666666,
      0.055583333333333325,
      0.14091666666666666,
      0.15285,
      0.08075,
      0.08795,
      0.0785,
      0.07751666666666668,
      0.087025,
      0.088925,
      0.07718333333333334,
      0.027100000000000003,
      0.03782,
      0.03696,
      0.03155,
      0.031683333333333334,
      0.02655,
      0.026619999999999998,
      0.07145
    ],
    [
      0.10383333333333333,
      0.13073333333333334,
      0.09155,
      0.10286,
      0.21461666666666668,
      1.0,
      0.24821666666666667,
      0.4678333333333333,
      0.07104999999999999,
      0.053860000000000005,
      0.05122,
      0.08361666666666667,
      0.07706,
      0.08773333333333333,
      0.11828333333333334,
      0.0756,
      0.1131,
      0.04583333333333334,
      0.05746666666666667,
      0.08248,
      0.05210000000000001,
      0.038916666666666676,
      0.09079999999999999,
      0.08613333333333334,
      0.08748,
      0.03295,
      0.037125,
      0.05831666666666666,
      0.0686,
      0.22401666666666667,
      0.24381666666666668,
      0.089475,
      0.100525,
      0.08925,
      0.09456666666666667,
      0.0819,
      0.08907499999999999,
      0.09311666666666667,
      0.03556666666666666,
      0.05434,
      0.05262,
      0.048183333333333335,
      0.05163333333333334,
      0.026833333333333334,
      0.029759999999999998,
      0.10735
    ],
    [
      0.08188333333333334,
      0.10285,
      0.07316666666666667,
      0.08352000000000001,
      0.3999,
      0.24821666666666667,
      1.0,
      0.2375333333333333,
      0.05723333333333333,
      0.057819999999999996,
      0.05442,
      0.12273333333333332,
      0.0786,
      0.06901666666666667,
      0.09088333333333333,
      0.059620000000000006,
      0.0792,
      0.03306666666666667,
      0.05353333333333333,
      0.06817999999999999,
      0.056516666666666666,
      0.03526666666666667,
      0.09028333333333334,
      0.09678333333333333,
      0.09480000000000001,
      0.035649999999999994,
      0.040674999999999996,
      0.0595,
      0.0633,
      0.16623333333333332,
      0.1818833333333333,
      0.08545,
      0.0909,
      0.08256666666666666,
      0.08274999999999999,
      0.091225,
      0.09577500000000001,
      0.08011666666666666,
      0.02913333333333333,
      0.04257999999999999,
      0.040740000000000005,
      0.037399999999999996,
      0.037200000000000004,
      0.030333333333333334,
      0.02766,
      0.08341666666666668
    ],
    [
      0.09228333333333333,
      0.12014999999999999,
      0.08265,
      0.09437999999999999,
      0.19099999999999998,
      0.4678333333333333,
      0.2375333333333333,
      1.0,
      0.061066666666666665,
      0.04636,
      0.044700000000000004,
      0.07911666666666665,
      0.07576000000000001,
      0.07816666666666666,
      0.11075,
      0.06792000000000001,
      0.101,
      0.0385,
      0.0527,
      0.07424,
      0.04751666666666667,
      0.03675,
      0.09366666666666666,
      0.08725,
      0.08952,
      0.030516666666666668,
      0.03565,
      0.05575,
      0.0654,
      0.21488333333333334,
      0.24015,
      0.092775,
      0.10485,
      0.09144999999999999,
      0.0974,
      0.082,
      0.091475,
      0.09748333333333332,
      0.0363,
      0.05576,
      0.05464,
      0.05040000000000001,
      0.056433333333333335,
      0.02708333333333333,
      0.032979999999999995,
      0.10688333333333334
    ],
    [
      0.14593333333333333,
      0.11896666666666667,
      0.12658333333333335,
      0.09992,
      0.29429999999999995,
      0.07104999999999999,
      0.05723333333333333,
      0.061066666666666665,
      1.0,
      0.021079999999999998,
      0.02292,
      0.04265,
      0.03926,
      0.1443,
      0.11523333333333334,
      0.14708,
      0.1393,
      0.042800000000000005,
      0.04823333333333333,
      0.14606,
      0.0228,
      0.021333333333333333,
      0.04025,
      0.038950000000000005,
      0.03716,
      0.020433333333333335,
      0.015225,
      0.0252,
      0.02695,
      0.040016666666666666,
      0.044033333333333334,
      0.039474999999999996,
      0.0477,
      0.04268333333333333,
      0.043116666666666664,
      0.042600000000000006,
      0.03885,
      0.04424999999999999,
      0.020966666666666665,
      0.025740000000000002,
      0.025580000000000002,
      0.02235,
      0.02445,
      0.01945,
      0.0211,
      0.034833333333333334
    ],
    [
      0.02182,
      0.027960000000000002,
      0.023399999999999997,
      0.02942,
      0.05112,
      0.053860000000000005,
      0.057819999999999996,
      0.04636,
      0.021079999999999998,
      1.0,
      0.11896000000000002,
      0.05678,
      0.14118,
      0.01702,
      0.022539999999999998,
      0.0145,
      0.0135,
      0.02735,
      0.03252,
      0.0221,
      0.059800000000000006,
      0.04284,
      0.02246,
      0.02808,
      0.027225,
      0.040799999999999996,
      0.04326666666666667,
      0.054000000000000006,
      0.05442,
      0.12677999999999998,
      0.10276,
      0.017325,
      0.0287,
      0.01986,
      0.022399999999999996,
      0.020425,
      0.02495,
      0.01704,
      0.01624,
      0.014879999999999999,
      0.01474,
      0.015040000000000001,
      0.01048,
      0.026780000000000005,
      0.010675,
      0.019700000000000002
    ],
    [
      0.028440000000000003,
      0.03358,
      0.0303,
      0.03586,
      0.05062,
      0.05122,
      0.05442,
      0.044700000000000004,
      0.02292,
      0.11896000000000002,
      1.0,
      0.05776,
      0.08356,
      0.022719999999999997,
      0.02842,
      0.021,
      0.0198,
      0.039599999999999996,
      0.04148,
      0.030449999999999998,
      0.06948,
      0.054459999999999995,
      0.027800000000000002,
      0.03518,
      0.0332,
      0.04772,
      0.05156666666666667,
      0.06534,
      0.06338,
      0.10103999999999999,
      0.08592,
      0.022725,
      0.0363,
      0.025360000000000004,
      0.029160000000000002,
      0.025125,
      0.030775,
      0.023219999999999998,
      0.017,
      0.01666,
      0.01642,
      0.014639999999999997,
      0.0104,
      0.02556,
      0.01185,
      0.020319999999999998
    ],
    [
      0.05143333333333333,
      0.06160000000000001,
      0.0492,
      0.05838,
      0.10543333333333334,
      0.08361666666666667,
      0.12273333333333332,
      0.07911666666666665,
      0.04265,
      0.05678,
      0.05776,
      1.0,
      0.06548000000000001,
      0.04361666666666667,
      0.0537,
      0.041100000000000005,
      0.0651,
      0.03326666666666667,
      0.04671666666666666,
      0.049999999999999996,
      0.07066666666666667,
      0.03941666666666666,
      0.05523333333333333,
      0.06916666666666667,
      0.06989999999999999,
      0.04176666666666667,
      0.044199999999999996,
      0.06415,
      0.06301666666666667,
      0.0906,
      0.09456666666666667,
      0.050925,
      0.058050000000000004,
      0.04815,
      0.04998333333333333,
      0.059774999999999995,
      0.066075,
      0.043699999999999996,
      0.019066666666666666,
      0.026140000000000004,
      0.025060000000000006,
      0.021849999999999998,
      0.0217,
      0.03053333333333333,
      0.019039999999999998,
      0.039233333333333335
    ],
    [
      0.04836,
      0.05466000000000001,
      0.04772,
      0.054799999999999995,
      0.07776,
      0.07706,
      0.0786,
      0.07576000000000001,
      0.03926,
      0.14118,
      0.08356,
      0.06548000000000001,
      1.0,
      0.044320000000000005,
      0.05082,
      0.0456,
      0.0738,
      0.019700000000000002,
      0.04718,
      0.052450000000000004,
      0.05184,
      0.03498,
      0.04553999999999999,
      0.05144,
      0.0556,
      0.03256,
      0.031200000000000002,
      0.04866,
      0.05149999999999999,
      0.12362,
      0.10866000000000002,
      0.04844999999999999,
      0.0566,
      0.04592,
      0.04666,
      0.047675,
      0.053774999999999996,
      0.04262,
      0.01588,
      0.0188,
      0.0186,
      0.018719999999999997,
      0.02062,
      0.024259999999999997,
      0.0188,
      0.035140000000000005
    ],
    [
      0.2688166666666667,
      0.15423333333333333,
      0.2030833333333333,
      0.12666,
      0.15991666666666668,
      0.08773333333333333,
      0.06901666666666667,
      0.07816666666666666,
      0.1443,
      0.01702,
      0.022719999999999997,
      0.04361666666666667,
      0.044320000000000005,
      1.0,
      0.16583333333333336,
      0.23518,
      0.1832,
      0.04583333333333334,
      0.04623333333333333,
      0.1819,
      0.025466666666666665,
      0.02323333333333333,
      0.05473333333333333,
      0.05196666666666667,
      0.05017999999999999,
      0.020383333333333333,
      0.01755,
      0.028766666666666666,
      0.03181666666666667,
      0.05101666666666666,
      0.05566666666666666,
      0.058375,
      0.0605,
      0.056466666666666665,
      0.05705,
      0.057875,
      0.055725,
      0.06005,
      0.024966666666666665,
      0.0354,
      0.034219999999999993,
      0.03021666666666666,
      0.031049999999999998,
      0.02,
      0.0251,
      0.05196666666666666
    ],
    [
      0.1539,
      0.2872166666666667,
      0.13823333333333335,
      0.21444000000000002,
      0.15116666666666667,
      0.11828333333333334,
      0.09088333333333333,
      0.11075,
      0.11523333333333334,
      0.022539999999999998,
      0.02842,
      0.0537,
      0.05082,
      0.16583333333333336,
      1.0,
      0.15458,
      0.2967,
      0.0468,
      0.049749999999999996,
      0.15017999999999998,
      0.034616666666666664,
      0.03326666666666667,
      0.06948333333333333,
      0.06680000000000001,
      0.06402000000000001,
      0.028300000000000002,
      0.02495,
      0.04003333333333333,
      0.042616666666666664,
      0.07676666666666666,
      0.0845,
      0.06755,
      0.0802,
      0.07004999999999999,
      0.07361666666666665,
      0.06915,
      0.06915,
      0.07478333333333334,
      0.028516666666666666,
      0.042,
      0.039740000000000004,
      0.034583333333333334,
      0.03401666666666667,
      0.025283333333333335,
      0.029060000000000002,
      0.06003333333333333
    ],
    [
      0.19906000000000001,
      0.14336,
      0.18626,
      0.13075,
      0.1513,
      0.0756,
      0.059620000000000006,
      0.06792000000000001,
      0.14708,
      0.0145,
      0.021,
      0.041100000000000005,
      0.0456,
      0.23518,
      0.15458,
      1.0,
      0.1969,
      0.04650000000000001,
      0.04745999999999999,
      0.1759,
      0.02334,
      0.021500000000000002,
      0.05058,
      0.0476,
      0.04775,
      0.01918,
      0.016475,
      0.026339999999999995,
      0.02912,
      0.04444,
      0.0485,
      0.055600000000000004,
      0.05545,
      0.05188,
      0.0523,
      0.0552,
      0.05146666666666667,
      0.05444,
      0.02152,
      0.03095,
      0.029975,
      0.0257,
      0.02902,
      0.01928,
      0.022,
      0.042
    ],
    [
      0.1724,
      0.2581,
      0.1433,
      0.2236,
      0.163,
      0.1131,
      0.0792,
      0.101,
      0.1393,
      0.0135,
      0.0198,
      0.0651,
      0.0738,
      0.1832,
      0.2967,
      0.1969,
      1.0,
      0.0309,
      0.0698,
      0.176,
      0.041,
      0.0259,
      0.0879,
      0.0826,
      0.0781,
      0.0221,
      0.0213,
      0.0399,
      0.0389,
      0.0722,
      0.0796,
      0.0836,
      0.0856,
      0.09,
      0.0832,
      0.0861,
      0.0843,
      0.0878,
      0.0106,
      0.0268,
      0.0274,
      0.0293,
      0.0378,
      0.0233,
      0.0254,
      0.0567
    ],
    [
      0.05293333333333333,
      0.053266666666666664,
      0.044199999999999996,
      0.03745,
      0.06430000000000001,
      0.04583333333333334,
      0.03306666666666667,
      0.0385,
      0.042800000000000005,
      0.02735,
      0.039599999999999996,
      0.03326666666666667,
      0.019700000000000002,
      0.04583333333333334,
      0.0468,
      0.04650000000000001,
      0.0309,
      1.0,
      0.038200000000000005,
      0.06123333333333333,
      0.05396666666666666,
      0.06373333333333332,
      0.024900000000000002,
      0.0275,
      0.0286,
      0.05043333333333333,
      0.056966666666666665,
      0.057499999999999996,
      0.05653333333333333,
      0.037,
      0.03606666666666667,
      0.018349999999999998,
      0.0217,
      0.02026666666666667,
      0.02313333333333333,
      0.0205,
      0.0194,
      0.019433333333333334,
      0.019433333333333334,
      0.018349999999999998,
      0.01725,
      0.013133333333333335,
      0.008633333333333333,
      0.0188,
      0.014133333333333333,
      0.017933333333333332
    ],
    [
      0.051333333333333335,
      0.054333333333333345,
      0.05135000000000001,
      0.05688,
      0.06815,
      0.05746666666666667,
      0.05353333333333333,
      0.0527,
      0.04823333333333333,
      0.03252,
      0.04148,
      0.04671666666666666,
      0.04718,
      0.04623333333333333,
      0.049749999999999996,
      0.04745999999999999,
      0.0698,
      0.038200000000000005,
      1.0,
      0.05458,
      0.04165,
      0.03411666666666667,
      0.0402,
      0.04421666666666666,
      0.043980000000000005,
      0.03191666666666666,
      0.028374999999999997,
      0.04115,
      0.043266666666666675,
      0.051166666666666666,
      0.0516,
      0.040325,
      0.049825,
      0.038849999999999996,
      0.041100000000000005,
      0.045025,
      0.04295,
      0.039450000000000006,
      0.017400000000000002,
      0.020259999999999997,
      0.01966,
      0.017400000000000002,
      0.018033333333333332,
      0.02095,
      0.02116,
      0.027399999999999997
    ],
    [
      0.18368,
      0.1565,
      0.15962,
      0.13829999999999998,
      0.16824,
      0.08248,
      0.06817999999999999,
      0.07424,
      0.14606,
      0.0221,
      0.030449999999999998,
      0.049999999999999996,
      0.052450000000000004,
      0.1819,
      0.15017999999999998,
      0.1759,
      0.176,
      0.06123333333333333,
      0.05458,
      1.0,
      0.03366,
      0.028960000000000003,
      0.05704,
      0.05614,
      0.056225,
      0.02656,
      0.024749999999999998,
      0.0355,
      0.03884,
      0.054279999999999995,
      0.05726,
      0.05793333333333334,
      0.060625,
      0.05728,
      0.056400000000000006,
      0.0599,
      0.05759999999999999,
      0.05904,
      0.021040000000000003,
      0.02815,
      0.02765,
      0.023899999999999998,
      0.024020000000000003,
      0.020620000000000003,
      0.022425,
      0.04136
    ],
    [
      0.0304,
      0.03833333333333334,
      0.03161666666666667,
      0.04126,
      0.04758333333333334,
      0.05210000000000001,
      0.056516666666666666,
      0.04751666666666667,
      0.0228,
      0.059800000000000006,
      0.06948,
      0.07066666666666667,
      0.05184,
      0.025466666666666665,
      0.034616666666666664,
      0.02334,
      0.041,
      0.05396666666666666,
      0.04165,
      0.03366,
      1.0,
      0.09506666666666667,
      0.0431,
      0.053266666666666664,
      0.05324000000000001,
      0.1100166666666667,
      0.10195000000000001,
      0.21219999999999997,
      0.19896666666666665,
      0.07584999999999999,
      0.07461666666666668,
      0.035675,
      0.048174999999999996,
      0.036166666666666666,
      0.04071666666666667,
      0.0411,
      0.0445,
      0.03233333333333333,
      0.021066666666666664,
      0.025620000000000004,
      0.02508,
      0.0204,
      0.015700000000000002,
      0.031400000000000004,
      0.01812,
      0.02495
    ],
    [
      0.025433333333333332,
      0.03333333333333333,
      0.027766666666666665,
      0.0366,
      0.03245,
      0.038916666666666676,
      0.03526666666666667,
      0.03675,
      0.021333333333333333,
      0.04284,
      0.054459999999999995,
      0.03941666666666666,
      0.03498,
      0.02323333333333333,
      0.03326666666666667,
      0.021500000000000002,
      0.0259,
      0.06373333333333332,
      0.03411666666666667,
      0.028960000000000003,
      0.09506666666666667,
      1.0,
      0.032216666666666664,
      0.03633333333333333,
      0.033220000000000006,
      0.0971,
      0.13140000000000002,
      0.10993333333333333,
      0.0946,
      0.05161666666666667,
      0.04823333333333333,
      0.025975,
      0.0385,
      0.026833333333333334,
      0.0324,
      0.02625,
      0.028249999999999997,
      0.026350000000000002,
      0.0236,
      0.024979999999999995,
      0.024619999999999996,
      0.02025,
      0.015799999999999998,
      0.026366666666666667,
      0.017660000000000002,
      0.020716666666666664
    ],
    [
      0.056799999999999996,
      0.07465000000000001,
      0.0536,
      0.06452,
      0.08226666666666665,
      0.09079999999999999,
      0.09028333333333334,
      0.09366666666666666,
      0.04025,
      0.02246,
      0.027800000000000002,
      0.05523333333333333,
      0.04553999999999999,
      0.05473333333333333,
      0.06948333333333333,
      0.05058,
      0.0879,
      0.024900000000000002,
      0.0402,
      0.05704,
      0.0431,
      0.032216666666666664,
      1.0,
      0.12096666666666667,
      0.11108,
      0.044550000000000006,
      0.04635,
      0.04948333333333333,
      0.04651666666666667,
      0.07871666666666666,
      0.08783333333333332,
      0.09090000000000001,
      0.097825,
      0.09278333333333333,
      0.09046666666666665,
      0.1052,
      0.106475,
      0.08935,
      0.02625,
      0.037320000000000006,
      0.03498,
      0.0341,
      0.04065,
      0.022883333333333335,
      0.02908,
      0.049100000000000005
    ],
    [
      0.05513333333333334,
      0.0716,
      0.05054999999999999,
      0.06334,
      0.08563333333333334,
      0.08613333333333334,
      0.09678333333333333,
      0.08725,
      0.038950000000000005,
      0.02808,
      0.03518,
      0.06916666666666667,
      0.05144,
      0.05196666666666667,
      0.06680000000000001,
      0.0476,
      0.0826,
      0.0275,
      0.04421666666666666,
      0.05614,
      0.053266666666666664,
      0.03633333333333333,
      0.12096666666666667,
      1.0,
      0.17104,
      0.041800000000000004,
      0.042775,
      0.05934999999999999,
      0.05433333333333334,
      0.08028333333333333,
      0.08726666666666667,
      0.085225,
      0.09714999999999999,
      0.08406666666666666,
      0.08628333333333334,
      0.09695,
      0.15015,
      0.08103333333333333,
      0.0239,
      0.03432,
      0.03386,
      0.03208333333333333,
      0.03331666666666667,
      0.0266,
      0.02864,
      0.049749999999999996
    ],
    [
      0.053680000000000005,
      0.06938,
      0.04942,
      0.062625,
      0.08271999999999999,
      0.08748,
      0.09480000000000001,
      0.08952,
      0.03716,
      0.027225,
      0.0332,
      0.06989999999999999,
      0.0556,
      0.05017999999999999,
      0.06402000000000001,
      0.04775,
      0.0781,
      0.0286,
      0.043980000000000005,
      0.056225,
      0.05324000000000001,
      0.033220000000000006,
      0.11108,
      0.17104,
      1.0,
      0.03902,
      0.042425,
      0.062119999999999995,
      0.0548,
      0.0839,
      0.09256,
      0.08360000000000001,
      0.09293333333333333,
      0.08593999999999999,
      0.08723999999999998,
      0.09492500000000001,
      0.12780000000000002,
      0.09047999999999999,
      0.021340000000000005,
      0.028925,
      0.028874999999999998,
      0.027500000000000004,
      0.03392,
      0.02306,
      0.0261,
      0.04648
    ],
    [
      0.022900000000000004,
      0.02886666666666667,
      0.02485,
      0.03148,
      0.03295,
      0.03295,
      0.035649999999999994,
      0.030516666666666668,
      0.020433333333333335,
      0.040799999999999996,
      0.04772,
      0.04176666666666667,
      0.03256,
      0.020383333333333333,
      0.028300000000000002,
      0.01918,
      0.0221,
      0.05043333333333333,
      0.03191666666666666,
      0.02656,
      0.1100166666666667,
      0.0971,
      0.044550000000000006,
      0.041800000000000004,
      0.03902,
      1.0,
      0.24684999999999999,
      0.11325,
      0.09766666666666667,
      0.045149999999999996,
      0.04371666666666666,
      0.025099999999999997,
      0.034999999999999996,
      0.028383333333333333,
      0.029033333333333338,
      0.028675,
      0.031724999999999996,
      0.024233333333333332,
      0.021866666666666663,
      0.023240000000000004,
      0.02276,
      0.018416666666666668,
      0.014300000000000002,
      0.02495,
      0.01806,
      0.01795
    ],
    [
      0.020975,
      0.027825000000000003,
      0.019775,
      0.02996666666666667,
      0.032025,
      0.037125,
      0.040674999999999996,
      0.03565,
      0.015225,
      0.04326666666666667,
      0.05156666666666667,
      0.044199999999999996,
      0.031200000000000002,
      0.01755,
      0.02495,
      0.016475,
      0.0213,
      0.056966666666666665,
      0.028374999999999997,
      0.024749999999999998,
      0.10195000000000001,
      0.13140000000000002,
      0.04635,
      0.042775,
      0.042425,
      0.24684999999999999,
      1.0,
      0.1288,
      0.097675,
      0.0526,
      0.0496,
      0.029166666666666664,
      0.03453333333333333,
      0.02815,
      0.030175,
      0.030733333333333335,
      0.034333333333333334,
      0.023875,
      0.023275,
      0.02516666666666667,
      0.025066666666666668,
      0.01885,
      0.01465,
      0.025625000000000002,
      0.015233333333333335,
      0.018925
    ],
    [
      0.032933333333333335,
      0.04285,
      0.03343333333333333,
      0.044340000000000004,
      0.050916666666666666,
      0.05831666666666666,
      0.0595,
      0.05575,
      0.0252,
      0.054000000000000006,
      0.06534,
      0.06415,
      0.04866,
      0.028766666666666666,
      0.04003333333333333,
      0.026339999999999995,
      0.0399,
      0.057499999999999996,
      0.04115,
      0.0355,
      0.21219999999999997,
      0.10993333333333333,
      0.04948333333333333,
      0.05934999999999999,
      0.062119999999999995,
      0.11325,
      0.1288,
      1.0,
      0.16323333333333334,
      0.07730000000000001,
      0.07685,
      0.03865,
      0.049625,
      0.04046666666666667,
      0.04495,
      0.0417,
      0.047825,
      0.03681666666666667,
      0.02358333333333333,
      0.02916,
      0.028699999999999996,
      0.023499999999999997,
      0.01785,
      0.028816666666666668,
      0.02046,
      0.027216666666666667
    ],
    [
      0.03568333333333334,
      0.0454,
      0.03651666666666667,
      0.04638,
      0.055583333333333325,
      0.0686,
      0.0633,
      0.0654,
      0.02695,
      0.05442,
      0.06338,
      0.06301666666666667,
      0.05149999999999999,
      0.03181666666666667,
      0.042616666666666664,
      0.02912,
      0.0389,
      0.05653333333333333,
      0.043266666666666675,
      0.03884,
      0.19896666666666665,
      0.0946,
      0.04651666666666667,
      0.05433333333333334,
      0.0548,
      0.09766666666666667,
      0.097675,
      0.16323333333333334,
      1.0,
      0.0843,
      0.08303333333333333,
      0.040175,
      0.051024999999999994,
      0.04226666666666667,
      0.0444,
      0.04095,
      0.044700000000000004,
      0.04044999999999999,
      0.024216666666666668,
      0.0293,
      0.029100000000000004,
      0.02426666666666667,
      0.019183333333333333,
      0.029833333333333333,
      0.02162,
      0.03056666666666667
    ],
    [
      0.06066666666666667,
      0.08713333333333334,
      0.056133333333333334,
      0.07174,
      0.14091666666666666,
      0.22401666666666667,
      0.16623333333333332,
      0.21488333333333334,
      0.040016666666666666,
      0.12677999999999998,
      0.10103999999999999,
      0.0906,
      0.12362,
      0.05101666666666666,
      0.07676666666666666,
      0.04444,
      0.0722,
      0.037,
      0.051166666666666666,
      0.054279999999999995,
      0.07584999999999999,
      0.05161666666666667,
      0.07871666666666666,
      0.08028333333333333,
      0.0839,
      0.045149999999999996,
      0.0526,
      0.07730000000000001,
      0.0843,
      1.0,
      0.42028333333333334,
      0.07294999999999999,
      0.08775,
      0.0754,
      0.07836666666666667,
      0.07065,
      0.0822,
      0.0722,
      0.029549999999999996,
      0.03798,
      0.0385,
      0.03823333333333334,
      0.0484,
      0.027866666666666668,
      0.023159999999999997,
      0.07318333333333334
    ],
    [
      0.06653333333333333,
      0.09541666666666666,
      0.06211666666666666,
      0.07678,
      0.15285,
      0.24381666666666668,
      0.1818833333333333,
      0.24015,
      0.044033333333333334,
      0.10276,
      0.08592,
      0.09456666666666667,
      0.10866000000000002,
      0.05566666666666666,
      0.0845,
      0.0485,
      0.0796,
      0.03606666666666667,
      0.0516,
      0.05726,
      0.07461666666666668,
      0.04823333333333333,
      0.08783333333333332,
      0.08726666666666667,
      0.09256,
      0.04371666666666666,
      0.0496,
      0.07685,
      0.08303333333333333,
      0.42028333333333334,
      1.0,
      0.086275,
      0.097525,
      0.08555000000000001,
      0.0867,
      0.08145,
      0.09317499999999998,
      0.08341666666666665,
      0.0311,
      0.044660000000000005,
      0.04506,
      0.044083333333333335,
      0.057283333333333325,
      0.026883333333333332,
      0.0254,
      0.08290000000000002
    ],
    [
      0.06125,
      0.07155,
      0.055874999999999994,
      0.060375,
      0.08075,
      0.089475,
      0.08545,
      0.092775,
      0.039474999999999996,
      0.017325,
      0.022725,
      0.050925,
      0.04844999999999999,
      0.058375,
      0.06755,
      0.055600000000000004,
      0.0836,
      0.018349999999999998,
      0.040325,
      0.05793333333333334,
      0.035675,
      0.025975,
      0.09090000000000001,
      0.085225,
      0.08360000000000001,
      0.025099999999999997,
      0.029166666666666664,
      0.03865,
      0.040175,
      0.07294999999999999,
      0.086275,
      1.0,
      0.11206666666666666,
      0.10250000000000001,
      0.108375,
      0.097825,
      0.09327500000000001,
      0.0961,
      0.020374999999999997,
      0.032275,
      0.031024999999999997,
      0.0344,
      0.04255,
      0.02005,
      0.03053333333333333,
      0.05745
    ],
    [
      0.064725,
      0.08215,
      0.06129999999999999,
      0.07045,
      0.08795,
      0.100525,
      0.0909,
      0.10485,
      0.0477,
      0.0287,
      0.0363,
      0.058050000000000004,
      0.0566,
      0.0605,
      0.0802,
      0.05545,
      0.0856,
      0.0217,
      0.049825,
      0.060625,
      0.048174999999999996,
      0.0385,
      0.097825,
      0.09714999999999999,
      0.09293333333333333,
      0.034999999999999996,
      0.03453333333333333,
      0.049625,
      0.051024999999999994,
      0.08775,
      0.097525,
      0.11206666666666666,
      1.0,
      0.12007500000000002,
      0.132275,
      0.10793333333333333,
      0.1075,
      0.112275,
      0.02305,
      0.03755,
      0.0369,
      0.03815,
      0.042475000000000006,
      0.022375,
      0.032933333333333335,
      0.06282499999999999
    ],
    [
      0.05811666666666666,
      0.07229999999999999,
      0.05321666666666667,
      0.06348000000000001,
      0.0785,
      0.08925,
      0.08256666666666666,
      0.09144999999999999,
      0.04268333333333333,
      0.01986,
      0.025360000000000004,
      0.04815,
      0.04592,
      0.056466666666666665,
      0.07004999999999999,
      0.05188,
      0.09,
      0.02026666666666667,
      0.038849999999999996,
      0.05728,
      0.036166666666666666,
      0.026833333333333334,
      0.09278333333333333,
      0.08406666666666666,
      0.08593999999999999,
      0.028383333333333333,
      0.02815,
      0.04046666666666667,
      0.04226666666666667,
      0.0754,
      0.08555000000000001,
      0.10250000000000001,
      0.12007500000000002,
      1.0,
      0.11083333333333333,
      0.09227500000000001,
      0.09685,
      0.10506666666666666,
      0.02385,
      0.039180000000000006,
      0.038079999999999996,
      0.037416666666666674,
      0.039516666666666665,
      0.021383333333333334,
      0.03508000000000001,
      0.060200000000000004
    ],
    [
      0.05873333333333333,
      0.07525,
      0.05453333333333333,
      0.06649999999999999,
      0.07751666666666668,
      0.09456666666666667,
      0.08274999999999999,
      0.0974,
      0.043116666666666664,
      0.022399999999999996,
      0.029160000000000002,
      0.04998333333333333,
      0.04666,
      0.05705,
      0.07361666666666665,
      0.0523,
      0.0832,
      0.02313333333333333,
      0.041100000000000005,
      0.056400000000000006,
      0.04071666666666667,
      0.0324,
      0.09046666666666665,
      0.08628333333333334,
      0.08723999999999998,
      0.029033333333333338,
      0.030175,
      0.04495,
      0.0444,
      0.07836666666666667,
      0.0867,
      0.108375,
      0.132275,
      0.11083333333333333,
      1.0,
      0.098875,
      0.094825,
      0.1233,
      0.02513333333333333,
      0.039439999999999996,
      0.0391,
      0.037766666666666664,
      0.04078333333333333,
      0.022816666666666666,
      0.03474,
      0.05931666666666668
    ],
    [
      0.06235,
      0.07629999999999999,
      0.055099999999999996,
      0.064625,
      0.087025,
      0.0819,
      0.091225,
      0.082,
      0.042600000000000006,
      0.020425,
      0.025125,
      0.059774999999999995,
      0.047675,
      0.057875,
      0.06915,
      0.0552,
      0.0861,
      0.0205,
      0.045025,
      0.0599,
      0.0411,
      0.02625,
      0.1052,
      0.09695,
      0.09492500000000001,
      0.028675,
      0.030733333333333335,
      0.0417,
      0.04095,
      0.07065,
      0.08145,
      0.097825,
      0.10793333333333333,
      0.09227500000000001,
      0.098875,
      1.0,
      0.116225,
      0.0938,
      0.021249999999999998,
      0.029150000000000002,
      0.02845,
      0.028825,
      0.04135,
      0.023675,
      0.027033333333333336,
      0.045825
    ],
    [
      0.060950000000000004,
      0.07469999999999999,
      0.05372500000000001,
      0.0637,
      0.088925,
      0.08907499999999999,
      0.09577500000000001,
      0.091475,
      0.03885,
      0.02495,
      0.030775,
      0.066075,
      0.053774999999999996,
      0.055725,
      0.06915,
      0.05146666666666667,
      0.0843,
      0.0194,
      0.04295,
      0.05759999999999999,
      0.0445,
      0.028249999999999997,
      0.106475,
      0.15015,
      0.12780000000000002,
      0.031724999999999996,
      0.034333333333333334,
      0.047825,
      0.044700000000000004,
      0.0822,
      0.09317499999999998,
      0.09327500000000001,
      0.1075,
      0.09685,
      0.094825,
      0.116225,
      1.0,
      0.089175,
      0.020325000000000003,
      0.031225,
      0.02985,
      0.03105,
      0.039125,
      0.023475,
      0.027100000000000003,
      0.051775
    ],
    [
      0.060666666666666674,
      0.07675,
      0.056133333333333334,
      0.06448,
      0.07718333333333334,
      0.09311666666666667,
      0.08011666666666666,
      0.09748333333333332,
      0.04424999999999999,
      0.01704,
      0.023219999999999998,
      0.043699999999999996,
      0.04262,
      0.06005,
      0.07478333333333334,
      0.05444,
      0.0878,
      0.019433333333333334,
      0.039450000000000006,
      0.05904,
      0.03233333333333333,
      0.026350000000000002,
      0.08935,
      0.08103333333333333,
      0.09047999999999999,
      0.024233333333333332,
      0.023875,
      0.03681666666666667,
      0.04044999999999999,
      0.0722,
      0.08341666666666665,
      0.0961,
      0.112275,
      0.10506666666666666,
      0.1233,
      0.0938,
      0.089175,
      1.0,
      0.024783333333333334,
      0.03806,
      0.03608,
      0.03428333333333333,
      0.04083333333333333,
      0.019933333333333334,
      0.03286,
      0.05544999999999999
    ],
    [
      0.02735,
      0.028450000000000003,
      0.02523333333333333,
      0.02462,
      0.027100000000000003,
      0.03556666666666666,
      0.02913333333333333,
      0.0363,
      0.020966666666666665,
      0.01624,
      0.017,
      0.019066666666666666,
      0.01588,
      0.024966666666666665,
      0.028516666666666666,
      0.02152,
      0.0106,
      0.019433333333333334,
      0.017400000000000002,
      0.021040000000000003,
      0.021066666666666664,
      0.0236,
      0.02625,
      0.0239,
      0.021340000000000005,
      0.021866666666666663,
      0.023275,
      0.02358333333333333,
      0.024216666666666668,
      0.029549999999999996,
      0.0311,
      0.020374999999999997,
      0.02305,
      0.02385,
      0.02513333333333333,
      0.021249999999999998,
      0.020325000000000003,
      0.024783333333333334,
      1.0,
      0.06834,
      0.06549999999999999,
      0.05953333333333333,
      0.04850000000000001,
      0.04238333333333333,
      0.049019999999999994,
      0.03638333333333333
    ],
