{
  "model": "allenai/OLMo-2-0325-32B-Instruct",
  "sign": "positive",
  "percentage": 0.1,
  "component": "neurons",
  "tasks": [
    "MD/add_sub_2op_symbolic",
    "MD/add_sub_2op_verbal",
    "MD/add_sub_3op_symbolic",
    "MD/code_A",
    "MD/code_B",
    "MD/code_conditional",
    "MD/code_list",
    "MD/code_loop",
    "MD/logic_syllogism_1",
    "MD/mul_div_2op_symbolic",
    "MD/mul_div_2op_verbal",
    "MD/mul_div_3op_symbolic",
    "MD/number_sequence",
    "MD/number_sorting",
    "MD/simple_equation",
    "ToM/agent",
    "ToM/desires_goals",
    "ToM/emotion_fewshot",
    "ToM/norm_appropriate",
    "ToM/norm_moral",
    "ToM/primary_emotions",
    "ToM/secondary_emotions",
    "ToM/social_interactions",
    "ToM/social_relations",
    "phys/phys_newton",
    "phys/phys_prost",
    "phys/physics_elasticity",
    "phys/physics_solubility",
    "phys/physics_temperature",
    "Lan/anaphor_gender_agreement",
    "Lan/det_noun_agreement_with_adjective",
    "Lan/hypernymy",
    "Lan/npi",
    "Lan/subject_verb_agreement",
    "Lan/wug"
  ],
  "overlap_matrix": [
    [
      1.0,
      0.4776710005652911,
      0.6743923120407009,
      0.32108535895986434,
      0.01978518937252685,
      0.010740531373657434,
      0.015262860373092142,
      0.18428490672696438,
      0.0011305822498586771,
      0.5703787450537027,
      0.30073487846240815,
      0.4889768230638779,
      0.2035048049745619,
      0.0033917467495760316,
      0.4171848501978519,
      0.0005652911249293386,
      0.0,
      0.0022611644997173543,
      0.00395703787450537,
      0.0,
      0.0005652911249293386,
      0.0011305822498586771,
      0.0,
      0.0005652911249293386,
      0.0045223289994347085,
      0.005652911249293386,
      0.002826455624646693,
      0.0045223289994347085,
      0.0022611644997173543,
      0.0005652911249293386,
      0.0,
      0.0005652911249293386,
      0.0011305822498586771,
      0.0016958733747880158,
      0.010740531373657434
    ],
    [
      0.4776710005652911,
      1.0,
      0.40927077444884113,
      0.2916902204635387,
      0.07235726399095534,
      0.054833239118145846,
      0.06331260599208592,
      0.17467495760316562,
      0.007348784624081402,
      0.34878462408140193,
      0.44092707744488413,
      0.320520067834935,
      0.19106840022611646,
      0.007348784624081402,
      0.3600904465799887,
      0.005087620124364048,
      0.006783493499152063,
      0.033917467495760314,
      0.027133973996608253,
      0.026003391746749576,
      0.002826455624646693,
      0.00395703787450537,
      0.009044657998869417,
      0.013001695873374788,
      0.05144149236856981,
      0.05031091011871114,
      0.034482758620689655,
      0.02882984737139627,
      0.04070096099491238,
      0.0005652911249293386,
      0.0022611644997173543,
      0.0005652911249293386,
      0.0022611644997173543,
      0.0016958733747880158,
      0.00791407574901074
    ],
    [
      0.6743923120407009,
      0.40927077444884113,
      1.0,
      0.285472018089316,
      0.01582815149802148,
      0.01921989824759751,
      0.017524024872809497,
      0.15997738835500283,
      0.005087620124364048,
      0.44771057094403616,
      0.24816280384397965,
      0.4115319389485585,
      0.16449971735443752,
      0.006783493499152063,
      0.36065573770491804,
      0.0011305822498586771,
      0.0005652911249293386,
      0.005652911249293386,
      0.007348784624081402,
      0.0022611644997173543,
      0.0016958733747880158,
      0.00395703787450537,
      0.0022611644997173543,
      0.0022611644997173543,
      0.006783493499152063,
      0.008479366873940079,
      0.006783493499152063,
      0.00395703787450537,
      0.006218202374222725,
      0.0022611644997173543,
      0.0016958733747880158,
      0.0005652911249293386,
      0.0022611644997173543,
      0.0016958733747880158,
      0.014697569248162803
    ],
    [
      0.32108535895986434,
      0.2916902204635387,
      0.285472018089316,
      1.0,
      0.1288863764838892,
      0.23968343697003958,
      0.10175240248728094,
      0.38157150932730355,
      0.0497456189937818,
      0.3295647258338044,
      0.2447710570944036,
      0.3374788015828151,
      0.22442057659694742,
      0.027699265121537593,
      0.4234030525720746,
      0.022611644997173545,
      0.00395703787450537,
      0.035613340870548335,
      0.048049745618993785,
      0.04352741661955907,
      0.010175240248728096,
      0.015262860373092142,
      0.033917467495760314,
      0.04296212549462974,
      0.08366308648954211,
      0.08592425098925947,
      0.03278688524590164,
      0.02430751837196156,
      0.029960429621254947,
      0.0033917467495760316,
      0.002826455624646693,
      0.0,
      0.002826455624646693,
      0.005087620124364048,
      0.008479366873940079
    ],
    [
      0.01978518937252685,
      0.07235726399095534,
      0.01582815149802148,
      0.1288863764838892,
      1.0,
      0.2849067269643867,
      0.5732052006783493,
      0.02148106274731487,
      0.046353872244205764,
      0.01978518937252685,
      0.07348784624081402,
      0.018654607122668174,
      0.04409270774448841,
      0.0497456189937818,
      0.023176936122102882,
      0.03335217637083098,
      0.011871113623516111,
      0.08083663086489543,
      0.07744488411531938,
      0.08422837761447145,
      0.00791407574901074,
      0.010740531373657434,
      0.06218202374222725,
      0.11588468061051442,
      0.32843414358394574,
      0.3176936122102883,
      0.0847936687394008,
      0.07857546636517806,
      0.08535895986433013,
      0.00791407574901074,
      0.005652911249293386,
      0.007348784624081402,
      0.002826455624646693,
      0.0022611644997173543,
      0.03165630299604296
    ],
    [
      0.010740531373657434,
      0.054833239118145846,
      0.01921989824759751,
      0.23968343697003958,
      0.2849067269643867,
      1.0,
      0.25494629734313173,
      0.01978518937252685,
      0.14471452798191067,
      0.010175240248728096,
      0.05087620124364047,
      0.006218202374222725,
      0.02430751837196156,
      0.03165630299604296,
      0.015262860373092142,
      0.058790276992651214,
      0.01243640474844545,
      0.10514414923685698,
      0.12775579423403052,
      0.12266817410966648,
      0.020915771622385528,
      0.027699265121537593,
      0.06670435274166196,
      0.10514414923685698,
      0.21368004522328998,
      0.21989824759751272,
      0.08196721311475409,
      0.071791972866026,
      0.07744488411531938,
      0.005652911249293386,
      0.006218202374222725,
      0.0022611644997173543,
      0.002826455624646693,
      0.006218202374222725,
      0.031091011871113624
    ],
    [
      0.015262860373092142,
      0.06331260599208592,
      0.017524024872809497,
      0.10175240248728094,
      0.5732052006783493,
      0.25494629734313173,
      1.0,
      0.02035048049745619,
      0.04409270774448841,
      0.01639344262295082,
      0.06557377049180328,
      0.011305822498586773,
      0.035613340870548335,
      0.04296212549462974,
      0.017524024872809497,
      0.029395138496325607,
      0.014697569248162803,
      0.08366308648954211,
      0.07801017524024872,
      0.08818541548897682,
      0.008479366873940079,
      0.010740531373657434,
      0.058790276992651214,
      0.11475409836065574,
      0.3109101187111362,
      0.30186546071226683,
      0.09044657998869418,
      0.0791407574901074,
      0.08875070661390616,
      0.009044657998869417,
      0.005652911249293386,
      0.00791407574901074,
      0.00395703787450537,
      0.00395703787450537,
      0.03165630299604296
    ],
    [
      0.18428490672696438,
      0.17467495760316562,
      0.15997738835500283,
      0.38157150932730355,
      0.02148106274731487,
      0.01978518937252685,
      0.02035048049745619,
      1.0,
      0.006783493499152063,
      0.22668174109666478,
      0.1712832108535896,
      0.24081401921989826,
      0.15319389485585078,
      0.018089315997738834,
      0.2792538157150933,
      0.00395703787450537,
      0.0033917467495760316,
      0.007348784624081402,
      0.009044657998869417,
      0.005652911249293386,
      0.0016958733747880158,
      0.002826455624646693,
      0.00791407574901074,
      0.007348784624081402,
      0.015262860373092142,
      0.01243640474844545,
      0.011305822498586773,
      0.00395703787450537,
      0.00791407574901074,
      0.005087620124364048,
      0.002826455624646693,
      0.0005652911249293386,
      0.00395703787450537,
      0.00791407574901074,
      0.00395703787450537
    ],
    [
      0.0011305822498586771,
      0.007348784624081402,
      0.005087620124364048,
      0.0497456189937818,
      0.046353872244205764,
      0.14471452798191067,
      0.04409270774448841,
      0.006783493499152063,
      1.0,
      0.0016958733747880158,
      0.010740531373657434,
      0.0022611644997173543,
      0.01582815149802148,
      0.023176936122102882,
      0.007348784624081402,
      0.08875070661390616,
      0.0248728094968909,
      0.04409270774448841,
      0.09270774448841153,
      0.07235726399095534,
      0.022611644997173545,
      0.027699265121537593,
      0.06387789711701526,
      0.04465799886941775,
      0.058790276992651214,
      0.06613906161673262,
      0.018089315997738834,
      0.027699265121537593,
      0.020915771622385528,
      0.00395703787450537,
      0.0022611644997173543,
      0.0022611644997173543,
      0.006783493499152063,
      0.0022611644997173543,
      0.007348784624081402
    ],
    [
      0.5703787450537027,
      0.34878462408140193,
      0.44771057094403616,
      0.3295647258338044,
      0.01978518937252685,
      0.010175240248728096,
      0.01639344262295082,
      0.22668174109666478,
      0.0016958733747880158,
      1.0,
      0.38722442057659695,
      0.6721311475409836,
      0.18202374222724704,
      0.006783493499152063,
      0.47540983606557374,
      0.0011305822498586771,
      0.0011305822498586771,
      0.006218202374222725,
      0.006218202374222725,
      0.0033917467495760316,
      0.0022611644997173543,
      0.0016958733747880158,
      0.0022611644997173543,
      0.0022611644997173543,
      0.009609949123798756,
      0.011305822498586773,
      0.005087620124364048,
      0.007348784624081402,
      0.006218202374222725,
      0.0022611644997173543,
      0.0016958733747880158,
      0.0005652911249293386,
      0.0005652911249293386,
      0.0022611644997173543,
      0.006218202374222725
    ],
    [
      0.30073487846240815,
      0.44092707744488413,
      0.24816280384397965,
      0.2447710570944036,
      0.07348784624081402,
      0.05087620124364047,
      0.06557377049180328,
      0.1712832108535896,
      0.010740531373657434,
      0.38722442057659695,
      1.0,
      0.37987563595251556,
      0.1537591859807801,
      0.013566986998304126,
      0.33352176370830977,
      0.008479366873940079,
      0.010175240248728096,
      0.03335217637083098,
      0.034482758620689655,
      0.031091011871113624,
      0.005087620124364048,
      0.006783493499152063,
      0.015262860373092142,
      0.01978518937252685,
      0.05313736574335783,
      0.0497456189937818,
      0.03900508762012436,
      0.03278688524590164,
      0.035048049745618995,
      0.0,
      0.0022611644997173543,
      0.0011305822498586771,
      0.0033917467495760316,
      0.002826455624646693,
      0.007348784624081402
    ],
    [
      0.4889768230638779,
      0.320520067834935,
      0.4115319389485585,
      0.3374788015828151,
      0.018654607122668174,
      0.006218202374222725,
      0.011305822498586773,
      0.24081401921989826,
      0.0022611644997173543,
      0.6721311475409836,
      0.37987563595251556,
      1.0,
      0.1859807801017524,
      0.006218202374222725,
      0.4742792538157151,
      0.0011305822498586771,
      0.0,
      0.002826455624646693,
      0.002826455624646693,
      0.0016958733747880158,
      0.0,
      0.0005652911249293386,
      0.0011305822498586771,
      0.0016958733747880158,
      0.005087620124364048,
      0.006218202374222725,
      0.005087620124364048,
      0.0045223289994347085,
      0.00395703787450537,
      0.0011305822498586771,
      0.0011305822498586771,
      0.0005652911249293386,
      0.0016958733747880158,
      0.0005652911249293386,
      0.006218202374222725
    ],
    [
      0.2035048049745619,
      0.19106840022611646,
      0.16449971735443752,
      0.22442057659694742,
      0.04409270774448841,
      0.02430751837196156,
      0.035613340870548335,
      0.15319389485585078,
      0.01582815149802148,
      0.18202374222724704,
      0.1537591859807801,
      0.1859807801017524,
      1.0,
      0.041266252119841716,
      0.23233465234595818,
      0.025438100621820236,
      0.01639344262295082,
      0.011305822498586773,
      0.017524024872809497,
      0.014132278123233465,
      0.013566986998304126,
      0.018089315997738834,
      0.0248728094968909,
      0.029960429621254947,
      0.020915771622385528,
      0.018089315997738834,
      0.008479366873940079,
      0.01243640474844545,
      0.00791407574901074,
      0.00395703787450537,
      0.0022611644997173543,
      0.0,
      0.002826455624646693,
      0.0022611644997173543,
      0.005652911249293386
    ],
    [
      0.0033917467495760316,
      0.007348784624081402,
      0.006783493499152063,
      0.027699265121537593,
      0.0497456189937818,
      0.03165630299604296,
      0.04296212549462974,
      0.018089315997738834,
      0.023176936122102882,
      0.006783493499152063,
      0.013566986998304126,
      0.006218202374222725,
      0.041266252119841716,
      1.0,
      0.010740531373657434,
      0.025438100621820236,
      0.017524024872809497,
      0.014697569248162803,
      0.01639344262295082,
      0.02035048049745619,
      0.01639344262295082,
      0.020915771622385528,
      0.016958733747880157,
      0.030525720746184284,
      0.033917467495760314,
      0.035613340870548335,
      0.005087620124364048,
      0.014697569248162803,
      0.006783493499152063,
      0.0016958733747880158,
      0.0016958733747880158,
      0.0,
      0.0011305822498586771,
      0.0022611644997173543,
      0.005652911249293386
    ],
    [
      0.4171848501978519,
      0.3600904465799887,
      0.36065573770491804,
      0.4234030525720746,
      0.023176936122102882,
      0.015262860373092142,
      0.017524024872809497,
      0.2792538157150933,
      0.007348784624081402,
      0.47540983606557374,
      0.33352176370830977,
      0.4742792538157151,
      0.23233465234595818,
      0.010740531373657434,
      1.0,
      0.002826455624646693,
      0.0011305822498586771,
      0.0045223289994347085,
      0.006218202374222725,
      0.0033917467495760316,
      0.0005652911249293386,
      0.0011305822498586771,
      0.0022611644997173543,
      0.0022611644997173543,
      0.010175240248728096,
      0.009609949123798756,
      0.0033917467495760316,
      0.0045223289994347085,
      0.005652911249293386,
      0.0011305822498586771,
      0.0011305822498586771,
      0.0005652911249293386,
      0.0011305822498586771,
      0.0016958733747880158,
      0.005652911249293386
    ],
    [
      0.0005652911249293386,
      0.005087620124364048,
      0.0011305822498586771,
      0.022611644997173545,
      0.03335217637083098,
      0.058790276992651214,
      0.029395138496325607,
      0.00395703787450537,
      0.08875070661390616,
      0.0011305822498586771,
      0.008479366873940079,
      0.0011305822498586771,
      0.025438100621820236,
      0.025438100621820236,
      0.002826455624646693,
      1.0,
      0.07744488411531938,
      0.027133973996608253,
      0.046353872244205764,
      0.054833239118145846,
      0.08592425098925947,
      0.10005652911249294,
      0.31260599208592427,
      0.18541548897682306,
      0.06161673261729791,
      0.07122668174109667,
      0.01639344262295082,
      0.023742227247032222,
      0.013001695873374788,
      0.0011305822498586771,
      0.0011305822498586771,
      0.0,
      0.0033917467495760316,
      0.0011305822498586771,
      0.002826455624646693
    ],
    [
      0.0,
      0.006783493499152063,
      0.0005652911249293386,
      0.00395703787450537,
      0.011871113623516111,
      0.01243640474844545,
      0.014697569248162803,
      0.0033917467495760316,
      0.0248728094968909,
      0.0011305822498586771,
      0.010175240248728096,
      0.0,
      0.01639344262295082,
      0.017524024872809497,
      0.0011305822498586771,
      0.07744488411531938,
      1.0,
      0.01243640474844545,
      0.013001695873374788,
      0.016958733747880157,
      0.059920859242509894,
      0.08535895986433013,
      0.09270774448841153,
      0.06331260599208592,
      0.017524024872809497,
      0.013001695873374788,
      0.010740531373657434,
      0.011871113623516111,
      0.0045223289994347085,
      0.002826455624646693,
      0.0022611644997173543,
      0.0,
      0.0033917467495760316,
      0.0016958733747880158,
      0.002826455624646693
    ],
    [
      0.0022611644997173543,
      0.033917467495760314,
      0.005652911249293386,
      0.035613340870548335,
      0.08083663086489543,
      0.10514414923685698,
      0.08366308648954211,
      0.007348784624081402,
      0.04409270774448841,
      0.006218202374222725,
      0.03335217637083098,
      0.002826455624646693,
      0.011305822498586773,
      0.014697569248162803,
      0.0045223289994347085,
      0.027133973996608253,
      0.01243640474844545,
      1.0,
      0.16336913510457884,
      0.1684567552289429,
      0.06670435274166196,
      0.09836065573770492,
      0.05031091011871114,
      0.04522328999434709,
      0.10118711136235162,
      0.10457885811192764,
      0.08762012436404748,
      0.07066139061616733,
      0.06896551724137931,
      0.007348784624081402,
      0.006218202374222725,
      0.0022611644997173543,
      0.002826455624646693,
      0.002826455624646693,
      0.006218202374222725
    ],
    [
      0.00395703787450537,
      0.027133973996608253,
      0.007348784624081402,
      0.048049745618993785,
      0.07744488411531938,
      0.12775579423403052,
      0.07801017524024872,
      0.009044657998869417,
      0.09270774448841153,
      0.006218202374222725,
      0.034482758620689655,
      0.002826455624646693,
      0.017524024872809497,
      0.01639344262295082,
      0.006218202374222725,
      0.046353872244205764,
      0.013001695873374788,
      0.16336913510457884,
      1.0,
      0.357263990955342,
      0.030525720746184284,
      0.04918032786885246,
      0.06953080836630865,
      0.04522328999434709,
      0.11531938948558508,
      0.11814584511023177,
      0.0746184284906727,
      0.0644431882419446,
      0.059920859242509894,
      0.009044657998869417,
      0.005652911249293386,
      0.005087620124364048,
      0.005652911249293386,
      0.0045223289994347085,
      0.008479366873940079
    ],
    [
      0.0,
      0.026003391746749576,
      0.0022611644997173543,
      0.04352741661955907,
      0.08422837761447145,
      0.12266817410966648,
      0.08818541548897682,
      0.005652911249293386,
      0.07235726399095534,
      0.0033917467495760316,
      0.031091011871113624,
      0.0016958733747880158,
      0.014132278123233465,
      0.02035048049745619,
      0.0033917467495760316,
      0.054833239118145846,
      0.016958733747880157,
      0.1684567552289429,
      0.357263990955342,
      1.0,
      0.03278688524590164,
      0.059355568117580554,
      0.08592425098925947,
      0.07009609949123799,
      0.13227812323346524,
      0.14697569248162803,
      0.06953080836630865,
      0.06557377049180328,
      0.07348784624081402,
      0.002826455624646693,
      0.002826455624646693,
      0.0022611644997173543,
      0.002826455624646693,
      0.002826455624646693,
      0.008479366873940079
    ],
    [
      0.0005652911249293386,
      0.002826455624646693,
      0.0016958733747880158,
      0.010175240248728096,
      0.00791407574901074,
      0.020915771622385528,
      0.008479366873940079,
      0.0016958733747880158,
      0.022611644997173545,
      0.0022611644997173543,
      0.005087620124364048,
      0.0,
      0.013566986998304126,
      0.01639344262295082,
      0.0005652911249293386,
      0.08592425098925947,
      0.059920859242509894,
      0.06670435274166196,
      0.030525720746184284,
      0.03278688524590164,
      1.0,
      0.29395138496325607,
      0.09157716223855286,
      0.07292255511588468,
      0.011871113623516111,
      0.014132278123233465,
      0.01243640474844545,
      0.009044657998869417,
      0.00791407574901074,
      0.0045223289994347085,
      0.0005652911249293386,
      0.0,
      0.00395703787450537,
      0.0016958733747880158,
      0.0
    ],
    [
      0.0011305822498586771,
      0.00395703787450537,
      0.00395703787450537,
      0.015262860373092142,
      0.010740531373657434,
      0.027699265121537593,
      0.010740531373657434,
      0.002826455624646693,
      0.027699265121537593,
      0.0016958733747880158,
      0.006783493499152063,
      0.0005652911249293386,
      0.018089315997738834,
      0.020915771622385528,
      0.0011305822498586771,
      0.10005652911249294,
      0.08535895986433013,
      0.09836065573770492,
      0.04918032786885246,
      0.059355568117580554,
      0.29395138496325607,
      1.0,
      0.12719050310910118,
      0.07518371961560204,
      0.026003391746749576,
      0.029395138496325607,
      0.020915771622385528,
      0.011305822498586773,
      0.011871113623516111,
      0.002826455624646693,
      0.002826455624646693,
      0.0,
      0.0033917467495760316,
      0.0033917467495760316,
      0.0011305822498586771
    ],
    [
      0.0,
      0.009044657998869417,
      0.0022611644997173543,
      0.033917467495760314,
      0.06218202374222725,
      0.06670435274166196,
      0.058790276992651214,
      0.00791407574901074,
      0.06387789711701526,
      0.0022611644997173543,
      0.015262860373092142,
      0.0011305822498586771,
      0.0248728094968909,
      0.016958733747880157,
      0.0022611644997173543,
      0.31260599208592427,
      0.09270774448841153,
      0.05031091011871114,
      0.06953080836630865,
      0.08592425098925947,
      0.09157716223855286,
      0.12719050310910118,
      1.0,
      0.215375918598078,
      0.09440361786319955,
      0.10231769361221028,
      0.027699265121537593,
      0.029395138496325607,
      0.023742227247032222,
      0.005087620124364048,
      0.005652911249293386,
      0.0005652911249293386,
      0.0033917467495760316,
      0.0022611644997173543,
      0.009609949123798756
    ],
    [
      0.0005652911249293386,
      0.013001695873374788,
      0.0022611644997173543,
      0.04296212549462974,
      0.11588468061051442,
      0.10514414923685698,
      0.11475409836065574,
      0.007348784624081402,
      0.04465799886941775,
      0.0022611644997173543,
      0.01978518937252685,
      0.0016958733747880158,
      0.029960429621254947,
      0.030525720746184284,
      0.0022611644997173543,
      0.18541548897682306,
      0.06331260599208592,
      0.04522328999434709,
      0.04522328999434709,
      0.07009609949123799,
      0.07292255511588468,
      0.07518371961560204,
      0.215375918598078,
      1.0,
      0.14471452798191067,
      0.143583945732052,
      0.02882984737139627,
      0.03674392312040701,
      0.03335217637083098,
      0.01582815149802148,
      0.0033917467495760316,
      0.0022611644997173543,
      0.002826455624646693,
      0.0033917467495760316,
      0.010740531373657434
    ],
    [
      0.0045223289994347085,
      0.05144149236856981,
      0.006783493499152063,
      0.08366308648954211,
      0.32843414358394574,
      0.21368004522328998,
      0.3109101187111362,
      0.015262860373092142,
      0.058790276992651214,
      0.009609949123798756,
      0.05313736574335783,
      0.005087620124364048,
      0.020915771622385528,
      0.033917467495760314,
      0.010175240248728096,
      0.06161673261729791,
      0.017524024872809497,
      0.10118711136235162,
      0.11531938948558508,
      0.13227812323346524,
      0.011871113623516111,
      0.026003391746749576,
      0.09440361786319955,
      0.14471452798191067,
      1.0,
      0.5477671000565291,
      0.11362351611079706,
      0.09327303561334087,
      0.08875070661390616,
      0.014697569248162803,
      0.007348784624081402,
      0.007348784624081402,
      0.0016958733747880158,
      0.005087620124364048,
      0.022611644997173545
    ],
    [
      0.005652911249293386,
      0.05031091011871114,
      0.008479366873940079,
      0.08592425098925947,
      0.3176936122102883,
      0.21989824759751272,
      0.30186546071226683,
      0.01243640474844545,
      0.06613906161673262,
      0.011305822498586773,
      0.0497456189937818,
      0.006218202374222725,
      0.018089315997738834,
      0.035613340870548335,
      0.009609949123798756,
      0.07122668174109667,
      0.013001695873374788,
      0.10457885811192764,
      0.11814584511023177,
      0.14697569248162803,
      0.014132278123233465,
      0.029395138496325607,
      0.10231769361221028,
      0.143583945732052,
      0.5477671000565291,
      1.0,
      0.10570944036178632,
      0.08762012436404748,
      0.09157716223855286,
      0.013001695873374788,
      0.006783493499152063,
      0.006218202374222725,
      0.002826455624646693,
      0.00395703787450537,
      0.022611644997173545
    ],
    [
      0.002826455624646693,
      0.034482758620689655,
      0.006783493499152063,
      0.03278688524590164,
      0.0847936687394008,
      0.08196721311475409,
      0.09044657998869418,
      0.011305822498586773,
      0.018089315997738834,
      0.005087620124364048,
      0.03900508762012436,
      0.005087620124364048,
      0.008479366873940079,
      0.005087620124364048,
      0.0033917467495760316,
      0.01639344262295082,
      0.010740531373657434,
      0.08762012436404748,
      0.0746184284906727,
      0.06953080836630865,
      0.01243640474844545,
      0.020915771622385528,
      0.027699265121537593,
      0.02882984737139627,
      0.11362351611079706,
      0.10570944036178632,
      1.0,
      0.09779536461277558,
      0.09044657998869418,
      0.005652911249293386,
      0.010740531373657434,
      0.0045223289994347085,
      0.0033917467495760316,
      0.01921989824759751,
      0.018654607122668174
    ],
    [
      0.0045223289994347085,
      0.02882984737139627,
      0.00395703787450537,
      0.02430751837196156,
      0.07857546636517806,
      0.071791972866026,
      0.0791407574901074,
      0.00395703787450537,
      0.027699265121537593,
      0.007348784624081402,
      0.03278688524590164,
      0.0045223289994347085,
      0.01243640474844545,
      0.014697569248162803,
      0.0045223289994347085,
      0.023742227247032222,
      0.011871113623516111,
      0.07066139061616733,
      0.0644431882419446,
      0.06557377049180328,
      0.009044657998869417,
      0.011305822498586773,
      0.029395138496325607,
      0.03674392312040701,
      0.09327303561334087,
      0.08762012436404748,
      0.09779536461277558,
      1.0,
      0.11588468061051442,
      0.0045223289994347085,
      0.008479366873940079,
      0.006783493499152063,
      0.0022611644997173543,
      0.011871113623516111,
      0.015262860373092142
    ],
    [
      0.0022611644997173543,
      0.04070096099491238,
      0.006218202374222725,
      0.029960429621254947,
      0.08535895986433013,
      0.07744488411531938,
      0.08875070661390616,
      0.00791407574901074,
      0.020915771622385528,
      0.006218202374222725,
      0.035048049745618995,
      0.00395703787450537,
      0.00791407574901074,
      0.006783493499152063,
      0.005652911249293386,
      0.013001695873374788,
      0.0045223289994347085,
      0.06896551724137931,
      0.059920859242509894,
      0.07348784624081402,
      0.00791407574901074,
      0.011871113623516111,
      0.023742227247032222,
      0.03335217637083098,
      0.08875070661390616,
      0.09157716223855286,
      0.09044657998869418,
      0.11588468061051442,
      1.0,
      0.0045223289994347085,
      0.006218202374222725,
      0.00791407574901074,
      0.0022611644997173543,
      0.018089315997738834,
      0.009044657998869417
    ],
    [
      0.0005652911249293386,
      0.0005652911249293386,
      0.0022611644997173543,
      0.0033917467495760316,
      0.00791407574901074,
      0.005652911249293386,
      0.009044657998869417,
      0.005087620124364048,
      0.00395703787450537,
      0.0022611644997173543,
      0.0,
      0.0011305822498586771,
      0.00395703787450537,
      0.0016958733747880158,
      0.0011305822498586771,
      0.0011305822498586771,
      0.002826455624646693,
      0.007348784624081402,
      0.009044657998869417,
      0.002826455624646693,
      0.0045223289994347085,
      0.002826455624646693,
      0.005087620124364048,
      0.01582815149802148,
      0.014697569248162803,
      0.013001695873374788,
      0.005652911249293386,
      0.0045223289994347085,
      0.0045223289994347085,
      1.0,
      0.01639344262295082,
      0.01582815149802148,
      0.016958733747880157,
      0.023176936122102882,
      0.005652911249293386
    ],
    [
      0.0,
      0.0022611644997173543,
      0.0016958733747880158,
      0.002826455624646693,
      0.005652911249293386,
      0.006218202374222725,
      0.005652911249293386,
      0.002826455624646693,
      0.0022611644997173543,
      0.0016958733747880158,
      0.0022611644997173543,
      0.0011305822498586771,
      0.0022611644997173543,
      0.0016958733747880158,
      0.0011305822498586771,
      0.0011305822498586771,
      0.0022611644997173543,
      0.006218202374222725,
      0.005652911249293386,
      0.002826455624646693,
      0.0005652911249293386,
      0.002826455624646693,
      0.005652911249293386,
      0.0033917467495760316,
      0.007348784624081402,
      0.006783493499152063,
      0.010740531373657434,
      0.008479366873940079,
      0.006218202374222725,
      0.01639344262295082,
      1.0,
      0.04070096099491238,
      0.010740531373657434,
      0.07857546636517806,
      0.1622385528547202
    ],
    [
      0.0005652911249293386,
      0.0005652911249293386,
      0.0005652911249293386,
      0.0,
      0.007348784624081402,
      0.0022611644997173543,
      0.00791407574901074,
      0.0005652911249293386,
      0.0022611644997173543,
      0.0005652911249293386,
      0.0011305822498586771,
      0.0005652911249293386,
      0.0,
      0.0,
      0.0005652911249293386,
      0.0,
      0.0,
      0.0022611644997173543,
      0.005087620124364048,
      0.0022611644997173543,
      0.0,
      0.0,
      0.0005652911249293386,
      0.0022611644997173543,
      0.007348784624081402,
      0.006218202374222725,
      0.0045223289994347085,
      0.006783493499152063,
      0.00791407574901074,
      0.01582815149802148,
      0.04070096099491238,
      1.0,
      0.0022611644997173543,
      0.006218202374222725,
      0.00791407574901074
    ],
    [
      0.0011305822498586771,
      0.0022611644997173543,
      0.0022611644997173543,
      0.002826455624646693,
      0.002826455624646693,
      0.002826455624646693,
      0.00395703787450537,
      0.00395703787450537,
      0.006783493499152063,
      0.0005652911249293386,
      0.0033917467495760316,
      0.0016958733747880158,
      0.002826455624646693,
      0.0011305822498586771,
      0.0011305822498586771,
      0.0033917467495760316,
      0.0033917467495760316,
      0.002826455624646693,
      0.005652911249293386,
      0.002826455624646693,
      0.00395703787450537,
      0.0033917467495760316,
      0.0033917467495760316,
      0.002826455624646693,
      0.0016958733747880158,
      0.002826455624646693,
      0.0033917467495760316,
      0.0022611644997173543,
      0.0022611644997173543,
      0.016958733747880157,
      0.010740531373657434,
      0.0022611644997173543,
      1.0,
      0.014697569248162803,
      0.0033917467495760316
    ],
    [
      0.0016958733747880158,
      0.0016958733747880158,
      0.0016958733747880158,
      0.005087620124364048,
      0.0022611644997173543,
      0.006218202374222725,
      0.00395703787450537,
      0.00791407574901074,
      0.0022611644997173543,
      0.0022611644997173543,
      0.002826455624646693,
      0.0005652911249293386,
      0.0022611644997173543,
      0.0022611644997173543,
      0.0016958733747880158,
      0.0011305822498586771,
      0.0016958733747880158,
      0.002826455624646693,
      0.0045223289994347085,
      0.002826455624646693,
      0.0016958733747880158,
      0.0033917467495760316,
      0.0022611644997173543,
      0.0033917467495760316,
      0.005087620124364048,
      0.00395703787450537,
      0.01921989824759751,
      0.011871113623516111,
      0.018089315997738834,
      0.023176936122102882,
      0.07857546636517806,
      0.006218202374222725,
      0.014697569248162803,
      1.0,
      0.046353872244205764
    ],
    [
      0.010740531373657434,
      0.00791407574901074,
      0.014697569248162803,
      0.008479366873940079,
      0.03165630299604296,
      0.031091011871113624,
      0.03165630299604296,
      0.00395703787450537,
      0.007348784624081402,
      0.006218202374222725,
      0.007348784624081402,
      0.006218202374222725,
      0.005652911249293386,
      0.005652911249293386,
      0.005652911249293386,
      0.002826455624646693,
      0.002826455624646693,
      0.006218202374222725,
      0.008479366873940079,
      0.008479366873940079,
      0.0,
      0.0011305822498586771,
      0.009609949123798756,
      0.010740531373657434,
      0.022611644997173545,
      0.022611644997173545,
      0.018654607122668174,
      0.015262860373092142,
      0.009044657998869417,
      0.005652911249293386,
      0.1622385528547202,
      0.00791407574901074,
      0.0033917467495760316,
      0.046353872244205764,
      1.0
    ]
  ]
}