{
  "model": "allenai/OLMo-2-0325-32B-Instruct",
  "sign": "positive",
  "percentage": 5.0,
  "component": "neurons",
  "tasks": [
    "MD/add_sub_2op_symbolic",
    "MD/add_sub_2op_verbal",
    "MD/add_sub_3op_symbolic",
    "MD/code_A",
    "MD/code_B",
    "MD/code_conditional",
    "MD/code_list",
    "MD/code_loop",
    "MD/logic_syllogism_1",
    "MD/mul_div_2op_symbolic",
    "MD/mul_div_2op_verbal",
    "MD/mul_div_3op_symbolic",
    "MD/number_sequence",
    "MD/number_sorting",
    "MD/simple_equation",
    "ToM/agent",
    "ToM/desires_goals",
    "ToM/emotion_fewshot",
    "ToM/norm_appropriate",
    "ToM/norm_moral",
    "ToM/primary_emotions",
    "ToM/secondary_emotions",
    "ToM/social_interactions",
    "ToM/social_relations",
    "phys/phys_newton",
    "phys/phys_prost",
    "phys/physics_elasticity",
    "phys/physics_solubility",
    "phys/physics_temperature",
    "Lan/anaphor_gender_agreement",
    "Lan/det_noun_agreement_with_adjective",
    "Lan/hypernymy",
    "Lan/npi",
    "Lan/subject_verb_agreement",
    "Lan/wug"
  ],
  "overlap_matrix": [
    [
      1.0,
      0.22374057622099397,
      0.2839171272591638,
      0.19001277225820307,
      0.10003051778508698,
      0.13358877849739467,
      0.10851898319261244,
      0.20540729940207747,
      0.09405129248471285,
      0.2413504685045155,
      0.1943869881206696,
      0.2235032156703175,
      0.061171204774337934,
      0.06623489652210279,
      0.21823607202197282,
      0.04128943293434155,
      0.028562386264736134,
      0.15137951691476495,
      0.13721700405773513,
      0.13097781243995343,
      0.02762424694539577,
      0.027929424796265527,
      0.04558452861324924,
      0.049178845523493046,
      0.06865371356232974,
      0.08687396154759079,
      0.15727962203158025,
      0.14087913826817222,
      0.16121302544279045,
      0.08446644739072938,
      0.07709696743639302,
      0.10112689747154499,
      0.06052694042250178,
      0.09199416771218338,
      0.11910978490612956
    ],
    [
      0.22374057622099397,
      1.0,
      0.2190837882743888,
      0.18424830174177434,
      0.11870288110496988,
      0.14581849829891605,
      0.1299266442869576,
      0.18847558012048873,
      0.11341313168989409,
      0.196918833994552,
      0.2538627603901755,
      0.20972500084771625,
      0.07576322719925853,
      0.08445514450736383,
      0.19919071355102685,
      0.0657262667706532,
      0.0462061871983543,
      0.15770913159947103,
      0.14506120511342444,
      0.14309450340781935,
      0.043504798073988674,
      0.04283792795542143,
      0.0667209205068213,
      0.07042826625072056,
      0.08790252393385553,
      0.10547850756728042,
      0.1638692030336939,
      0.1527019542685339,
      0.16901201496501758,
      0.09375741751720865,
      0.08098515931414103,
      0.10021136391893572,
      0.07518678014761565,
      0.09648141240830536,
      0.11677008804946142
    ],
    [
      0.2839171272591638,
      0.2190837882743888,
      1.0,
      0.1882269166864467,
      0.09468425395318346,
      0.13433476879952075,
      0.10730957467249895,
      0.20058096820498908,
      0.0996236139839273,
      0.2181908604885106,
      0.20246854972703537,
      0.2343313779345111,
      0.05870717620064878,
      0.07265493427373323,
      0.21329671199122896,
      0.04260056740474495,
      0.029308376566862207,
      0.15634148271223988,
      0.139737547048252,
      0.1379403885931301,
      0.02893538141579917,
      0.02890147276570253,
      0.044488148926791225,
      0.05061431171091745,
      0.06621229075537169,
      0.08582279339459496,
      0.16084003029172741,
      0.14846337300645396,
      0.17076396188667728,
      0.09043436980773796,
      0.07786556350525019,
      0.10230239734156184,
      0.06565844947045991,
      0.09618753744080115,
      0.1150407468945328
    ],
    [
      0.19001277225820307,
      0.18424830174177434,
      0.1882269166864467,
      1.0,
      0.1730471443265177,
      0.31576865258327397,
      0.1749686344986606,
      0.39330643247092334,
      0.14335446972522692,
      0.1833666768392617,
      0.17510426909904717,
      0.19321148825065274,
      0.0948424943203011,
      0.09925061883286426,
      0.21348886100844325,
      0.09245758593017078,
      0.05754297921399749,
      0.16072700145807195,
      0.15163948323217252,
      0.1492997863755044,
      0.05648050817763611,
      0.0550450419902117,
      0.0875069230160614,
      0.08997095158975055,
      0.11707526590033117,
      0.13161077390842404,
      0.15751698258225674,
      0.1551546799588575,
      0.1607609101081686,
      0.08828682196828411,
      0.07844201055689307,
      0.09635708069128435,
      0.07861155380737626,
      0.09124817741005731,
      0.12052264532682287
    ],
    [
      0.10003051778508698,
      0.11870288110496988,
      0.09468425395318346,
      0.1730471443265177,
      1.0,
      0.21890294214054004,
      0.46212968928373627,
      0.11597888621387316,
      0.16900071208165202,
      0.09284188396459937,
      0.11109604059995705,
      0.09899065251545669,
      0.12686356289489448,
      0.12762085608038612,
      0.12484034677246166,
      0.17138562047178235,
      0.1041899788636081,
      0.1379856001265923,
      0.14203203237145795,
      0.14899460852463464,
      0.09771342669514993,
      0.0945260135860658,
      0.1556633097103071,
      0.15575373277723148,
      0.20851559232760278,
      0.2081086885264431,
      0.1285929040498231,
      0.145445503147853,
      0.12573327455833982,
      0.08875024018627152,
      0.08233020243464108,
      0.09989488318470041,
      0.095667604805986,
      0.08761995184971687,
      0.12654708216065919
    ],
    [
      0.13358877849739467,
      0.14581849829891605,
      0.13433476879952075,
      0.31576865258327397,
      0.21890294214054004,
      1.0,
      0.20849298656087167,
      0.14191900353780249,
      0.1898771376578165,
      0.1268409571281634,
      0.14203203237145795,
      0.1360415041877183,
      0.09691092197619612,
      0.11024832434754106,
      0.14654188283431102,
      0.13323838911306274,
      0.07959490466017881,
      0.16161992924395013,
      0.1625580685632905,
      0.16312321273156782,
      0.07739084240389724,
      0.07569540989906526,
      0.12112169814519684,
      0.11976535214133126,
      0.15359488205441207,
      0.16540639517140823,
      0.14986493054378172,
      0.1543973867733659,
      0.14555853198150848,
      0.08929277858781776,
      0.07863415957410735,
      0.09687701332609949,
      0.08844506233540177,
      0.0919263504119901,
      0.12008183287556656
    ],
    [
      0.10851898319261244,
      0.1299266442869576,
      0.10730957467249895,
      0.1749686344986606,
      0.46212968928373627,
      0.20849298656087167,
      1.0,
      0.12510031308986921,
      0.16095305912538288,
      0.10272060402608706,
      0.12312230850089857,
      0.11254280967074701,
      0.11233935777016717,
      0.12439953432120535,
      0.13217591807670137,
      0.14898330564126908,
      0.09236716286324641,
      0.14442824364495382,
      0.14476733014592022,
      0.15160557458207588,
      0.0866592067636454,
      0.08391260610581759,
      0.13916109999660914,
      0.13921761441343686,
      0.18610197461372396,
      0.19113175771139218,
      0.13784996552620574,
      0.15072394967956326,
      0.1366518598894578,
      0.09497812892068767,
      0.08607145682863698,
      0.10352310874504086,
      0.095667604805986,
      0.0922428311462254,
      0.12566545725814654
    ],
    [
      0.20540729940207747,
      0.18847558012048873,
      0.20058096820498908,
      0.39330643247092334,
      0.11597888621387316,
      0.14191900353780249,
      0.12510031308986921,
      1.0,
      0.10662009878720062,
      0.20359883806359003,
      0.18310671052185412,
      0.20160953059125383,
      0.06965967018186339,
      0.07756038565438043,
      0.20604026087054808,
      0.05591536400935879,
      0.036994337255433864,
      0.1507578583296599,
      0.13526160523549557,
      0.13331750929662156,
      0.03528760186723633,
      0.033637380895866535,
      0.05591536400935879,
      0.06082081539000599,
      0.07731172222033841,
      0.0937461146338431,
      0.15386615125518519,
      0.14526465701400426,
      0.1603992178404711,
      0.0848846540752546,
      0.07709696743639302,
      0.10014354661874245,
      0.06578278118748093,
      0.09186983599516237,
      0.11955059735738587
    ],
    [
      0.09405129248471285,
      0.11341313168989409,
      0.0996236139839273,
      0.14335446972522692,
      0.16900071208165202,
      0.1898771376578165,
      0.16095305912538288,
      0.10662009878720062,
      1.0,
      0.08686265866422524,
      0.11058741084850746,
      0.10487945474890645,
      0.11189854531891086,
      0.11722220338408328,
      0.11228284335333943,
      0.1723689713245849,
      0.10685745933787709,
      0.12936150011868028,
      0.1466775174346976,
      0.1469713924022018,
      0.10067478213692313,
      0.09995139760152814,
      0.15188814666621456,
      0.14784171442134889,
      0.1548381992246222,
      0.161099996609135,
      0.12031919342624303,
      0.13360008138076024,
      0.11392176144134368,
      0.0848846540752546,
      0.07333310727566603,
      0.08190069286675031,
      0.09383653770076747,
      0.08165202943270829,
      0.1076599640568309
    ],
    [
      0.2413504685045155,
      0.196918833994552,
      0.2181908604885106,
      0.1833666768392617,
      0.09284188396459937,
      0.1268409571281634,
      0.10272060402608706,
      0.20359883806359003,
      0.08686265866422524,
      1.0,
      0.20506821290111107,
      0.27001458071954154,
      0.054389474755010006,
      0.060142642388073195,
      0.2338905654832548,
      0.036191832536480055,
      0.025589727939597393,
      0.14965017575983633,
      0.1308195720728358,
      0.12786951951442813,
      0.024753314570546945,
      0.02493416070439569,
      0.039480971595854106,
      0.04495156714477863,
      0.06387259389870356,
      0.08337006770427136,
      0.15790128061668532,
      0.13833598951092424,
      0.1627050060470426,
      0.08334746193754027,
      0.07508505419732574,
      0.10164683010636014,
      0.05502243622348061,
      0.0907847591920699,
      0.11823946288698246
    ],
    [
      0.1943869881206696,
      0.2538627603901755,
      0.20246854972703537,
      0.17510426909904717,
      0.11109604059995705,
      0.14203203237145795,
      0.12312230850089857,
      0.18310671052185412,
      0.11058741084850746,
      0.20506821290111107,
      1.0,
      0.2213669707142292,
      0.0722819391226702,
      0.08607145682863698,
      0.19066833949340475,
      0.06520633413583805,
      0.047641653385778714,
      0.15609281927819788,
      0.14290235439060503,
      0.1406304748341302,
      0.045245442112282847,
      0.04445424027669458,
      0.06676613204028348,
      0.0701230883998508,
      0.086320120262679,
      0.10493596916573418,
      0.1619251070948199,
      0.14994405072734054,
      0.16531597210448384,
      0.09375741751720865,
      0.08228499090117888,
      0.09877589773151131,
      0.07550326088185096,
      0.09804121031275079,
      0.1127123529212302
    ],
    [
      0.2235032156703175,
      0.20972500084771625,
      0.2343313779345111,
      0.19321148825065274,
      0.09899065251545669,
      0.1360415041877183,
      0.11254280967074701,
      0.20160953059125383,
      0.10487945474890645,
      0.27001458071954154,
      0.2213669707142292,
      1.0,
      0.06547760333661116,
      0.07905236625863257,
      0.22517604240841838,
      0.04869282153877454,
      0.034812880765883375,
      0.1559006702609836,
      0.1403479027499915,
      0.13612062437127712,
      0.032913996360471556,
      0.031580256123337064,
      0.05028652809331661,
      0.05429905168808563,
      0.0706317181513004,
      0.09003876888994382,
      0.16032009765691227,
      0.1502492285782103,
      0.16932849569925287,
      0.09359917715009099,
      0.08030698631220824,
      0.10025657545239791,
      0.06998745379946425,
      0.0960066913069524,
      0.11064392526533519
    ],
    [
      0.061171204774337934,
      0.07576322719925853,
      0.05870717620064878,
      0.0948424943203011,
      0.12686356289489448,
      0.09691092197619612,
      0.11233935777016717,
      0.06965967018186339,
      0.11189854531891086,
      0.054389474755010006,
      0.0722819391226702,
      0.06547760333661116,
      1.0,
      0.12044352514326405,
      0.08176505826636375,
      0.14763826252076906,
      0.13847162411131078,
      0.07736823663716615,
      0.0887954517197337,
      0.0922428311462254,
      0.13070654323918032,
      0.1326506391780543,
      0.14492557051303787,
      0.1444960609451471,
      0.13067263458908368,
      0.12037570784307076,
      0.06990833361590541,
      0.0808043131802923,
      0.06451685825053971,
      0.06651746860624146,
      0.05602839284301425,
      0.06041391158884631,
      0.08157290924914946,
      0.0619398008431951,
      0.07563889548223753
    ],
    [
      0.06623489652210279,
      0.08445514450736383,
      0.07265493427373323,
      0.09925061883286426,
      0.12762085608038612,
      0.11024832434754106,
      0.12439953432120535,
      0.07756038565438043,
      0.11722220338408328,
      0.060142642388073195,
      0.08607145682863698,
      0.07905236625863257,
      0.12044352514326405,
      1.0,
      0.08515592327602771,
      0.1308760864896635,
      0.11379742972432268,
      0.09097690820928418,
      0.09706916234331378,
      0.09761170074486002,
      0.11349225187345292,
      0.11050829066494863,
      0.1254620053575667,
      0.12415087088716331,
      0.12526985634035243,
      0.1219128999807851,
      0.08669311541374204,
      0.0971482825268726,
      0.0881850960179942,
      0.07541283781492658,
      0.06299096899619093,
      0.07143422287025421,
      0.08298576966984278,
      0.07016829993331299,
      0.0847151108247714
    ],
    [
      0.21823607202197282,
      0.19919071355102685,
      0.21329671199122896,
      0.21348886100844325,
      0.12484034677246166,
      0.14654188283431102,
      0.13217591807670137,
      0.20604026087054808,
      0.11228284335333943,
      0.2338905654832548,
      0.19066833949340475,
      0.22517604240841838,
      0.08176505826636375,
      0.08515592327602771,
      1.0,
      0.06823550687780452,
      0.046839148666824905,
      0.1529958292360381,
      0.14052874888384026,
      0.13782735975947463,
      0.04431860567630803,
      0.04272489912176596,
      0.06696958394086332,
      0.07027002588360291,
      0.08785731240039334,
      0.10442733941428459,
      0.1563188769455088,
      0.1476721711708657,
      0.15967583330507612,
      0.08639924044623784,
      0.07563889548223753,
      0.10100256575452397,
      0.06917364619714489,
      0.0919263504119901,
      0.11682660246628915
    ],
    [
      0.04128943293434155,
      0.0657262667706532,
      0.04260056740474495,
      0.09245758593017078,
      0.17138562047178235,
      0.13323838911306274,
      0.14898330564126908,
      0.05591536400935879,
      0.1723689713245849,
      0.036191832536480055,
      0.06520633413583805,
      0.04869282153877454,
      0.14763826252076906,
      0.1308760864896635,
      0.06823550687780452,
      1.0,
      0.16698879884258475,
      0.10099126287115844,
      0.12545070247420118,
      0.12690877442835669,
      0.18401094119109784,
      0.16676274117527382,
      0.3374023713449301,
      0.27113356617273066,
      0.18789913306884587,
      0.1823268115696314,
      0.0853254665265109,
      0.10654097860364178,
      0.07315226114181728,
      0.07300532365806517,
      0.06596362732132967,
      0.06565844947045991,
      0.09661704700869192,
      0.06955794423157348,
      0.0930679416319103
    ],
    [
      0.028562386264736134,
      0.0462061871983543,
      0.029308376566862207,
      0.05754297921399749,
      0.1041899788636081,
      0.07959490466017881,
      0.09236716286324641,
      0.036994337255433864,
      0.10685745933787709,
      0.025589727939597393,
      0.047641653385778714,
      0.034812880765883375,
      0.13847162411131078,
      0.11379742972432268,
      0.046839148666824905,
      0.16698879884258475,
      1.0,
      0.06611056480508178,
      0.07786556350525019,
      0.08054434686288472,
      0.1524080793010297,
      0.17113695703774032,
      0.17505905756558499,
      0.16050094379076102,
      0.12858160116645756,
      0.11450951137635211,
      0.05714737829620336,
      0.06805466074395579,
      0.05019610502639223,
      0.0676703627095272,
      0.05479637855616968,
      0.05697783504572016,
      0.08186678421665367,
      0.05889932521786308,
      0.06660789167316583
    ],
    [
      0.15137951691476495,
      0.15770913159947103,
      0.15634148271223988,
      0.16072700145807195,
      0.1379856001265923,
      0.16161992924395013,
      0.14442824364495382,
      0.1507578583296599,
      0.12936150011868028,
      0.14965017575983633,
      0.15609281927819788,
      0.1559006702609836,
      0.07736823663716615,
      0.09097690820928418,
      0.1529958292360381,
      0.10099126287115844,
      0.06611056480508178,
      1.0,
      0.20010624710363614,
      0.19098482022764007,
      0.08057825551298137,
      0.08006962576153177,
      0.10079911385394415,
      0.09622144609089779,
      0.11294971347190669,
      0.12837814926587773,
      0.1751155719824127,
      0.16995015428435795,
      0.16541769805477377,
      0.0940625953680784,
      0.08136945734856962,
      0.10695918528816702,
      0.07850982785708634,
      0.09252540323036407,
      0.11380873260768821
    ],
    [
      0.13721700405773513,
      0.14506120511342444,
      0.139737547048252,
      0.15163948323217252,
      0.14203203237145795,
      0.1625580685632905,
      0.14476733014592022,
      0.13526160523549557,
      0.1466775174346976,
      0.1308195720728358,
      0.14290235439060503,
      0.1403479027499915,
      0.0887954517197337,
      0.09706916234331378,
      0.14052874888384026,
      0.12545070247420118,
      0.07786556350525019,
      0.20010624710363614,
      1.0,
      0.28174697365297885,
      0.08530286075977982,
      0.08440993297390165,
      0.12558633707458772,
      0.11455472290981429,
      0.125405490940739,
      0.13775954245928138,
      0.15983407367219377,
      0.16007143422287026,
      0.15198987261650446,
      0.08891978343675472,
      0.07843070767352751,
      0.09692222485956167,
      0.08339267347100245,
      0.0903213409740825,
      0.10927627637810405
    ],
    [
      0.13097781243995343,
      0.14309450340781935,
      0.1379403885931301,
      0.1492997863755044,
      0.14899460852463464,
      0.16312321273156782,
      0.15160557458207588,
      0.13331750929662156,
      0.1469713924022018,
      0.12786951951442813,
      0.1406304748341302,
      0.13612062437127712,
      0.0922428311462254,
      0.09761170074486002,
      0.13782735975947463,
      0.12690877442835669,
      0.08054434686288472,
      0.19098482022764007,
      0.28174697365297885,
      1.0,
      0.08222847648435115,
      0.08204763035050242,
      0.12491946695602048,
      0.11719959761735219,
      0.12976840391983996,
      0.14355792162580674,
      0.1573135306816769,
      0.16502209713697966,
      0.1548834107580844,
      0.09121426875996066,
      0.07935754410950234,
      0.10016615238547354,
      0.08330225040407808,
      0.08965447085551524,
      0.11100561753303267
    ],
    [
      0.02762424694539577,
      0.043504798073988674,
      0.02893538141579917,
      0.05648050817763611,
      0.09771342669514993,
      0.07739084240389724,
      0.0866592067636454,
      0.03528760186723633,
      0.10067478213692313,
      0.024753314570546945,
      0.045245442112282847,
      0.032913996360471556,
      0.13070654323918032,
      0.11349225187345292,
      0.04431860567630803,
      0.18401094119109784,
      0.1524080793010297,
      0.08057825551298137,
      0.08530286075977982,
      0.08222847648435115,
      1.0,
      0.35864048918879204,
      0.20984933256473726,
      0.19010319532512743,
      0.12250064991579351,
      0.10789732460750738,
      0.0565257197110983,
      0.06698088682422886,
      0.0475173216687577,
      0.06383868524860692,
      0.05177850869756875,
      0.05524849389079154,
      0.07931233257604015,
      0.05719258982966555,
      0.06387259389870356
    ],
    [
      0.027929424796265527,
      0.04283792795542143,
      0.02890147276570253,
      0.0550450419902117,
      0.0945260135860658,
      0.07569540989906526,
      0.08391260610581759,
      0.033637380895866535,
      0.09995139760152814,
      0.02493416070439569,
      0.04445424027669458,
      0.031580256123337064,
      0.1326506391780543,
      0.11050829066494863,
      0.04272489912176596,
      0.16676274117527382,
      0.17113695703774032,
      0.08006962576153177,
      0.08440993297390165,
      0.08204763035050242,
      0.35864048918879204,
      1.0,
      0.18924417618934591,
      0.16628802007392085,
      0.12046613090999514,
      0.10785211307404519,
      0.05626575339369073,
      0.06466379573429182,
      0.047472110135295516,
      0.06328484396369514,
      0.049800504108598105,
      0.054581623772224294,
      0.07797859233890565,
      0.054479897821934374,
      0.06038000293874968
    ],
    [
      0.04558452861324924,
      0.0667209205068213,
      0.044488148926791225,
      0.0875069230160614,
      0.1556633097103071,
      0.12112169814519684,
      0.13916109999660914,
      0.05591536400935879,
      0.15188814666621456,
      0.039480971595854106,
      0.06676613204028348,
      0.05028652809331661,
      0.14492557051303787,
      0.1254620053575667,
      0.06696958394086332,
      0.3374023713449301,
      0.17505905756558499,
      0.10079911385394415,
      0.12558633707458772,
      0.12491946695602048,
      0.20984933256473726,
      0.18924417618934591,
      1.0,
      0.2543374814915285,
      0.17505905756558499,
      0.16594893357295445,
      0.08515592327602771,
      0.09885501791507013,
      0.07232715065613238,
      0.07346874187605258,
      0.063736959298317,
      0.06741039639211963,
      0.09293230703152375,
      0.06871022797915749,
      0.08803815853424209
    ],
    [
      0.049178845523493046,
      0.07042826625072056,
      0.05061431171091745,
      0.08997095158975055,
      0.15575373277723148,
      0.11976535214133126,
      0.13921761441343686,
      0.06082081539000599,
      0.14784171442134889,
      0.04495156714477863,
      0.0701230883998508,
      0.05429905168808563,
      0.1444960609451471,
      0.12415087088716331,
      0.07027002588360291,
      0.27113356617273066,
      0.16050094379076102,
      0.09622144609089779,
      0.11455472290981429,
      0.11719959761735219,
      0.19010319532512743,
      0.16628802007392085,
      0.2543374814915285,
      1.0,
      0.17898115809342963,
      0.16685316424219818,
      0.08416126953985961,
      0.09823335932996508,
      0.07490420806347699,
      0.07406779469442655,
      0.06415516598284222,
      0.07054129508437602,
      0.08972228815570853,
      0.06877804527935076,
      0.09015179772359928
    ],
    [
      0.06865371356232974,
      0.08790252393385553,
      0.06621229075537169,
      0.11707526590033117,
      0.20851559232760278,
      0.15359488205441207,
      0.18610197461372396,
      0.07731172222033841,
      0.1548381992246222,
      0.06387259389870356,
      0.086320120262679,
      0.0706317181513004,
      0.13067263458908368,
      0.12526985634035243,
      0.08785731240039334,
      0.18789913306884587,
      0.12858160116645756,
      0.11294971347190669,
      0.125405490940739,
      0.12976840391983996,
      0.12250064991579351,
      0.12046613090999514,
      0.17505905756558499,
      0.17898115809342963,
      1.0,
      0.39510359092604525,
      0.10648446418681405,
      0.12076000587749935,
      0.09640229222474653,
      0.07912018355882586,
      0.07543544358165769,
      0.09138381201044386,
      0.08882936036983034,
      0.07620403965051485,
      0.10843986300905362
    ],
    [
      0.08687396154759079,
      0.10547850756728042,
      0.08582279339459496,
      0.13161077390842404,
      0.2081086885264431,
      0.16540639517140823,
      0.19113175771139218,
      0.0937461146338431,
      0.161099996609135,
      0.08337006770427136,
      0.10493596916573418,
      0.09003876888994382,
      0.12037570784307076,
      0.1219128999807851,
      0.10442733941428459,
      0.1823268115696314,
      0.11450951137635211,
      0.12837814926587773,
      0.13775954245928138,
      0.14355792162580674,
      0.10789732460750738,
      0.10785211307404519,
      0.16594893357295445,
      0.16685316424219818,
      0.39510359092604525,
      1.0,
      0.12360833248561708,
      0.13449300916663842,
      0.11313055960575542,
      0.08399172628937641,
      0.07939145275959897,
      0.09920540729940208,
      0.08829812485164966,
      0.08123382274818307,
      0.11357137205701175
    ],
    [
      0.15727962203158025,
      0.1638692030336939,
      0.16084003029172741,
      0.15751698258225674,
      0.1285929040498231,
      0.14986493054378172,
      0.13784996552620574,
      0.15386615125518519,
      0.12031919342624303,
      0.15790128061668532,
      0.1619251070948199,
      0.16032009765691227,
      0.06990833361590541,
      0.08669311541374204,
      0.1563188769455088,
      0.0853254665265109,
      0.05714737829620336,
      0.1751155719824127,
      0.15983407367219377,
      0.1573135306816769,
      0.0565257197110983,
      0.05626575339369073,
      0.08515592327602771,
      0.08416126953985961,
      0.10648446418681405,
      0.12360833248561708,
      1.0,
      0.17655103816983714,
      0.1794558791947826,
      0.09297751856498593,
      0.08297446678647723,
      0.1112316752003436,
      0.07517547726425011,
      0.0952041865879986,
      0.11267844427113356
    ],
    [
      0.14087913826817222,
      0.1527019542685339,
      0.14846337300645396,
      0.1551546799588575,
      0.145445503147853,
      0.1543973867733659,
      0.15072394967956326,
      0.14526465701400426,
      0.13360008138076024,
      0.13833598951092424,
      0.14994405072734054,
      0.1502492285782103,
      0.0808043131802923,
      0.0971482825268726,
      0.1476721711708657,
      0.10654097860364178,
      0.06805466074395579,
      0.16995015428435795,
      0.16007143422287026,
      0.16502209713697966,
      0.06698088682422886,
      0.06466379573429182,
      0.09885501791507013,
      0.09823335932996508,
      0.12076000587749935,
      0.13449300916663842,
      0.17655103816983714,
      1.0,
      0.18519774394448024,
      0.090931696675822,
      0.0802730776621116,
      0.1083155312920326,
      0.08034089496230488,
      0.09540763848857843,
      0.11398957874153696
    ],
    [
      0.16121302544279045,
      0.16901201496501758,
      0.17076396188667728,
      0.1607609101081686,
      0.12573327455833982,
      0.14555853198150848,
      0.1366518598894578,
      0.1603992178404711,
      0.11392176144134368,
      0.1627050060470426,
      0.16531597210448384,
      0.16932849569925287,
      0.06451685825053971,
      0.0881850960179942,
      0.15967583330507612,
      0.07315226114181728,
      0.05019610502639223,
      0.16541769805477377,
      0.15198987261650446,
      0.1548834107580844,
      0.0475173216687577,
      0.047472110135295516,
      0.07232715065613238,
      0.07490420806347699,
      0.09640229222474653,
      0.11313055960575542,
      0.1794558791947826,
      0.18519774394448024,
      1.0,
      0.0935765713833599,
      0.08338137058763691,
      0.11318707402258316,
      0.07517547726425011,
      0.09721609982706589,
      0.11319837690594871
    ],
    [
      0.08446644739072938,
      0.09375741751720865,
      0.09043436980773796,
      0.08828682196828411,
      0.08875024018627152,
      0.08929277858781776,
      0.09497812892068767,
      0.0848846540752546,
      0.0848846540752546,
      0.08334746193754027,
      0.09375741751720865,
      0.09359917715009099,
      0.06651746860624146,
      0.07541283781492658,
      0.08639924044623784,
      0.07300532365806517,
      0.0676703627095272,
      0.0940625953680784,
      0.08891978343675472,
      0.09121426875996066,
      0.06383868524860692,
      0.06328484396369514,
      0.07346874187605258,
      0.07406779469442655,
      0.07912018355882586,
      0.08399172628937641,
      0.09297751856498593,
      0.090931696675822,
      0.0935765713833599,
      1.0,
      0.09730652289399026,
      0.102223277158003,
      0.09165508121121699,
      0.09689961909283058,
      0.08403693782283861
    ],
    [
      0.07709696743639302,
      0.08098515931414103,
      0.07786556350525019,
      0.07844201055689307,
      0.08233020243464108,
      0.07863415957410735,
      0.08607145682863698,
      0.07709696743639302,
      0.07333310727566603,
      0.07508505419732574,
      0.08228499090117888,
      0.08030698631220824,
      0.05602839284301425,
      0.06299096899619093,
      0.07563889548223753,
      0.06596362732132967,
      0.05479637855616968,
      0.08136945734856962,
      0.07843070767352751,
      0.07935754410950234,
      0.05177850869756875,
      0.049800504108598105,
      0.063736959298317,
      0.06415516598284222,
      0.07543544358165769,
      0.07939145275959897,
      0.08297446678647723,
      0.0802730776621116,
      0.08338137058763691,
      0.09730652289399026,
      1.0,
      0.10718524295547795,
      0.09122557164332622,
      0.11482599211058742,
      0.10249454635877613
    ],
    [
      0.10112689747154499,
      0.10021136391893572,
      0.10230239734156184,
      0.09635708069128435,
      0.09989488318470041,
      0.09687701332609949,
      0.10352310874504086,
      0.10014354661874245,
      0.08190069286675031,
      0.10164683010636014,
      0.09877589773151131,
      0.10025657545239791,
      0.06041391158884631,
      0.07143422287025421,
      0.10100256575452397,
      0.06565844947045991,
      0.05697783504572016,
      0.10695918528816702,
      0.09692222485956167,
      0.10016615238547354,
      0.05524849389079154,
      0.054581623772224294,
      0.06741039639211963,
      0.07054129508437602,
      0.09138381201044386,
      0.09920540729940208,
      0.1112316752003436,
      0.1083155312920326,
      0.11318707402258316,
      0.102223277158003,
      0.10718524295547795,
      1.0,
      0.07086907870197687,
      0.09929583036632644,
      0.09302273009844811
    ],
    [
      0.06052694042250178,
      0.07518678014761565,
      0.06565844947045991,
      0.07861155380737626,
      0.095667604805986,
      0.08844506233540177,
      0.095667604805986,
      0.06578278118748093,
      0.09383653770076747,
      0.05502243622348061,
      0.07550326088185096,
      0.06998745379946425,
      0.08157290924914946,
      0.08298576966984278,
      0.06917364619714489,
      0.09661704700869192,
      0.08186678421665367,
      0.07850982785708634,
      0.08339267347100245,
      0.08330225040407808,
      0.07931233257604015,
      0.07797859233890565,
      0.09293230703152375,
      0.08972228815570853,
      0.08882936036983034,
      0.08829812485164966,
      0.07517547726425011,
      0.08034089496230488,
      0.07517547726425011,
      0.09165508121121699,
      0.09122557164332622,
      0.07086907870197687,
      1.0,
      0.09188113887852792,
      0.08020526036191833
    ],
    [
      0.09199416771218338,
      0.09648141240830536,
      0.09618753744080115,
      0.09124817741005731,
      0.08761995184971687,
      0.0919263504119901,
      0.0922428311462254,
      0.09186983599516237,
      0.08165202943270829,
      0.0907847591920699,
      0.09804121031275079,
      0.0960066913069524,
      0.0619398008431951,
      0.07016829993331299,
      0.0919263504119901,
      0.06955794423157348,
      0.05889932521786308,
      0.09252540323036407,
      0.0903213409740825,
      0.08965447085551524,
      0.05719258982966555,
      0.054479897821934374,
      0.06871022797915749,
      0.06877804527935076,
      0.07620403965051485,
      0.08123382274818307,
      0.0952041865879986,
      0.09540763848857843,
      0.09721609982706589,
      0.09689961909283058,
      0.11482599211058742,
      0.09929583036632644,
      0.09188113887852792,
      1.0,
      0.10223458004136855
    ],
    [
      0.11910978490612956,
      0.11677008804946142,
      0.1150407468945328,
      0.12052264532682287,
      0.12654708216065919,
      0.12008183287556656,
      0.12566545725814654,
      0.11955059735738587,
      0.1076599640568309,
      0.11823946288698246,
      0.1127123529212302,
      0.11064392526533519,
      0.07563889548223753,
      0.0847151108247714,
      0.11682660246628915,
      0.0930679416319103,
      0.06660789167316583,
      0.11380873260768821,
      0.10927627637810405,
      0.11100561753303267,
      0.06387259389870356,
      0.06038000293874968,
      0.08803815853424209,
      0.09015179772359928,
      0.10843986300905362,
      0.11357137205701175,
      0.11267844427113356,
      0.11398957874153696,
      0.11319837690594871,
      0.08403693782283861,
      0.10249454635877613,
      0.09302273009844811,
      0.08020526036191833,
      0.10223458004136855,
      1.0
    ]
  ]
}