{
  "model": "allenai/OLMo-2-0325-32B-Instruct",
  "sign": "positive",
  "percentage": 0.05,
  "component": "neurons",
  "tasks": [
    "MD/add_sub_2op_symbolic",
    "MD/add_sub_2op_verbal",
    "MD/add_sub_3op_symbolic",
    "MD/code_A",
    "MD/code_B",
    "MD/code_conditional",
    "MD/code_list",
    "MD/code_loop",
    "MD/logic_syllogism_1",
    "MD/mul_div_2op_symbolic",
    "MD/mul_div_2op_verbal",
    "MD/mul_div_3op_symbolic",
    "MD/number_sequence",
    "MD/number_sorting",
    "MD/simple_equation",
    "ToM/agent",
    "ToM/desires_goals",
    "ToM/emotion_fewshot",
    "ToM/norm_appropriate",
    "ToM/norm_moral",
    "ToM/primary_emotions",
    "ToM/secondary_emotions",
    "ToM/social_interactions",
    "ToM/social_relations",
    "phys/phys_newton",
    "phys/phys_prost",
    "phys/physics_elasticity",
    "phys/physics_solubility",
    "phys/physics_temperature",
    "Lan/anaphor_gender_agreement",
    "Lan/det_noun_agreement_with_adjective",
    "Lan/hypernymy",
    "Lan/npi",
    "Lan/subject_verb_agreement",
    "Lan/wug"
  ],
  "overlap_matrix": [
    [
      1.0,
      0.4638009049773756,
      0.6855203619909502,
      0.2409502262443439,
      0.003393665158371041,
      0.003393665158371041,
      0.0,
      0.10972850678733032,
      0.0,
      0.43552036199095023,
      0.22963800904977374,
      0.334841628959276,
      0.1323529411764706,
      0.0011312217194570137,
      0.2828054298642534,
      0.0,
      0.0,
      0.0,
      0.0,
      0.0,
      0.0,
      0.0011312217194570137,
      0.0,
      0.0,
      0.0,
      0.0,
      0.0,
      0.0,
      0.0,
      0.0,
      0.0,
      0.0,
      0.0,
      0.0,
      0.0022624434389140274
    ],
    [
      0.4638009049773756,
      1.0,
      0.3947963800904977,
      0.2703619909502262,
      0.05090497737556561,
      0.027149321266968326,
      0.033936651583710405,
      0.17307692307692307,
      0.0022624434389140274,
      0.25565610859728505,
      0.4626696832579186,
      0.26357466063348417,
      0.19457013574660634,
      0.004524886877828055,
      0.35407239819004527,
      0.003393665158371041,
      0.0022624434389140274,
      0.019230769230769232,
      0.007918552036199095,
      0.014705882352941176,
      0.0011312217194570137,
      0.003393665158371041,
      0.00904977375565611,
      0.011312217194570135,
      0.03167420814479638,
      0.03167420814479638,
      0.027149321266968326,
      0.016968325791855202,
      0.021493212669683258,
      0.0,
      0.0011312217194570137,
      0.0,
      0.0011312217194570137,
      0.0011312217194570137,
      0.004524886877828055
    ],
    [
      0.6855203619909502,
      0.3947963800904977,
      1.0,
      0.2239819004524887,
      0.005656108597285068,
      0.004524886877828055,
      0.0022624434389140274,
      0.10407239819004525,
      0.0,
      0.2997737556561086,
      0.17081447963800905,
      0.252262443438914,
      0.11085972850678733,
      0.0022624434389140274,
      0.251131221719457,
      0.0,
      0.0,
      0.0,
      0.0022624434389140274,
      0.0,
      0.0,
      0.0011312217194570137,
      0.0,
      0.0011312217194570137,
      0.0011312217194570137,
      0.0,
      0.0,
      0.0,
      0.0,
      0.0,
      0.0,
      0.0,
      0.0011312217194570137,
      0.0011312217194570137,
      0.007918552036199095
    ],
    [
      0.2409502262443439,
      0.2703619909502262,
      0.2239819004524887,
      1.0,
      0.08144796380090498,
      0.17647058823529413,
      0.057692307692307696,
      0.39705882352941174,
      0.042986425339366516,
      0.29524886877828055,
      0.23755656108597284,
      0.3065610859728507,
      0.22624434389140272,
      0.019230769230769232,
      0.43778280542986425,
      0.016968325791855202,
      0.0011312217194570137,
      0.024886877828054297,
      0.03167420814479638,
      0.023755656108597284,
      0.006787330316742082,
      0.007918552036199095,
      0.021493212669683258,
      0.027149321266968326,
      0.05203619909502263,
      0.05203619909502263,
      0.019230769230769232,
      0.01583710407239819,
      0.016968325791855202,
      0.0022624434389140274,
      0.0011312217194570137,
      0.0,
      0.0011312217194570137,
      0.0011312217194570137,
      0.003393665158371041
    ],
    [
      0.003393665158371041,
      0.05090497737556561,
      0.005656108597285068,
      0.08144796380090498,
      1.0,
      0.27714932126696834,
      0.5701357466063348,
      0.013574660633484163,
      0.030542986425339366,
      0.004524886877828055,
      0.049773755656108594,
      0.005656108597285068,
      0.03167420814479638,
      0.04524886877828054,
      0.010180995475113122,
      0.03733031674208145,
      0.00904977375565611,
      0.06787330316742081,
      0.057692307692307696,
      0.08257918552036199,
      0.006787330316742082,
      0.006787330316742082,
      0.06900452488687783,
      0.13914027149321267,
      0.332579185520362,
      0.3212669683257919,
      0.0757918552036199,
      0.083710407239819,
      0.09049773755656108,
      0.007918552036199095,
      0.0022624434389140274,
      0.003393665158371041,
      0.0022624434389140274,
      0.0011312217194570137,
      0.024886877828054297
    ],
    [
      0.003393665158371041,
      0.027149321266968326,
      0.004524886877828055,
      0.17647058823529413,
      0.27714932126696834,
      1.0,
      0.23076923076923078,
      0.010180995475113122,
      0.13800904977375567,
      0.0011312217194570137,
      0.03506787330316742,
      0.0,
      0.013574660633484163,
      0.030542986425339366,
      0.005656108597285068,
      0.05995475113122172,
      0.005656108597285068,
      0.08597285067873303,
      0.11877828054298642,
      0.13009049773755657,
      0.02262443438914027,
      0.024886877828054297,
      0.05995475113122172,
      0.11085972850678733,
      0.19683257918552036,
      0.20361990950226244,
      0.07692307692307693,
      0.06334841628959276,
      0.07352941176470588,
      0.0022624434389140274,
      0.0022624434389140274,
      0.0011312217194570137,
      0.0022624434389140274,
      0.0011312217194570137,
      0.02262443438914027
    ],
    [
      0.0,
      0.033936651583710405,
      0.0022624434389140274,
      0.057692307692307696,
      0.5701357466063348,
      0.23076923076923078,
      1.0,
      0.00904977375565611,
      0.021493212669683258,
      0.0022624434389140274,
      0.038461538461538464,
      0.0011312217194570137,
      0.02262443438914027,
      0.03619909502262444,
      0.0,
      0.029411764705882353,
      0.011312217194570135,
      0.06900452488687783,
      0.06221719457013575,
      0.09049773755656108,
      0.007918552036199095,
      0.00904977375565611,
      0.06221719457013575,
      0.1334841628959276,
      0.333710407239819,
      0.3156108597285068,
      0.08597285067873303,
      0.08031674208144797,
      0.083710407239819,
      0.005656108597285068,
      0.003393665158371041,
      0.007918552036199095,
      0.0011312217194570137,
      0.0022624434389140274,
      0.01809954751131222
    ],
    [
      0.10972850678733032,
      0.17307692307692307,
      0.10407239819004525,
      0.39705882352941174,
      0.013574660633484163,
      0.010180995475113122,
      0.00904977375565611,
      1.0,
      0.007918552036199095,
      0.21945701357466063,
      0.20248868778280543,
      0.2398190045248869,
      0.167420814479638,
      0.012443438914027148,
      0.31447963800904977,
      0.0022624434389140274,
      0.003393665158371041,
      0.0011312217194570137,
      0.003393665158371041,
      0.0011312217194570137,
      0.0,
      0.003393665158371041,
      0.004524886877828055,
      0.003393665158371041,
      0.005656108597285068,
      0.004524886877828055,
      0.003393665158371041,
      0.0022624434389140274,
      0.004524886877828055,
      0.0011312217194570137,
      0.0022624434389140274,
      0.0,
      0.0022624434389140274,
      0.004524886877828055,
      0.003393665158371041
    ],
    [
      0.0,
      0.0022624434389140274,
      0.0,
      0.042986425339366516,
      0.030542986425339366,
      0.13800904977375567,
      0.021493212669683258,
      0.007918552036199095,
      1.0,
      0.0011312217194570137,
      0.0022624434389140274,
      0.0,
      0.00904977375565611,
      0.014705882352941176,
      0.0022624434389140274,
      0.08144796380090498,
      0.00904977375565611,
      0.033936651583710405,
      0.09049773755656108,
      0.0757918552036199,
      0.013574660633484163,
      0.02262443438914027,
      0.05203619909502263,
      0.03506787330316742,
      0.04751131221719457,
      0.05203619909502263,
      0.012443438914027148,
      0.020361990950226245,
      0.014705882352941176,
      0.003393665158371041,
      0.0,
      0.0022624434389140274,
      0.003393665158371041,
      0.0011312217194570137,
      0.005656108597285068
    ],
    [
      0.43552036199095023,
      0.25565610859728505,
      0.2997737556561086,
      0.29524886877828055,
      0.004524886877828055,
      0.0011312217194570137,
      0.0022624434389140274,
      0.21945701357466063,
      0.0011312217194570137,
      1.0,
      0.40158371040723984,
      0.6798642533936652,
      0.1425339366515837,
      0.0011312217194570137,
      0.45248868778280543,
      0.0,
      0.0,
      0.0,
      0.0,
      0.0,
      0.0,
      0.0011312217194570137,
      0.0,
      0.0,
      0.0,
      0.0,
      0.0,
      0.0,
      0.0011312217194570137,
      0.0,
      0.0,
      0.0011312217194570137,
      0.0,
      0.0011312217194570137,
      0.0
    ],
    [
      0.22963800904977374,
      0.4626696832579186,
      0.17081447963800905,
      0.23755656108597284,
      0.049773755656108594,
      0.03506787330316742,
      0.038461538461538464,
      0.20248868778280543,
      0.0022624434389140274,
      0.40158371040723984,
      1.0,
      0.43665158371040724,
      0.15723981900452488,
      0.005656108597285068,
      0.3925339366515837,
      0.003393665158371041,
      0.005656108597285068,
      0.01583710407239819,
      0.010180995475113122,
      0.012443438914027148,
      0.0011312217194570137,
      0.0022624434389140274,
      0.007918552036199095,
      0.007918552036199095,
      0.032805429864253395,
      0.032805429864253395,
      0.024886877828054297,
      0.02262443438914027,
      0.01809954751131222,
      0.0,
      0.0011312217194570137,
      0.0011312217194570137,
      0.0,
      0.0,
      0.0011312217194570137
    ],
    [
      0.334841628959276,
      0.26357466063348417,
      0.252262443438914,
      0.3065610859728507,
      0.005656108597285068,
      0.0,
      0.0011312217194570137,
      0.2398190045248869,
      0.0,
      0.6798642533936652,
      0.43665158371040724,
      1.0,
      0.1595022624434389,
      0.0011312217194570137,
      0.46153846153846156,
      0.0,
      0.0,
      0.0,
      0.0,
      0.0,
      0.0,
      0.0011312217194570137,
      0.0,
      0.0011312217194570137,
      0.0011312217194570137,
      0.0011312217194570137,
      0.0,
      0.0,
      0.0,
      0.0,
      0.0,
      0.0011312217194570137,
      0.0,
      0.0,
      0.0
    ],
    [
      0.1323529411764706,
      0.19457013574660634,
      0.11085972850678733,
      0.22624434389140272,
      0.03167420814479638,
      0.013574660633484163,
      0.02262443438914027,
      0.167420814479638,
      0.00904977375565611,
      0.1425339366515837,
      0.15723981900452488,
      0.1595022624434389,
      1.0,
      0.03619909502262444,
      0.2409502262443439,
      0.01583710407239819,
      0.006787330316742082,
      0.004524886877828055,
      0.007918552036199095,
      0.007918552036199095,
      0.004524886877828055,
      0.010180995475113122,
      0.010180995475113122,
      0.01809954751131222,
      0.00904977375565611,
      0.00904977375565611,
      0.005656108597285068,
      0.005656108597285068,
      0.004524886877828055,
      0.0011312217194570137,
      0.0011312217194570137,
      0.0,
      0.0011312217194570137,
      0.0,
      0.0022624434389140274
    ],
    [
      0.0011312217194570137,
      0.004524886877828055,
      0.0022624434389140274,
      0.019230769230769232,
      0.04524886877828054,
      0.030542986425339366,
      0.03619909502262444,
      0.012443438914027148,
      0.014705882352941176,
      0.0011312217194570137,
      0.005656108597285068,
      0.0011312217194570137,
      0.03619909502262444,
      1.0,
      0.006787330316742082,
      0.019230769230769232,
      0.011312217194570135,
      0.011312217194570135,
      0.01583710407239819,
      0.016968325791855202,
      0.012443438914027148,
      0.013574660633484163,
      0.01583710407239819,
      0.02828054298642534,
      0.027149321266968326,
      0.029411764705882353,
      0.0022624434389140274,
      0.007918552036199095,
      0.004524886877828055,
      0.003393665158371041,
      0.0022624434389140274,
      0.0,
      0.0,
      0.0022624434389140274,
      0.003393665158371041
    ],
    [
      0.2828054298642534,
      0.35407239819004527,
      0.251131221719457,
      0.43778280542986425,
      0.010180995475113122,
      0.005656108597285068,
      0.0,
      0.31447963800904977,
      0.0022624434389140274,
      0.45248868778280543,
      0.3925339366515837,
      0.46153846153846156,
      0.2409502262443439,
      0.006787330316742082,
      1.0,
      0.0011312217194570137,
      0.0,
      0.0,
      0.0011312217194570137,
      0.0,
      0.0,
      0.0,
      0.0,
      0.0,
      0.0011312217194570137,
      0.0,
      0.0,
      0.0,
      0.0,
      0.0011312217194570137,
      0.0,
      0.0011312217194570137,
      0.0011312217194570137,
      0.0,
      0.0011312217194570137
    ],
    [
      0.0,
      0.003393665158371041,
      0.0,
      0.016968325791855202,
      0.03733031674208145,
      0.05995475113122172,
      0.029411764705882353,
      0.0022624434389140274,
      0.08144796380090498,
      0.0,
      0.003393665158371041,
      0.0,
      0.01583710407239819,
      0.019230769230769232,
      0.0011312217194570137,
      1.0,
      0.07013574660633484,
      0.013574660633484163,
      0.03619909502262444,
      0.03959276018099547,
      0.08257918552036199,
      0.09502262443438914,
      0.3042986425339366,
      0.18438914027149322,
      0.05090497737556561,
      0.058823529411764705,
      0.010180995475113122,
      0.020361990950226245,
      0.007918552036199095,
      0.0,
      0.0011312217194570137,
      0.0,
      0.003393665158371041,
      0.0,
      0.0011312217194570137
    ],
    [
      0.0,
      0.0022624434389140274,
      0.0,
      0.0011312217194570137,
      0.00904977375565611,
      0.005656108597285068,
      0.011312217194570135,
      0.003393665158371041,
      0.00904977375565611,
      0.0,
      0.005656108597285068,
      0.0,
      0.006787330316742082,
      0.011312217194570135,
      0.0,
      0.07013574660633484,
      1.0,
      0.006787330316742082,
      0.004524886877828055,
      0.005656108597285068,
      0.04524886877828054,
      0.08144796380090498,
      0.0916289592760181,
      0.04638009049773756,
      0.010180995475113122,
      0.007918552036199095,
      0.005656108597285068,
      0.004524886877828055,
      0.0011312217194570137,
      0.0022624434389140274,
      0.0022624434389140274,
      0.0,
      0.0022624434389140274,
      0.0022624434389140274,
      0.0022624434389140274
    ],
    [
      0.0,
      0.019230769230769232,
      0.0,
      0.024886877828054297,
      0.06787330316742081,
      0.08597285067873303,
      0.06900452488687783,
      0.0011312217194570137,
      0.033936651583710405,
      0.0,
      0.01583710407239819,
      0.0,
      0.004524886877828055,
      0.011312217194570135,
      0.0,
      0.013574660633484163,
      0.006787330316742082,
      1.0,
      0.1334841628959276,
      0.1323529411764706,
      0.07239819004524888,
      0.10520361990950226,
      0.032805429864253395,
      0.032805429864253395,
      0.09954751131221719,
      0.07692307692307693,
      0.07352941176470588,
      0.06108597285067873,
      0.049773755656108594,
      0.0022624434389140274,
      0.0022624434389140274,
      0.0011312217194570137,
      0.0,
      0.0011312217194570137,
      0.0
    ],
    [
      0.0,
      0.007918552036199095,
      0.0022624434389140274,
      0.03167420814479638,
      0.057692307692307696,
      0.11877828054298642,
      0.06221719457013575,
      0.003393665158371041,
      0.09049773755656108,
      0.0,
      0.010180995475113122,
      0.0,
      0.007918552036199095,
      0.01583710407239819,
      0.0011312217194570137,
      0.03619909502262444,
      0.004524886877828055,
      0.1334841628959276,
      1.0,
      0.3778280542986425,
      0.021493212669683258,
      0.04524886877828054,
      0.05429864253393665,
      0.03733031674208145,
      0.10520361990950226,
      0.09728506787330317,
      0.06108597285067873,
      0.05542986425339366,
      0.042986425339366516,
      0.004524886877828055,
      0.004524886877828055,
      0.004524886877828055,
      0.004524886877828055,
      0.003393665158371041,
      0.005656108597285068
    ],
    [
      0.0,
      0.014705882352941176,
      0.0,
      0.023755656108597284,
      0.08257918552036199,
      0.13009049773755657,
      0.09049773755656108,
      0.0011312217194570137,
      0.0757918552036199,
      0.0,
      0.012443438914027148,
      0.0,
      0.007918552036199095,
      0.016968325791855202,
      0.0,
      0.03959276018099547,
      0.005656108597285068,
      0.1323529411764706,
      0.3778280542986425,
      1.0,
      0.027149321266968326,
      0.05656108597285068,
      0.0757918552036199,
      0.06447963800904978,
      0.13914027149321267,
      0.14705882352941177,
      0.057692307692307696,
      0.05203619909502263,
      0.07126696832579185,
      0.0022624434389140274,
      0.003393665158371041,
      0.0,
      0.0022624434389140274,
      0.0,
      0.0011312217194570137
    ],
    [
      0.0,
      0.0011312217194570137,
      0.0,
      0.006787330316742082,
      0.006787330316742082,
      0.02262443438914027,
      0.007918552036199095,
      0.0,
      0.013574660633484163,
      0.0,
      0.0011312217194570137,
      0.0,
      0.004524886877828055,
      0.012443438914027148,
      0.0,
      0.08257918552036199,
      0.04524886877828054,
      0.07239819004524888,
      0.021493212669683258,
      0.027149321266968326,
      1.0,
      0.2907239819004525,
      0.08257918552036199,
      0.07126696832579185,
      0.006787330316742082,
      0.006787330316742082,
      0.005656108597285068,
      0.003393665158371041,
      0.0,
      0.0011312217194570137,
      0.0011312217194570137,
      0.0,
      0.0,
      0.0011312217194570137,
      0.0
    ],
    [
      0.0011312217194570137,
      0.003393665158371041,
      0.0011312217194570137,
      0.007918552036199095,
      0.006787330316742082,
      0.024886877828054297,
      0.00904977375565611,
      0.003393665158371041,
      0.02262443438914027,
      0.0011312217194570137,
      0.0022624434389140274,
      0.0011312217194570137,
      0.010180995475113122,
      0.013574660633484163,
      0.0,
      0.09502262443438914,
      0.08144796380090498,
      0.10520361990950226,
      0.04524886877828054,
      0.05656108597285068,
      0.2907239819004525,
      1.0,
      0.10294117647058823,
      0.05995475113122172,
      0.02262443438914027,
      0.02262443438914027,
      0.016968325791855202,
      0.007918552036199095,
      0.004524886877828055,
      0.0,
      0.0022624434389140274,
      0.0,
      0.0,
      0.0011312217194570137,
      0.0
    ],
    [
      0.0,
      0.00904977375565611,
      0.0,
      0.021493212669683258,
      0.06900452488687783,
      0.05995475113122172,
      0.06221719457013575,
      0.004524886877828055,
      0.05203619909502263,
      0.0,
      0.007918552036199095,
      0.0,
      0.010180995475113122,
      0.01583710407239819,
      0.0,
      0.3042986425339366,
      0.0916289592760181,
      0.032805429864253395,
      0.05429864253393665,
      0.0757918552036199,
      0.08257918552036199,
      0.10294117647058823,
      1.0,
      0.2149321266968326,
      0.09389140271493213,
      0.09615384615384616,
      0.016968325791855202,
      0.027149321266968326,
      0.020361990950226245,
      0.003393665158371041,
      0.005656108597285068,
      0.0,
      0.0,
      0.0011312217194570137,
      0.004524886877828055
    ],
    [
      0.0,
      0.011312217194570135,
      0.0011312217194570137,
      0.027149321266968326,
      0.13914027149321267,
      0.11085972850678733,
      0.1334841628959276,
      0.003393665158371041,
      0.03506787330316742,
      0.0,
      0.007918552036199095,
      0.0011312217194570137,
      0.01809954751131222,
      0.02828054298642534,
      0.0,
      0.18438914027149322,
      0.04638009049773756,
      0.032805429864253395,
      0.03733031674208145,
      0.06447963800904978,
      0.07126696832579185,
      0.05995475113122172,
      0.2149321266968326,
      1.0,
      0.15384615384615385,
      0.14819004524886878,
      0.026018099547511313,
      0.029411764705882353,
      0.042986425339366516,
      0.016968325791855202,
      0.0011312217194570137,
      0.0022624434389140274,
      0.0,
      0.0011312217194570137,
      0.005656108597285068
    ],
    [
      0.0,
      0.03167420814479638,
      0.0011312217194570137,
      0.05203619909502263,
      0.332579185520362,
      0.19683257918552036,
      0.333710407239819,
      0.005656108597285068,
      0.04751131221719457,
      0.0,
      0.032805429864253395,
      0.0011312217194570137,
      0.00904977375565611,
      0.027149321266968326,
      0.0011312217194570137,
      0.05090497737556561,
      0.010180995475113122,
      0.09954751131221719,
      0.10520361990950226,
      0.13914027149321267,
      0.006787330316742082,
      0.02262443438914027,
      0.09389140271493213,
      0.15384615384615385,
      1.0,
      0.5633484162895928,
      0.10180995475113122,
      0.09954751131221719,
      0.09276018099547512,
      0.013574660633484163,
      0.003393665158371041,
      0.0022624434389140274,
      0.0011312217194570137,
      0.0011312217194570137,
      0.014705882352941176
    ],
    [
      0.0,
      0.03167420814479638,
      0.0,
      0.05203619909502263,
      0.3212669683257919,
      0.20361990950226244,
      0.3156108597285068,
      0.004524886877828055,
      0.05203619909502263,
      0.0,
      0.032805429864253395,
      0.0011312217194570137,
      0.00904977375565611,
      0.029411764705882353,
      0.0,
      0.058823529411764705,
      0.007918552036199095,
      0.07692307692307693,
      0.09728506787330317,
      0.14705882352941177,
      0.006787330316742082,
      0.02262443438914027,
      0.09615384615384616,
      0.14819004524886878,
      0.5633484162895928,
      1.0,
      0.09841628959276018,
      0.08144796380090498,
      0.08823529411764706,
      0.010180995475113122,
      0.0011312217194570137,
      0.003393665158371041,
      0.0,
      0.0,
      0.011312217194570135
    ],
    [
      0.0,
      0.027149321266968326,
      0.0,
      0.019230769230769232,
      0.0757918552036199,
      0.07692307692307693,
      0.08597285067873303,
      0.003393665158371041,
      0.012443438914027148,
      0.0,
      0.024886877828054297,
      0.0,
      0.005656108597285068,
      0.0022624434389140274,
      0.0,
      0.010180995475113122,
      0.005656108597285068,
      0.07352941176470588,
      0.06108597285067873,
      0.057692307692307696,
      0.005656108597285068,
      0.016968325791855202,
      0.016968325791855202,
      0.026018099547511313,
      0.10180995475113122,
      0.09841628959276018,
      1.0,
      0.08144796380090498,
      0.07918552036199095,
      0.0022624434389140274,
      0.010180995475113122,
      0.0022624434389140274,
      0.0022624434389140274,
      0.01583710407239819,
      0.013574660633484163
    ],
    [
      0.0,
      0.016968325791855202,
      0.0,
      0.01583710407239819,
      0.083710407239819,
      0.06334841628959276,
      0.08031674208144797,
      0.0022624434389140274,
      0.020361990950226245,
      0.0,
      0.02262443438914027,
      0.0,
      0.005656108597285068,
      0.007918552036199095,
      0.0,
      0.020361990950226245,
      0.004524886877828055,
      0.06108597285067873,
      0.05542986425339366,
      0.05203619909502263,
      0.003393665158371041,
      0.007918552036199095,
      0.027149321266968326,
      0.029411764705882353,
      0.09954751131221719,
      0.08144796380090498,
      0.08144796380090498,
      1.0,
      0.10407239819004525,
      0.0011312217194570137,
      0.004524886877828055,
      0.003393665158371041,
      0.0011312217194570137,
      0.00904977375565611,
      0.012443438914027148
    ],
    [
      0.0,
      0.021493212669683258,
      0.0,
      0.016968325791855202,
      0.09049773755656108,
      0.07352941176470588,
      0.083710407239819,
      0.004524886877828055,
      0.014705882352941176,
      0.0011312217194570137,
      0.01809954751131222,
      0.0,
      0.004524886877828055,
      0.004524886877828055,
      0.0,
      0.007918552036199095,
      0.0011312217194570137,
      0.049773755656108594,
      0.042986425339366516,
      0.07126696832579185,
      0.0,
      0.004524886877828055,
      0.020361990950226245,
      0.042986425339366516,
      0.09276018099547512,
      0.08823529411764706,
      0.07918552036199095,
      0.10407239819004525,
      1.0,
      0.0022624434389140274,
      0.003393665158371041,
      0.0022624434389140274,
      0.0,
      0.01583710407239819,
      0.005656108597285068
    ],
    [
      0.0,
      0.0,
      0.0,
      0.0022624434389140274,
      0.007918552036199095,
      0.0022624434389140274,
      0.005656108597285068,
      0.0011312217194570137,
      0.003393665158371041,
      0.0,
      0.0,
      0.0,
      0.0011312217194570137,
      0.003393665158371041,
      0.0011312217194570137,
      0.0,
      0.0022624434389140274,
      0.0022624434389140274,
      0.004524886877828055,
      0.0022624434389140274,
      0.0011312217194570137,
      0.0,
      0.003393665158371041,
      0.016968325791855202,
      0.013574660633484163,
      0.010180995475113122,
      0.0022624434389140274,
      0.0011312217194570137,
      0.0022624434389140274,
      1.0,
      0.006787330316742082,
      0.007918552036199095,
      0.010180995475113122,
      0.012443438914027148,
      0.004524886877828055
    ],
    [
      0.0,
      0.0011312217194570137,
      0.0,
      0.0011312217194570137,
      0.0022624434389140274,
      0.0022624434389140274,
      0.003393665158371041,
      0.0022624434389140274,
      0.0,
      0.0,
      0.0011312217194570137,
      0.0,
      0.0011312217194570137,
      0.0022624434389140274,
      0.0,
      0.0011312217194570137,
      0.0022624434389140274,
      0.0022624434389140274,
      0.004524886877828055,
      0.003393665158371041,
      0.0011312217194570137,
      0.0022624434389140274,
      0.005656108597285068,
      0.0011312217194570137,
      0.003393665158371041,
      0.0011312217194570137,
      0.010180995475113122,
      0.004524886877828055,
      0.003393665158371041,
      0.006787330316742082,
      1.0,
      0.023755656108597284,
      0.006787330316742082,
      0.057692307692307696,
      0.14819004524886878
    ],
    [
      0.0,
      0.0,
      0.0,
      0.0,
      0.003393665158371041,
      0.0011312217194570137,
      0.007918552036199095,
      0.0,
      0.0022624434389140274,
      0.0011312217194570137,
      0.0011312217194570137,
      0.0011312217194570137,
      0.0,
      0.0,
      0.0011312217194570137,
      0.0,
      0.0,
      0.0011312217194570137,
      0.004524886877828055,
      0.0,
      0.0,
      0.0,
      0.0,
      0.0022624434389140274,
      0.0022624434389140274,
      0.003393665158371041,
      0.0022624434389140274,
      0.003393665158371041,
      0.0022624434389140274,
      0.007918552036199095,
      0.023755656108597284,
      1.0,
      0.0,
      0.004524886877828055,
      0.006787330316742082
    ],
    [
      0.0,
      0.0011312217194570137,
      0.0011312217194570137,
      0.0011312217194570137,
      0.0022624434389140274,
      0.0022624434389140274,
      0.0011312217194570137,
      0.0022624434389140274,
      0.003393665158371041,
      0.0,
      0.0,
      0.0,
      0.0011312217194570137,
      0.0,
      0.0011312217194570137,
      0.003393665158371041,
      0.0022624434389140274,
      0.0,
      0.004524886877828055,
      0.0022624434389140274,
      0.0,
      0.0,
      0.0,
      0.0,
      0.0011312217194570137,
      0.0,
      0.0022624434389140274,
      0.0011312217194570137,
      0.0,
      0.010180995475113122,
      0.006787330316742082,
      0.0,
      1.0,
      0.006787330316742082,
      0.0022624434389140274
    ],
    [
      0.0,
      0.0011312217194570137,
      0.0011312217194570137,
      0.0011312217194570137,
      0.0011312217194570137,
      0.0011312217194570137,
      0.0022624434389140274,
      0.004524886877828055,
      0.0011312217194570137,
      0.0011312217194570137,
      0.0,
      0.0,
      0.0,
      0.0022624434389140274,
      0.0,
      0.0,
      0.0022624434389140274,
      0.0011312217194570137,
      0.003393665158371041,
      0.0,
      0.0011312217194570137,
      0.0011312217194570137,
      0.0011312217194570137,
      0.0011312217194570137,
      0.0011312217194570137,
      0.0,
      0.01583710407239819,
      0.00904977375565611,
      0.01583710407239819,
      0.012443438914027148,
      0.057692307692307696,
      0.004524886877828055,
      0.006787330316742082,
      1.0,
      0.032805429864253395
    ],
    [
      0.0022624434389140274,
      0.004524886877828055,
      0.007918552036199095,
      0.003393665158371041,
      0.024886877828054297,
      0.02262443438914027,
      0.01809954751131222,
      0.003393665158371041,
      0.005656108597285068,
      0.0,
      0.0011312217194570137,
      0.0,
      0.0022624434389140274,
      0.003393665158371041,
      0.0011312217194570137,
      0.0011312217194570137,
      0.0022624434389140274,
      0.0,
      0.005656108597285068,
      0.0011312217194570137,
      0.0,
      0.0,
      0.004524886877828055,
      0.005656108597285068,
      0.014705882352941176,
      0.011312217194570135,
      0.013574660633484163,
      0.012443438914027148,
      0.005656108597285068,
      0.004524886877828055,
      0.14819004524886878,
      0.006787330316742082,
      0.0022624434389140274,
      0.032805429864253395,
      1.0
    ]
  ]
}