{
  "model": "allenai/OLMo-2-0325-32B-Instruct",
  "sign": "positive",
  "percentage": 1.0,
  "component": "neurons",
  "tasks": [
    "MD/add_sub_2op_symbolic",
    "MD/add_sub_2op_verbal",
    "MD/add_sub_3op_symbolic",
    "MD/code_A",
    "MD/code_B",
    "MD/code_conditional",
    "MD/code_list",
    "MD/code_loop",
    "MD/logic_syllogism_1",
    "MD/mul_div_2op_symbolic",
    "MD/mul_div_2op_verbal",
    "MD/mul_div_3op_symbolic",
    "MD/number_sequence",
    "MD/number_sorting",
    "MD/simple_equation",
    "ToM/agent",
    "ToM/desires_goals",
    "ToM/emotion_fewshot",
    "ToM/norm_appropriate",
    "ToM/norm_moral",
    "ToM/primary_emotions",
    "ToM/secondary_emotions",
    "ToM/social_interactions",
    "ToM/social_relations",
    "phys/phys_newton",
    "phys/phys_prost",
    "phys/physics_elasticity",
    "phys/physics_solubility",
    "phys/physics_temperature",
    "Lan/anaphor_gender_agreement",
    "Lan/det_noun_agreement_with_adjective",
    "Lan/hypernymy",
    "Lan/npi",
    "Lan/subject_verb_agreement",
    "Lan/wug"
  ],
  "overlap_matrix": [
    [
      1.0,
      0.18147394597038544,
      0.23267774386797785,
      0.17395727365208546,
      0.06505029953656606,
      0.05702498021928337,
      0.05832485588335029,
      0.13761727139143212,
      0.027749519611167627,
      0.20538035492257262,
      0.13693907539278852,
      0.18130439697072454,
      0.0761840171809653,
      0.0253193172826947,
      0.19204250028258166,
      0.013507403639651859,
      0.011303266644060133,
      0.047134621905730756,
      0.044760935910478125,
      0.04069175991861648,
      0.008986096982027805,
      0.010738103311857128,
      0.019102520628461624,
      0.023962925285407482,
      0.04114389058437889,
      0.042330733582005196,
      0.048604046569458575,
      0.04470441957725783,
      0.0509212162314909,
      0.018028710297275912,
      0.018198259296936813,
      0.020798010625070647,
      0.015824573301684186,
      0.021645755623375156,
      0.04283938058098791
    ],
    [
      0.18147394597038544,
      1.0,
      0.1525375833615915,
      0.15796315135074038,
      0.08381372216570589,
      0.07166271052334125,
      0.07951848084096304,
      0.11800610376398779,
      0.03780942692438115,
      0.1440601333785464,
      0.21464903357070192,
      0.14807279303718776,
      0.07737086017859161,
      0.03594438792811122,
      0.16293658867412683,
      0.02379337628574658,
      0.02119362495761275,
      0.06346784220639765,
      0.06115067254436532,
      0.05629026788741946,
      0.01605063863456539,
      0.01972420029388493,
      0.03334463659997739,
      0.03814852492370295,
      0.0596247315474172,
      0.06058550921216232,
      0.059398666214536,
      0.057138012885723975,
      0.06420255453826156,
      0.02102407595795185,
      0.020854526958290945,
      0.020571945292189444,
      0.021758788289815756,
      0.022493500621679666,
      0.04052221091895558
    ],
    [
      0.23267774386797785,
      0.1525375833615915,
      1.0,
      0.14473832937719,
      0.05035605289928789,
      0.04493048491013903,
      0.04594777890810444,
      0.11936249576127501,
      0.025940996948118005,
      0.15768056968463887,
      0.12382728608567876,
      0.16864473832937718,
      0.06222448287555103,
      0.02611054594777891,
      0.16531027466937945,
      0.009890358313552616,
      0.008873064315587204,
      0.045834746241663844,
      0.04091782525149768,
      0.04001356391997287,
      0.007460155985079688,
      0.008873064315587204,
      0.013959534305414264,
      0.018932971628800723,
      0.03136656493726687,
      0.0335707019328586,
      0.04820843223691647,
      0.0420481519159037,
      0.04916920990166158,
      0.018198259296936813,
      0.01780264496439471,
      0.02113710862439245,
      0.014524697637617271,
      0.020798010625070647,
      0.03611393692777213
    ],
    [
      0.17395727365208546,
      0.15796315135074038,
      0.14473832937719,
      1.0,
      0.15022041369955919,
      0.26675709279981913,
      0.13433932406465468,
      0.3540183112919634,
      0.08036622583926754,
      0.15734147168531706,
      0.1347349383971968,
      0.1601107720131118,
      0.10246411212840512,
      0.05521645755623375,
      0.19944613993444105,
      0.045100033909799934,
      0.02305866395388267,
      0.07793602351079462,
      0.08093138917147055,
      0.07731434384537131,
      0.02464112128405109,
      0.02780603594438793,
      0.05199502656267661,
      0.058268339550129986,
      0.09992087713349158,
      0.10675935345314796,
      0.0675935345314796,
      0.07154967785690064,
      0.06329829320673674,
      0.019159036961681926,
      0.01865038996269922,
      0.01927206962812253,
      0.021419690290493953,
      0.02469763761727139,
      0.04730417090539166
    ],
    [
      0.06505029953656606,
      0.08381372216570589,
      0.05035605289928789,
      0.15022041369955919,
      1.0,
      0.19204250028258166,
      0.4412230134508873,
      0.056968463886063074,
      0.08319204250028259,
      0.05532949022267435,
      0.07482762518367808,
      0.048434497569797674,
      0.07324516785350967,
      0.06567197920198937,
      0.07397988018537358,
      0.07138012885723974,
      0.041030857917938285,
      0.07499717418333898,
      0.07409291285181417,
      0.07799253984401493,
      0.030857917938284164,
      0.03560528992878942,
      0.07951848084096304,
      0.09811235447044196,
      0.1939640556120719,
      0.1937379902791907,
      0.06352435853961795,
      0.07194529218944275,
      0.06115067254436532,
      0.024867186616932293,
      0.0254888662823556,
      0.026054029614558608,
      0.024754153950491693,
      0.023115180287102972,
      0.0677630835311405
    ],
    [
      0.05702498021928337,
      0.07166271052334125,
      0.04493048491013903,
      0.26675709279981913,
      0.19204250028258166,
      1.0,
      0.17446592065106817,
      0.05148637956369391,
      0.1264270374138126,
      0.048264948570136766,
      0.06273312987453374,
      0.042726347914547304,
      0.05222109189555782,
      0.059737764213857805,
      0.06680230586639539,
      0.07381033118571267,
      0.04052221091895558,
      0.09393014581213971,
      0.10885045778229908,
      0.10545947778908105,
      0.03984401492031197,
      0.04617384424098565,
      0.08257036283485927,
      0.08358765683282468,
      0.14196902904939526,
      0.15010738103311858,
      0.07115406352435855,
      0.07884028484231943,
      0.06425907087148186,
      0.021419690290493953,
      0.020006781959986435,
      0.019102520628461624,
      0.027749519611167627,
      0.023228212953543576,
      0.051429863230473605
    ],
    [
      0.05832485588335029,
      0.07951848084096304,
      0.04594777890810444,
      0.13433932406465468,
      0.4412230134508873,
      0.17446592065106817,
      1.0,
      0.05369051655928563,
      0.07511020684977959,
      0.04996043856674579,
      0.06838476319656381,
      0.04498700124335933,
      0.06092460721148412,
      0.06442861987114276,
      0.06906295919520741,
      0.0589465355487736,
      0.037696394257940545,
      0.07443201085113597,
      0.07301910252062846,
      0.07816208884367583,
      0.030970950604724764,
      0.0335707019328586,
      0.07284955352096756,
      0.08607437549451792,
      0.17017067932632532,
      0.1690403526619193,
      0.06550243020232847,
      0.07234090652198485,
      0.06476771787046456,
      0.02639312761388041,
      0.02633661128066011,
      0.029953656606759353,
      0.027466937945066123,
      0.026901774612863118,
      0.06465468520402397
    ],
    [
      0.13761727139143212,
      0.11800610376398779,
      0.11936249576127501,
      0.3540183112919634,
      0.056968463886063074,
      0.05148637956369391,
      0.05369051655928563,
      1.0,
      0.029953656606759353,
      0.13128744207075846,
      0.1097547191138239,
      0.13343506273312988,
      0.06544591386910817,
      0.03221430993557138,
      0.15451565502430203,
      0.014637730304057872,
      0.011246750310839833,
      0.0422177009155646,
      0.03995704758675257,
      0.03577483892845032,
      0.009664292980671414,
      0.010342488979315022,
      0.019328585961342827,
      0.020515428958969142,
      0.033457669266417994,
      0.036000904261331526,
      0.046965072906069855,
      0.04611732790776534,
      0.044760935910478125,
      0.018141742963716515,
      0.01944161862778343,
      0.020798010625070647,
      0.016615801966768397,
      0.022663049621340567,
      0.03458799593082401
    ],
    [
      0.027749519611167627,
      0.03780942692438115,
      0.025940996948118005,
      0.08036622583926754,
      0.08319204250028259,
      0.1264270374138126,
      0.07511020684977959,
      0.029953656606759353,
      1.0,
      0.022606533288120265,
      0.03571832259523002,
      0.023906408952187184,
      0.050469085565728496,
      0.04939527523454278,
      0.04136995591726009,
      0.10325534079348932,
      0.04945179156776308,
      0.05651633322030067,
      0.08313552616706228,
      0.07782299084435401,
      0.04894314456878038,
      0.053068836893862326,
      0.08974793715383746,
      0.08703515315926302,
      0.08901322482197355,
      0.09935571380128858,
      0.039561433254210465,
      0.0509777325647112,
      0.032666440601333786,
      0.01622018763422629,
      0.013450887306431559,
      0.012207527975584944,
      0.027579970611506726,
      0.017407030631852605,
      0.030857917938284164
    ],
    [
      0.20538035492257262,
      0.1440601333785464,
      0.15768056968463887,
      0.15734147168531706,
      0.05532949022267435,
      0.048264948570136766,
      0.04996043856674579,
      0.13128744207075846,
      0.022606533288120265,
      1.0,
      0.13857804905617724,
      0.20826268791680796,
      0.06533288120266757,
      0.01865038996269922,
      0.1861648016276704,
      0.00943822764779021,
      0.008873064315587204,
      0.0422742172487849,
      0.04035266191929467,
      0.034361930597942805,
      0.007121057985757884,
      0.007912286650842093,
      0.013959534305414264,
      0.020515428958969142,
      0.03690516559285634,
      0.03888323725556686,
      0.04996043856674579,
      0.039730982253871366,
      0.04928224256810218,
      0.01853735729625862,
      0.019667683960664633,
      0.020741494291850345,
      0.011303266644060133,
      0.022380467955239063,
      0.04018311291963377
    ],
    [
      0.13693907539278852,
      0.21464903357070192,
      0.12382728608567876,
      0.1347349383971968,
      0.07482762518367808,
      0.06273312987453374,
      0.06838476319656381,
      0.1097547191138239,
      0.03571832259523002,
      0.13857804905617724,
      1.0,
      0.14863795636939076,
      0.06623714253419238,
      0.03430541426472251,
      0.1448513620436306,
      0.02305866395388267,
      0.022436984288459364,
      0.0593421498813157,
      0.05561207188877586,
      0.053803549225726235,
      0.018085226630496214,
      0.021589239290154855,
      0.030970950604724764,
      0.03628348592743303,
      0.05256018989487962,
      0.05482084322369165,
      0.059568215214196904,
      0.05442522889114954,
      0.0591160845484345,
      0.022550016954899967,
      0.02119362495761275,
      0.02204136995591726,
      0.022832598621001468,
      0.025827964281677405,
      0.03430541426472251
    ],
    [
      0.18130439697072454,
      0.14807279303718776,
      0.16864473832937718,
      0.1601107720131118,
      0.048434497569797674,
      0.042726347914547304,
      0.04498700124335933,
      0.13343506273312988,
      0.023906408952187184,
      0.20826268791680796,
      0.14863795636939076,
      1.0,
      0.07228439018876455,
      0.025827964281677405,
      0.18401718096529898,
      0.01102068497795863,
      0.010964168644738329,
      0.04091782525149768,
      0.03888323725556686,
      0.034927093930145814,
      0.008703515315926303,
      0.009720809313891715,
      0.014807279303718775,
      0.017915677630835312,
      0.02967107494065785,
      0.031027466937945065,
      0.04323499491353001,
      0.041030857917938285,
      0.04589126257488414,
      0.019046004295241326,
      0.015259409969481181,
      0.02102407595795185,
      0.0167853509664293,
      0.018085226630496214,
      0.030349270939301457
    ],
    [
      0.0761840171809653,
      0.07737086017859161,
      0.06222448287555103,
      0.10246411212840512,
      0.07324516785350967,
      0.05222109189555782,
      0.06092460721148412,
      0.06544591386910817,
      0.050469085565728496,
      0.06533288120266757,
      0.06623714253419238,
      0.07228439018876455,
      1.0,
      0.059568215214196904,
      0.09144342715044648,
      0.07166271052334125,
      0.06623714253419238,
      0.03594438792811122,
      0.041200406917599186,
      0.042895896914208205,
      0.049338758901322485,
      0.05798575788402848,
      0.0676500508646999,
      0.07217135752232395,
      0.05764665988470668,
      0.05821182321690969,
      0.02724087261218492,
      0.0340793489318413,
      0.025149768283033797,
      0.013846501638973663,
      0.011529331976941335,
      0.0084209336498248,
      0.019950265626766134,
      0.01435514863795637,
      0.0253193172826947
    ],
    [
      0.0253193172826947,
      0.03594438792811122,
      0.02611054594777891,
      0.05521645755623375,
      0.06567197920198937,
      0.059737764213857805,
      0.06442861987114276,
      0.03221430993557138,
      0.04939527523454278,
      0.01865038996269922,
      0.03430541426472251,
      0.025827964281677405,
      0.059568215214196904,
      1.0,
      0.03747032892505934,
      0.04945179156776308,
      0.05007347123318639,
      0.03306205493387589,
      0.03893975358878716,
      0.04035266191929467,
      0.04001356391997287,
      0.042104668249124,
      0.05001695489996609,
      0.052334124561998416,
      0.05968124788063751,
      0.059963829546739005,
      0.027579970611506726,
      0.03537922459590822,
      0.02814513394370973,
      0.0167853509664293,
      0.01265965864134735,
      0.012829207641008252,
      0.01961116762744433,
      0.015711540635243586,
      0.0254323499491353
    ],
    [
      0.19204250028258166,
      0.16293658867412683,
      0.16531027466937945,
      0.19944613993444105,
      0.07397988018537358,
      0.06680230586639539,
      0.06906295919520741,
      0.15451565502430203,
      0.04136995591726009,
      0.1861648016276704,
      0.1448513620436306,
      0.18401718096529898,
      0.09144342715044648,
      0.03747032892505934,
      1.0,
      0.024867186616932293,
      0.018028710297275912,
      0.052899287894201424,
      0.05408613089182774,
      0.046004295241324746,
      0.01537244263592178,
      0.01768961229795411,
      0.029218944274895443,
      0.034022832598621,
      0.0509777325647112,
      0.05369051655928563,
      0.050695150898609695,
      0.0506386345653894,
      0.050695150898609695,
      0.018085226630496214,
      0.0167853509664293,
      0.018198259296936813,
      0.0171244489657511,
      0.020684977958630044,
      0.03571832259523002
    ],
    [
      0.013507403639651859,
      0.02379337628574658,
      0.009890358313552616,
      0.045100033909799934,
      0.07138012885723974,
      0.07381033118571267,
      0.0589465355487736,
      0.014637730304057872,
      0.10325534079348932,
      0.00943822764779021,
      0.02305866395388267,
      0.01102068497795863,
      0.07166271052334125,
      0.04945179156776308,
      0.024867186616932293,
      1.0,
      0.10297275912738782,
      0.050469085565728496,
      0.06923250819486831,
      0.06996722052673222,
      0.11591499943483667,
      0.10868090878263818,
      0.2956369390753928,
      0.22408726121849215,
      0.10240759579518481,
      0.10924607211484119,
      0.03475754493048491,
      0.04905617723522098,
      0.02458460495083079,
      0.017180965298971403,
      0.01362043630609246,
      0.007912286650842093,
      0.025714931615236802,
      0.014524697637617271,
      0.02481067028371199
    ],
    [
      0.011303266644060133,
      0.02119362495761275,
      0.008873064315587204,
      0.02305866395388267,
      0.041030857917938285,
      0.04052221091895558,
      0.037696394257940545,
      0.011246750310839833,
      0.04945179156776308,
      0.008873064315587204,
      0.022436984288459364,
      0.010964168644738329,
      0.06623714253419238,
      0.05007347123318639,
      0.018028710297275912,
      0.10297275912738782,
      1.0,
      0.03277947326777439,
      0.039165818921668365,
      0.04402622357861422,
      0.08630044082739911,
      0.1097547191138239,
      0.11580196676839606,
      0.10122075279755849,
      0.058833502882332994,
      0.05679891488640217,
      0.023341245619984175,
      0.029445009607776646,
      0.01972420029388493,
      0.019780716627105233,
      0.013168305640330055,
      0.009212162314909008,
      0.02469763761727139,
      0.0168418672996496,
      0.019328585961342827
    ],
    [
      0.047134621905730756,
      0.06346784220639765,
      0.045834746241663844,
      0.07793602351079462,
      0.07499717418333898,
      0.09393014581213971,
      0.07443201085113597,
      0.0422177009155646,
      0.05651633322030067,
      0.0422742172487849,
      0.0593421498813157,
      0.04091782525149768,
      0.03594438792811122,
      0.03306205493387589,
      0.052899287894201424,
      0.050469085565728496,
      0.03277947326777439,
      1.0,
      0.14846840736972985,
      0.13756075505821183,
      0.05459477789081044,
      0.06589804453487058,
      0.06324177687351645,
      0.05499039222335255,
      0.07782299084435401,
      0.0844354018311292,
      0.09166949248332769,
      0.08856109415621115,
      0.0757884028484232,
      0.0254888662823556,
      0.021250141290833052,
      0.028258166610150334,
      0.02028936362608794,
      0.023341245619984175,
      0.029162427941675145
    ],
    [
      0.044760935910478125,
      0.06115067254436532,
      0.04091782525149768,
      0.08093138917147055,
      0.07409291285181417,
      0.10885045778229908,
      0.07301910252062846,
      0.03995704758675257,
      0.08313552616706228,
      0.04035266191929467,
      0.05561207188877586,
      0.03888323725556686,
      0.041200406917599186,
      0.03893975358878716,
      0.05408613089182774,
      0.06923250819486831,
      0.039165818921668365,
      0.14846840736972985,
      1.0,
      0.24867186616932294,
      0.0505821182321691,
      0.06177235220978863,
      0.08748728382502544,
      0.07256697185486606,
      0.08776986549112693,
      0.09376059681247881,
      0.08279642816774048,
      0.08251384650163897,
      0.06663275686673449,
      0.023171696620323274,
      0.02209788628913756,
      0.02469763761727139,
      0.025262800949474397,
      0.02633661128066011,
      0.03283598960099469
    ],
    [
      0.04069175991861648,
      0.05629026788741946,
      0.04001356391997287,
      0.07731434384537131,
      0.07799253984401493,
      0.10545947778908105,
      0.07816208884367583,
      0.03577483892845032,
      0.07782299084435401,
      0.034361930597942805,
      0.053803549225726235,
      0.034927093930145814,
      0.042895896914208205,
      0.04035266191929467,
      0.046004295241324746,
      0.06996722052673222,
      0.04402622357861422,
      0.13756075505821183,
      0.24867186616932294,
      1.0,
      0.048264948570136766,
      0.05657284955352097,
      0.08861761048943144,
      0.07431897818469538,
      0.09121736181756528,
      0.09839493613654346,
      0.07884028484231943,
      0.08646998982706001,
      0.07465807618401718,
      0.023284729286763874,
      0.021080592291172148,
      0.025375833615915,
      0.025884480614897707,
      0.025149768283033797,
      0.032327342602011984
    ],
    [
      0.008986096982027805,
      0.01605063863456539,
      0.007460155985079688,
      0.02464112128405109,
      0.030857917938284164,
      0.03984401492031197,
      0.030970950604724764,
      0.009664292980671414,
      0.04894314456878038,
      0.007121057985757884,
      0.018085226630496214,
      0.008703515315926303,
      0.049338758901322485,
      0.04001356391997287,
      0.01537244263592178,
      0.11591499943483667,
      0.08630044082739911,
      0.05459477789081044,
      0.0505821182321691,
      0.048264948570136766,
      1.0,
      0.30959647338080704,
      0.1361478467277043,
      0.11936249576127501,
      0.05001695489996609,
      0.05256018989487962,
      0.02345427828642478,
      0.027693003277947326,
      0.016502769300327794,
      0.015881089634904488,
      0.010455521645755623,
      0.008816547982366904,
      0.019780716627105233,
      0.015259409969481181,
      0.014976828303379677
    ],
    [
      0.010738103311857128,
      0.01972420029388493,
      0.008873064315587204,
      0.02780603594438793,
      0.03560528992878942,
      0.04617384424098565,
      0.0335707019328586,
      0.010342488979315022,
      0.053068836893862326,
      0.007912286650842093,
      0.021589239290154855,
      0.009720809313891715,
      0.05798575788402848,
      0.042104668249124,
      0.01768961229795411,
      0.10868090878263818,
      0.1097547191138239,
      0.06589804453487058,
      0.06177235220978863,
      0.05657284955352097,
      0.30959647338080704,
      1.0,
      0.13371764439923137,
      0.10285972646094721,
      0.05572510455521646,
      0.05583813722165706,
      0.029784107607098452,
      0.03311857126709619,
      0.021363173957273652,
      0.016163671301005992,
      0.009551260314230812,
      0.008760031649146603,
      0.020967559624731548,
      0.014242115971515769,
      0.014072566971854866
    ],
    [
      0.019102520628461624,
      0.03334463659997739,
      0.013959534305414264,
      0.05199502656267661,
      0.07951848084096304,
      0.08257036283485927,
      0.07284955352096756,
      0.019328585961342827,
      0.08974793715383746,
      0.013959534305414264,
      0.030970950604724764,
      0.014807279303718775,
      0.0676500508646999,
      0.05001695489996609,
      0.029218944274895443,
      0.2956369390753928,
      0.11580196676839606,
      0.06324177687351645,
      0.08748728382502544,
      0.08861761048943144,
      0.1361478467277043,
      0.13371764439923137,
      1.0,
      0.2037413812591839,
      0.10930258844806148,
      0.11568893410195547,
      0.044365321577936025,
      0.051599412230134506,
      0.03294902226743529,
      0.021476206623714255,
      0.016389736633887195,
      0.010964168644738329,
      0.0252062846162541,
      0.018141742963716515,
      0.028597264609472137
    ],
    [
      0.023962925285407482,
      0.03814852492370295,
      0.018932971628800723,
      0.058268339550129986,
      0.09811235447044196,
      0.08358765683282468,
      0.08607437549451792,
      0.020515428958969142,
      0.08703515315926302,
      0.020515428958969142,
      0.03628348592743303,
      0.017915677630835312,
      0.07217135752232395,
      0.052334124561998416,
      0.034022832598621,
      0.22408726121849215,
      0.10122075279755849,
      0.05499039222335255,
      0.07256697185486606,
      0.07431897818469538,
      0.11936249576127501,
      0.10285972646094721,
      0.2037413812591839,
      1.0,
      0.12377076975245846,
      0.12473154741720358,
      0.043856674578953314,
      0.0510907652311518,
      0.03718774725895784,
      0.023397761953204477,
      0.017407030631852605,
      0.011359782977280434,
      0.023567310952865378,
      0.019780716627105233,
      0.03187521193624958
    ],
    [
      0.04114389058437889,
      0.0596247315474172,
      0.03136656493726687,
      0.09992087713349158,
      0.1939640556120719,
      0.14196902904939526,
      0.17017067932632532,
      0.033457669266417994,
      0.08901322482197355,
      0.03690516559285634,
      0.05256018989487962,
      0.02967107494065785,
      0.05764665988470668,
      0.05968124788063751,
      0.0509777325647112,
      0.10240759579518481,
      0.058833502882332994,
      0.07782299084435401,
      0.08776986549112693,
      0.09121736181756528,
      0.05001695489996609,
      0.05572510455521646,
      0.10930258844806148,
      0.12377076975245846,
      1.0,
      0.4238159828190347,
      0.06923250819486831,
      0.07426246185147507,
      0.057533627218266076,
      0.023849892618966882,
      0.02797558494404883,
      0.03181869560302927,
      0.020684977958630044,
      0.024132474285068383,
      0.05685543121962247
    ],
    [
      0.042330733582005196,
      0.06058550921216232,
      0.0335707019328586,
      0.10675935345314796,
      0.1937379902791907,
      0.15010738103311858,
      0.1690403526619193,
      0.036000904261331526,
      0.09935571380128858,
      0.03888323725556686,
      0.05482084322369165,
      0.031027466937945065,
      0.05821182321690969,
      0.059963829546739005,
      0.05369051655928563,
      0.10924607211484119,
      0.05679891488640217,
      0.0844354018311292,
      0.09376059681247881,
      0.09839493613654346,
      0.05256018989487962,
      0.05583813722165706,
      0.11568893410195547,
      0.12473154741720358,
      0.4238159828190347,
      1.0,
      0.0759014355148638,
      0.07906635017520064,
      0.06442861987114276,
      0.0253193172826947,
      0.028766813609133038,
      0.033627218266078895,
      0.021080592291172148,
      0.024415055951169887,
      0.058833502882332994
    ],
    [
      0.048604046569458575,
      0.059398666214536,
      0.04820843223691647,
      0.0675935345314796,
      0.06352435853961795,
      0.07115406352435855,
      0.06550243020232847,
      0.046965072906069855,
      0.039561433254210465,
      0.04996043856674579,
      0.059568215214196904,
      0.04323499491353001,
      0.02724087261218492,
      0.027579970611506726,
      0.050695150898609695,
      0.03475754493048491,
      0.023341245619984175,
      0.09166949248332769,
      0.08279642816774048,
      0.07884028484231943,
      0.02345427828642478,
      0.029784107607098452,
      0.044365321577936025,
      0.043856674578953314,
      0.06923250819486831,
      0.0759014355148638,
      1.0,
      0.10636373912060586,
      0.09257375381485249,
      0.020571945292189444,
      0.024188990618288685,
      0.03351418559963829,
      0.018932971628800723,
      0.03057533627218266,
      0.03577483892845032
    ],
    [
      0.04470441957725783,
      0.057138012885723975,
      0.0420481519159037,
      0.07154967785690064,
      0.07194529218944275,
      0.07884028484231943,
      0.07234090652198485,
      0.04611732790776534,
      0.0509777325647112,
      0.039730982253871366,
      0.05442522889114954,
      0.041030857917938285,
      0.0340793489318413,
      0.03537922459590822,
      0.0506386345653894,
      0.04905617723522098,
      0.029445009607776646,
      0.08856109415621115,
      0.08251384650163897,
      0.08646998982706001,
      0.027693003277947326,
      0.03311857126709619,
      0.051599412230134506,
      0.0510907652311518,
      0.07426246185147507,
      0.07906635017520064,
      0.10636373912060586,
      1.0,
      0.10455521645755624,
      0.021419690290493953,
      0.023171696620323274,
      0.03430541426472251,
      0.018819938962360123,
      0.030179721939640556,
      0.036735616593195436
    ],
    [
      0.0509212162314909,
      0.06420255453826156,
      0.04916920990166158,
      0.06329829320673674,
      0.06115067254436532,
      0.06425907087148186,
      0.06476771787046456,
      0.044760935910478125,
      0.032666440601333786,
      0.04928224256810218,
      0.0591160845484345,
      0.04589126257488414,
      0.025149768283033797,
      0.02814513394370973,
      0.050695150898609695,
      0.02458460495083079,
      0.01972420029388493,
      0.0757884028484232,
      0.06663275686673449,
      0.07465807618401718,
      0.016502769300327794,
      0.021363173957273652,
      0.03294902226743529,
      0.03718774725895784,
      0.057533627218266076,
      0.06442861987114276,
      0.09257375381485249,
      0.10455521645755624,
      1.0,
      0.02277608228778117,
      0.022493500621679666,
      0.036000904261331526,
      0.018480840963038318,
      0.02955804227421725,
      0.032892505934214986
    ],
    [
      0.018028710297275912,
      0.02102407595795185,
      0.018198259296936813,
      0.019159036961681926,
      0.024867186616932293,
      0.021419690290493953,
      0.02639312761388041,
      0.018141742963716515,
      0.01622018763422629,
      0.01853735729625862,
      0.022550016954899967,
      0.019046004295241326,
      0.013846501638973663,
      0.0167853509664293,
      0.018085226630496214,
      0.017180965298971403,
      0.019780716627105233,
      0.0254888662823556,
      0.023171696620323274,
      0.023284729286763874,
      0.015881089634904488,
      0.016163671301005992,
      0.021476206623714255,
      0.023397761953204477,
      0.023849892618966882,
      0.0253193172826947,
      0.020571945292189444,
      0.021419690290493953,
      0.02277608228778117,
      1.0,
      0.04962134056742398,
      0.046004295241324746,
      0.04040917825251498,
      0.04945179156776308,
      0.02628009494743981
    ],
    [
      0.018198259296936813,
      0.020854526958290945,
      0.01780264496439471,
      0.01865038996269922,
      0.0254888662823556,
      0.020006781959986435,
      0.02633661128066011,
      0.01944161862778343,
      0.013450887306431559,
      0.019667683960664633,
      0.02119362495761275,
      0.015259409969481181,
      0.011529331976941335,
      0.01265965864134735,
      0.0167853509664293,
      0.01362043630609246,
      0.013168305640330055,
      0.021250141290833052,
      0.02209788628913756,
      0.021080592291172148,
      0.010455521645755623,
      0.009551260314230812,
      0.016389736633887195,
      0.017407030631852605,
      0.02797558494404883,
      0.028766813609133038,
      0.024188990618288685,
      0.023171696620323274,
      0.022493500621679666,
      0.04962134056742398,
      1.0,
      0.06437210353792246,
      0.03628348592743303,
      0.09195207414942919,
      0.08946535548773596
    ],
    [
      0.020798010625070647,
      0.020571945292189444,
      0.02113710862439245,
      0.01927206962812253,
      0.026054029614558608,
      0.019102520628461624,
      0.029953656606759353,
      0.020798010625070647,
      0.012207527975584944,
      0.020741494291850345,
      0.02204136995591726,
      0.02102407595795185,
      0.0084209336498248,
      0.012829207641008252,
      0.018198259296936813,
      0.007912286650842093,
      0.009212162314909008,
      0.028258166610150334,
      0.02469763761727139,
      0.025375833615915,
      0.008816547982366904,
      0.008760031649146603,
      0.010964168644738329,
      0.011359782977280434,
      0.03181869560302927,
      0.033627218266078895,
      0.03351418559963829,
      0.03430541426472251,
      0.036000904261331526,
      0.046004295241324746,
      0.06437210353792246,
      1.0,
      0.014920311970159377,
      0.03780942692438115,
      0.029445009607776646
    ],
    [
      0.015824573301684186,
      0.021758788289815756,
      0.014524697637617271,
      0.021419690290493953,
      0.024754153950491693,
      0.027749519611167627,
      0.027466937945066123,
      0.016615801966768397,
      0.027579970611506726,
      0.011303266644060133,
      0.022832598621001468,
      0.0167853509664293,
      0.019950265626766134,
      0.01961116762744433,
      0.0171244489657511,
      0.025714931615236802,
      0.02469763761727139,
      0.02028936362608794,
      0.025262800949474397,
      0.025884480614897707,
      0.019780716627105233,
      0.020967559624731548,
      0.0252062846162541,
      0.023567310952865378,
      0.020684977958630044,
      0.021080592291172148,
      0.018932971628800723,
      0.018819938962360123,
      0.018480840963038318,
      0.04040917825251498,
      0.03628348592743303,
      0.014920311970159377,
      1.0,
      0.04374364191251272,
      0.024358539617949586
    ],
    [
      0.021645755623375156,
      0.022493500621679666,
      0.020798010625070647,
      0.02469763761727139,
      0.023115180287102972,
      0.023228212953543576,
      0.026901774612863118,
      0.022663049621340567,
      0.017407030631852605,
      0.022380467955239063,
      0.025827964281677405,
      0.018085226630496214,
      0.01435514863795637,
      0.015711540635243586,
      0.020684977958630044,
      0.014524697637617271,
      0.0168418672996496,
      0.023341245619984175,
      0.02633661128066011,
      0.025149768283033797,
      0.015259409969481181,
      0.014242115971515769,
      0.018141742963716515,
      0.019780716627105233,
      0.024132474285068383,
      0.024415055951169887,
      0.03057533627218266,
      0.030179721939640556,
      0.02955804227421725,
      0.04945179156776308,
      0.09195207414942919,
      0.03780942692438115,
      0.04374364191251272,
      1.0,
      0.06052899287894201
    ],
    [
      0.04283938058098791,
      0.04052221091895558,
      0.03611393692777213,
      0.04730417090539166,
      0.0677630835311405,
      0.051429863230473605,
      0.06465468520402397,
      0.03458799593082401,
      0.030857917938284164,
      0.04018311291963377,
      0.03430541426472251,
      0.030349270939301457,
      0.0253193172826947,
      0.0254323499491353,
      0.03571832259523002,
      0.02481067028371199,
      0.019328585961342827,
      0.029162427941675145,
      0.03283598960099469,
      0.032327342602011984,
      0.014976828303379677,
      0.014072566971854866,
      0.028597264609472137,
      0.03187521193624958,
      0.05685543121962247,
      0.058833502882332994,
      0.03577483892845032,
      0.036735616593195436,
      0.032892505934214986,
      0.02628009494743981,
      0.08946535548773596,
      0.029445009607776646,
      0.024358539617949586,
      0.06052899287894201,
      1.0
    ]
  ]
}