{
  "model": "Qwen/Qwen2.5-72B-Instruct",
  "sign": "positive",
  "percentage": 0.05,
  "component": "neurons",
  "tasks": [
    "MD/add_sub_2op_symbolic",
    "MD/add_sub_2op_verbal",
    "MD/add_sub_3op_symbolic",
    "MD/add_sub_3op_verbal",
    "MD/code_A",
    "MD/code_B",
    "MD/code_conditional",
    "MD/code_list",
    "MD/code_loop",
    "MD/logic_propositional_1",
    "MD/logic_propositional_symbolic",
    "MD/logic_syllogism_1",
    "MD/logic_syllogism_symbolic",
    "MD/mul_div_2op_symbolic",
    "MD/mul_div_2op_verbal",
    "MD/mul_div_3op_symbolic",
    "MD/mul_div_3op_verbal",
    "MD/number_sequence",
    "MD/number_sorting",
    "MD/simple_equation",
    "ToM/agent",
    "ToM/desires_goals",
    "ToM/emotion_fewshot",
    "ToM/norm_appropriate",
    "ToM/norm_moral",
    "ToM/primary_emotions",
    "ToM/secondary_emotions",
    "ToM/social_interactions",
    "ToM/social_relations",
    "phys/phys_newton",
    "phys/phys_prost",
    "phys/physics_brightness",
    "phys/physics_buoyancy",
    "phys/physics_elasticity",
    "phys/physics_solubility",
    "phys/physics_speed",
    "phys/physics_stability",
    "phys/physics_temperature",
    "Lan/anaphor_gender_agreement",
    "Lan/det_noun_agreement_irregular",
    "Lan/det_noun_agreement_regular",
    "Lan/det_noun_agreement_with_adjective",
    "Lan/hypernymy",
    "Lan/npi",
    "Lan/subject_verb_agreement",
    "Lan/wug"
  ],
  "overlap_matrix": [
    [
      1.0,
      0.577834179357022,
      0.6675126903553299,
      0.5,
      0.37225042301184436,
      0.01353637901861252,
      0.005922165820642978,
      0.00676818950930626,
      0.377326565143824,
      0.0,
      0.0025380710659898475,
      0.007614213197969543,
      0.008460236886632826,
      0.5296108291032149,
      0.3934010152284264,
      0.5050761421319797,
      0.35617597292724196,
      0.07360406091370558,
      0.02961082910321489,
      0.5854483925549916,
      0.00676818950930626,
      0.005922165820642978,
      0.009306260575296108,
      0.007614213197969543,
      0.007614213197969543,
      0.00338409475465313,
      0.00338409475465313,
      0.005922165820642978,
      0.004230118443316413,
      0.007614213197969543,
      0.005076142131979695,
      0.01015228426395939,
      0.005922165820642978,
      0.005922165820642978,
      0.009306260575296108,
      0.005922165820642978,
      0.009306260575296108,
      0.01015228426395939,
      0.0,
      0.0025380710659898475,
      0.00338409475465313,
      0.001692047377326565,
      0.001692047377326565,
      0.0,
      0.0,
      0.005922165820642978
    ],
    [
      0.577834179357022,
      1.0,
      0.5093062605752962,
      0.6235194585448393,
      0.29780033840947545,
      0.06260575296108291,
      0.04483925549915398,
      0.05922165820642978,
      0.2639593908629442,
      0.0,
      0.0,
      0.0194585448392555,
      0.01015228426395939,
      0.37055837563451777,
      0.5296108291032149,
      0.35194585448392557,
      0.5,
      0.06345177664974619,
      0.02622673434856176,
      0.4196277495769882,
      0.004230118443316413,
      0.005922165820642978,
      0.03468697123519458,
      0.01692047377326565,
      0.02030456852791878,
      0.0008460236886632825,
      0.00338409475465313,
      0.004230118443316413,
      0.00338409475465313,
      0.04314720812182741,
      0.04060913705583756,
      0.021150592216582064,
      0.038917089678511,
      0.025380710659898477,
      0.02707275803722504,
      0.03468697123519458,
      0.027918781725888325,
      0.03637901861252115,
      0.0008460236886632825,
      0.001692047377326565,
      0.001692047377326565,
      0.0,
      0.001692047377326565,
      0.0,
      0.001692047377326565,
      0.004230118443316413
    ],
    [
      0.6675126903553299,
      0.5093062605752962,
      1.0,
      0.5253807106598984,
      0.3248730964467005,
      0.009306260575296108,
      0.007614213197969543,
      0.005076142131979695,
      0.32825719120135366,
      0.0,
      0.0025380710659898475,
      0.00338409475465313,
      0.00338409475465313,
      0.47292724196277497,
      0.3401015228426396,
      0.4619289340101523,
      0.32148900169204736,
      0.06260575296108291,
      0.02961082910321489,
      0.5016920473773265,
      0.00338409475465313,
      0.001692047377326565,
      0.0008460236886632825,
      0.004230118443316413,
      0.0025380710659898475,
      0.0008460236886632825,
      0.0,
      0.00338409475465313,
      0.0025380710659898475,
      0.00676818950930626,
      0.004230118443316413,
      0.005922165820642978,
      0.005922165820642978,
      0.005922165820642978,
      0.00338409475465313,
      0.004230118443316413,
      0.009306260575296108,
      0.004230118443316413,
      0.001692047377326565,
      0.004230118443316413,
      0.005076142131979695,
      0.00338409475465313,
      0.0,
      0.001692047377326565,
      0.00338409475465313,
      0.00338409475465313
    ],
    [
      0.5,
      0.6235194585448393,
      0.5253807106598984,
      1.0,
      0.2580372250423012,
      0.04991539763113367,
      0.03722504230118443,
      0.04991539763113367,
      0.22588832487309646,
      0.0008460236886632825,
      0.00338409475465313,
      0.014382402707275803,
      0.010998307952622674,
      0.33671742808798644,
      0.42978003384094754,
      0.33079526226734346,
      0.42554991539763115,
      0.05414551607445008,
      0.02284263959390863,
      0.3663282571912014,
      0.004230118443316413,
      0.007614213197969543,
      0.03553299492385787,
      0.023688663282571912,
      0.018612521150592216,
      0.0025380710659898475,
      0.004230118443316413,
      0.007614213197969543,
      0.008460236886632826,
      0.03722504230118443,
      0.03722504230118443,
      0.02284263959390863,
      0.031302876480541454,
      0.023688663282571912,
      0.02030456852791878,
      0.028764805414551606,
      0.030456852791878174,
      0.02707275803722504,
      0.0008460236886632825,
      0.0025380710659898475,
      0.001692047377326565,
      0.0008460236886632825,
      0.0008460236886632825,
      0.0,
      0.0008460236886632825,
      0.001692047377326565
    ],
    [
      0.37225042301184436,
      0.29780033840947545,
      0.3248730964467005,
      0.2580372250423012,
      1.0,
      0.15651438240270726,
      0.33248730964467005,
      0.13959390862944163,
      0.4213197969543147,
      0.023688663282571912,
      0.02622673434856176,
      0.08883248730964467,
      0.04483925549915398,
      0.36125211505922167,
      0.2927241962774958,
      0.3536379018612521,
      0.29018612521150594,
      0.09560067681895093,
      0.06429780033840947,
      0.40186125211505924,
      0.016074450084602367,
      0.011844331641285956,
      0.06091370558375635,
      0.0532994923857868,
      0.05922165820642978,
      0.008460236886632826,
      0.007614213197969543,
      0.01692047377326565,
      0.021150592216582064,
      0.11421319796954314,
      0.10913705583756345,
      0.050761421319796954,
      0.06345177664974619,
      0.04483925549915398,
      0.04145516074450085,
      0.07021996615905245,
      0.0676818950930626,
      0.04568527918781726,
      0.0025380710659898475,
      0.00338409475465313,
      0.00338409475465313,
      0.0008460236886632825,
      0.0,
      0.001692047377326565,
      0.001692047377326565,
      0.011844331641285956
    ],
    [
      0.01353637901861252,
      0.06260575296108291,
      0.009306260575296108,
      0.04991539763113367,
      0.15651438240270726,
      1.0,
      0.32318104906937395,
      0.6252115059221658,
      0.01015228426395939,
      0.009306260575296108,
      0.028764805414551606,
      0.06345177664974619,
      0.08629441624365482,
      0.010998307952622674,
      0.06345177664974619,
      0.00676818950930626,
      0.06598984771573604,
      0.01692047377326565,
      0.046531302876480544,
      0.010998307952622674,
      0.018612521150592216,
      0.024534686971235193,
      0.13790186125211507,
      0.10998307952622674,
      0.11421319796954314,
      0.00338409475465313,
      0.02030456852791878,
      0.024534686971235193,
      0.04145516074450085,
      0.35109983079526225,
      0.3544839255499154,
      0.11759729272419628,
      0.1463620981387479,
      0.10575296108291032,
      0.13874788494077833,
      0.11421319796954314,
      0.11421319796954314,
      0.12774957698815567,
      0.005076142131979695,
      0.0025380710659898475,
      0.001692047377326565,
      0.0008460236886632825,
      0.007614213197969543,
      0.001692047377326565,
      0.0008460236886632825,
      0.03468697123519458
    ],
    [
      0.005922165820642978,
      0.04483925549915398,
      0.007614213197969543,
      0.03722504230118443,
      0.33248730964467005,
      0.32318104906937395,
      1.0,
      0.3189509306260575,
      0.00676818950930626,
      0.05668358714043993,
      0.06429780033840947,
      0.17428087986463622,
      0.11590524534686972,
      0.01015228426395939,
      0.04568527918781726,
      0.007614213197969543,
      0.046531302876480544,
      0.00676818950930626,
      0.04483925549915398,
      0.005922165820642978,
      0.031302876480541454,
      0.021996615905245348,
      0.11505922165820642,
      0.12859560067681894,
      0.1319796954314721,
      0.014382402707275803,
      0.02030456852791878,
      0.02961082910321489,
      0.03722504230118443,
      0.2521150592216582,
      0.23604060913705585,
      0.11928934010152284,
      0.13874788494077833,
      0.09560067681895093,
      0.08883248730964467,
      0.13451776649746192,
      0.1463620981387479,
      0.09729272419627749,
      0.005076142131979695,
      0.001692047377326565,
      0.001692047377326565,
      0.001692047377326565,
      0.0008460236886632825,
      0.0025380710659898475,
      0.00338409475465313,
      0.02707275803722504
    ],
    [
      0.00676818950930626,
      0.05922165820642978,
      0.005076142131979695,
      0.04991539763113367,
      0.13959390862944163,
      0.6252115059221658,
      0.3189509306260575,
      1.0,
      0.00676818950930626,
      0.011844331641285956,
      0.024534686971235193,
      0.07106598984771574,
      0.09729272419627749,
      0.00676818950930626,
      0.06429780033840947,
      0.005922165820642978,
      0.07106598984771574,
      0.004230118443316413,
      0.04230118443316413,
      0.00676818950930626,
      0.021150592216582064,
      0.028764805414551606,
      0.15397631133671744,
      0.12351945854483926,
      0.13028764805414553,
      0.0025380710659898475,
      0.0194585448392555,
      0.02622673434856176,
      0.03976311336717428,
      0.3637901861252115,
      0.37817258883248733,
      0.12944162436548223,
      0.15820642978003385,
      0.12351945854483926,
      0.1404399323181049,
      0.12013536379018612,
      0.13367174280879865,
      0.14382402707275804,
      0.005076142131979695,
      0.00338409475465313,
      0.00338409475465313,
      0.001692047377326565,
      0.01015228426395939,
      0.0008460236886632825,
      0.0008460236886632825,
      0.03637901861252115
    ],
    [
      0.377326565143824,
      0.2639593908629442,
      0.32825719120135366,
      0.22588832487309646,
      0.4213197969543147,
      0.01015228426395939,
      0.00676818950930626,
      0.00676818950930626,
      1.0,
      0.0008460236886632825,
      0.005076142131979695,
      0.009306260575296108,
      0.00676818950930626,
      0.40947546531302875,
      0.31049069373942473,
      0.43485617597292725,
      0.3257191201353638,
      0.08121827411167512,
      0.028764805414551606,
      0.45854483925549916,
      0.00338409475465313,
      0.005076142131979695,
      0.00338409475465313,
      0.004230118443316413,
      0.005076142131979695,
      0.001692047377326565,
      0.0025380710659898475,
      0.005076142131979695,
      0.0025380710659898475,
      0.004230118443316413,
      0.00338409475465313,
      0.005076142131979695,
      0.005922165820642978,
      0.004230118443316413,
      0.00338409475465313,
      0.004230118443316413,
      0.004230118443316413,
      0.005076142131979695,
      0.001692047377326565,
      0.005922165820642978,
      0.004230118443316413,
      0.0025380710659898475,
      0.0008460236886632825,
      0.0025380710659898475,
      0.0025380710659898475,
      0.005076142131979695
    ],
    [
      0.0,
      0.0,
      0.0,
      0.0008460236886632825,
      0.023688663282571912,
      0.009306260575296108,
      0.05668358714043993,
      0.011844331641285956,
      0.0008460236886632825,
      1.0,
      0.20135363790186125,
      0.06683587140439932,
      0.19712351945854484,
      0.0,
      0.0,
      0.0008460236886632825,
      0.0008460236886632825,
      0.004230118443316413,
      0.007614213197969543,
      0.0,
      0.02961082910321489,
      0.011844331641285956,
      0.005076142131979695,
      0.0194585448392555,
      0.038917089678511,
      0.01353637901861252,
      0.010998307952622674,
      0.021996615905245348,
      0.030456852791878174,
      0.12351945854483926,
      0.0829103214890017,
      0.011844331641285956,
      0.025380710659898477,
      0.004230118443316413,
      0.011844331641285956,
      0.016074450084602367,
      0.031302876480541454,
      0.01015228426395939,
      0.0,
      0.0,
      0.0,
      0.0,
      0.0,
      0.005922165820642978,
      0.0,
      0.0
    ],
    [
      0.0025380710659898475,
      0.0,
      0.0025380710659898475,
      0.00338409475465313,
      0.02622673434856176,
      0.028764805414551606,
      0.06429780033840947,
      0.024534686971235193,
      0.005076142131979695,
      0.20135363790186125,
      1.0,
      0.06514382402707276,
      0.13959390862944163,
      0.00338409475465313,
      0.0008460236886632825,
      0.001692047377326565,
      0.0,
      0.017766497461928935,
      0.01692047377326565,
      0.0025380710659898475,
      0.04145516074450085,
      0.016074450084602367,
      0.01015228426395939,
      0.024534686971235193,
      0.05414551607445008,
      0.021150592216582064,
      0.021996615905245348,
      0.03299492385786802,
      0.03553299492385787,
      0.12013536379018612,
      0.08714043993231811,
      0.016074450084602367,
      0.030456852791878174,
      0.00676818950930626,
      0.01353637901861252,
      0.0194585448392555,
      0.03468697123519458,
      0.01015228426395939,
      0.0,
      0.0,
      0.0008460236886632825,
      0.0,
      0.0,
      0.001692047377326565,
      0.0008460236886632825,
      0.0008460236886632825
    ],
    [
      0.007614213197969543,
      0.0194585448392555,
      0.00338409475465313,
      0.014382402707275803,
      0.08883248730964467,
      0.06345177664974619,
      0.17428087986463622,
      0.07106598984771574,
      0.009306260575296108,
      0.06683587140439932,
      0.06514382402707276,
      1.0,
      0.0727580372250423,
      0.005076142131979695,
      0.01353637901861252,
      0.004230118443316413,
      0.017766497461928935,
      0.011844331641285956,
      0.03299492385786802,
      0.0025380710659898475,
      0.043993231810490696,
      0.027918781725888325,
      0.04145516074450085,
      0.08206429780033841,
      0.08206429780033841,
      0.028764805414551606,
      0.02707275803722504,
      0.04314720812182741,
      0.03553299492385787,
      0.08037225042301184,
      0.06260575296108291,
      0.03553299492385787,
      0.07529610829103214,
      0.043993231810490696,
      0.047377326565143825,
      0.08206429780033841,
      0.08460236886632826,
      0.04568527918781726,
      0.004230118443316413,
      0.00676818950930626,
      0.009306260575296108,
      0.005922165820642978,
      0.008460236886632826,
      0.00676818950930626,
      0.005922165820642978,
      0.018612521150592216
    ],
    [
      0.008460236886632826,
      0.01015228426395939,
      0.00338409475465313,
      0.010998307952622674,
      0.04483925549915398,
      0.08629441624365482,
      0.11590524534686972,
      0.09729272419627749,
      0.00676818950930626,
      0.19712351945854484,
      0.13959390862944163,
      0.0727580372250423,
      1.0,
      0.00338409475465313,
      0.01353637901861252,
      0.004230118443316413,
      0.01015228426395939,
      0.011844331641285956,
      0.04145516074450085,
      0.005922165820642978,
      0.031302876480541454,
      0.01353637901861252,
      0.048223350253807105,
      0.05668358714043993,
      0.07529610829103214,
      0.009306260575296108,
      0.010998307952622674,
      0.025380710659898477,
      0.04568527918781726,
      0.18274111675126903,
      0.1446700507614213,
      0.0676818950930626,
      0.05922165820642978,
      0.0532994923857868,
      0.06514382402707276,
      0.048223350253807105,
      0.06429780033840947,
      0.05752961082910321,
      0.005922165820642978,
      0.014382402707275803,
      0.010998307952622674,
      0.01015228426395939,
      0.012690355329949238,
      0.010998307952622674,
      0.005076142131979695,
      0.021150592216582064
    ],
    [
      0.5296108291032149,
      0.37055837563451777,
      0.47292724196277497,
      0.33671742808798644,
      0.36125211505922167,
      0.010998307952622674,
      0.01015228426395939,
      0.00676818950930626,
      0.40947546531302875,
      0.0,
      0.00338409475465313,
      0.005076142131979695,
      0.00338409475465313,
      1.0,
      0.6218274111675127,
      0.6988155668358714,
      0.505922165820643,
      0.07868020304568528,
      0.031302876480541454,
      0.5846023688663282,
      0.0,
      0.001692047377326565,
      0.00676818950930626,
      0.008460236886632826,
      0.005922165820642978,
      0.0008460236886632825,
      0.0,
      0.001692047377326565,
      0.0025380710659898475,
      0.005922165820642978,
      0.005076142131979695,
      0.005922165820642978,
      0.005922165820642978,
      0.004230118443316413,
      0.00338409475465313,
      0.00338409475465313,
      0.007614213197969543,
      0.00676818950930626,
      0.001692047377326565,
      0.0025380710659898475,
      0.0025380710659898475,
      0.0008460236886632825,
      0.0025380710659898475,
      0.0008460236886632825,
      0.0008460236886632825,
      0.00338409475465313
    ],
    [
      0.3934010152284264,
      0.5296108291032149,
      0.3401015228426396,
      0.42978003384094754,
      0.2927241962774958,
      0.06345177664974619,
      0.04568527918781726,
      0.06429780033840947,
      0.31049069373942473,
      0.0,
      0.0008460236886632825,
      0.01353637901861252,
      0.01353637901861252,
      0.6218274111675127,
      1.0,
      0.5558375634517766,
      0.676818950930626,
      0.0727580372250423,
      0.03468697123519458,
      0.44416243654822335,
      0.0025380710659898475,
      0.005922165820642978,
      0.04230118443316413,
      0.01692047377326565,
      0.017766497461928935,
      0.00338409475465313,
      0.001692047377326565,
      0.004230118443316413,
      0.005076142131979695,
      0.0532994923857868,
      0.048223350253807105,
      0.02622673434856176,
      0.03976311336717428,
      0.025380710659898477,
      0.02707275803722504,
      0.03553299492385787,
      0.030456852791878174,
      0.03468697123519458,
      0.001692047377326565,
      0.001692047377326565,
      0.001692047377326565,
      0.0,
      0.0,
      0.0008460236886632825,
      0.0008460236886632825,
      0.005076142131979695
    ],
    [
      0.5050761421319797,
      0.35194585448392557,
      0.4619289340101523,
      0.33079526226734346,
      0.3536379018612521,
      0.00676818950930626,
      0.007614213197969543,
      0.005922165820642978,
      0.43485617597292725,
      0.0008460236886632825,
      0.001692047377326565,
      0.004230118443316413,
      0.004230118443316413,
      0.6988155668358714,
      0.5558375634517766,
      1.0,
      0.571912013536379,
      0.07191201353637902,
      0.027918781725888325,
      0.5812182741116751,
      0.0025380710659898475,
      0.001692047377326565,
      0.005922165820642978,
      0.00676818950930626,
      0.005076142131979695,
      0.0008460236886632825,
      0.0,
      0.0008460236886632825,
      0.00338409475465313,
      0.008460236886632826,
      0.00676818950930626,
      0.005922165820642978,
      0.00676818950930626,
      0.00676818950930626,
      0.005076142131979695,
      0.0025380710659898475,
      0.007614213197969543,
      0.007614213197969543,
      0.0008460236886632825,
      0.001692047377326565,
      0.001692047377326565,
      0.001692047377326565,
      0.0,
      0.0008460236886632825,
      0.0008460236886632825,
      0.004230118443316413
    ],
    [
      0.35617597292724196,
      0.5,
      0.32148900169204736,
      0.42554991539763115,
      0.29018612521150594,
      0.06598984771573604,
      0.046531302876480544,
      0.07106598984771574,
      0.3257191201353638,
      0.0008460236886632825,
      0.0,
      0.017766497461928935,
      0.01015228426395939,
      0.505922165820643,
      0.676818950930626,
      0.571912013536379,
      1.0,
      0.06937394247038917,
      0.031302876480541454,
      0.42216582064297803,
      0.0025380710659898475,
      0.005076142131979695,
      0.048223350253807105,
      0.02622673434856176,
      0.02707275803722504,
      0.001692047377326565,
      0.001692047377326565,
      0.00338409475465313,
      0.005076142131979695,
      0.05922165820642978,
      0.0532994923857868,
      0.025380710659898477,
      0.04145516074450085,
      0.03468697123519458,
      0.0338409475465313,
      0.038917089678511,
      0.03807106598984772,
      0.04145516074450085,
      0.0,
      0.0008460236886632825,
      0.0008460236886632825,
      0.0008460236886632825,
      0.0008460236886632825,
      0.0,
      0.0,
      0.005076142131979695
    ],
    [
      0.07360406091370558,
      0.06345177664974619,
      0.06260575296108291,
      0.05414551607445008,
      0.09560067681895093,
      0.01692047377326565,
      0.00676818950930626,
      0.004230118443316413,
      0.08121827411167512,
      0.004230118443316413,
      0.017766497461928935,
      0.011844331641285956,
      0.011844331641285956,
      0.07868020304568528,
      0.0727580372250423,
      0.07191201353637902,
      0.06937394247038917,
      1.0,
      0.04483925549915398,
      0.0922165820642978,
      0.012690355329949238,
      0.024534686971235193,
      0.005076142131979695,
      0.008460236886632826,
      0.014382402707275803,
      0.0194585448392555,
      0.02030456852791878,
      0.021996615905245348,
      0.017766497461928935,
      0.00338409475465313,
      0.0025380710659898475,
      0.009306260575296108,
      0.00676818950930626,
      0.00338409475465313,
      0.007614213197969543,
      0.01015228426395939,
      0.004230118443316413,
      0.005076142131979695,
      0.005076142131979695,
      0.004230118443316413,
      0.0025380710659898475,
      0.0,
      0.0,
      0.0008460236886632825,
      0.0008460236886632825,
      0.0
    ],
    [
      0.02961082910321489,
      0.02622673434856176,
      0.02961082910321489,
      0.02284263959390863,
      0.06429780033840947,
      0.046531302876480544,
      0.04483925549915398,
      0.04230118443316413,
      0.028764805414551606,
      0.007614213197969543,
      0.01692047377326565,
      0.03299492385786802,
      0.04145516074450085,
      0.031302876480541454,
      0.03468697123519458,
      0.027918781725888325,
      0.031302876480541454,
      0.04483925549915398,
      1.0,
      0.031302876480541454,
      0.023688663282571912,
      0.011844331641285956,
      0.028764805414551606,
      0.03553299492385787,
      0.04314720812182741,
      0.01015228426395939,
      0.00676818950930626,
      0.014382402707275803,
      0.021150592216582064,
      0.038917089678511,
      0.04145516074450085,
      0.025380710659898477,
      0.051607445008460234,
      0.023688663282571912,
      0.03637901861252115,
      0.0338409475465313,
      0.03553299492385787,
      0.021150592216582064,
      0.004230118443316413,
      0.001692047377326565,
      0.001692047377326565,
      0.0,
      0.0008460236886632825,
      0.001692047377326565,
      0.00338409475465313,
      0.005922165820642978
    ],
    [
      0.5854483925549916,
      0.4196277495769882,
      0.5016920473773265,
      0.3663282571912014,
      0.40186125211505924,
      0.010998307952622674,
      0.005922165820642978,
      0.00676818950930626,
      0.45854483925549916,
      0.0,
      0.0025380710659898475,
      0.0025380710659898475,
      0.005922165820642978,
      0.5846023688663282,
      0.44416243654822335,
      0.5812182741116751,
      0.42216582064297803,
      0.0922165820642978,
      0.031302876480541454,
      1.0,
      0.001692047377326565,
      0.001692047377326565,
      0.004230118443316413,
      0.00338409475465313,
      0.004230118443316413,
      0.0,
      0.0008460236886632825,
      0.001692047377326565,
      0.0025380710659898475,
      0.00338409475465313,
      0.00338409475465313,
      0.005076142131979695,
      0.00676818950930626,
      0.005922165820642978,
      0.005076142131979695,
      0.004230118443316413,
      0.005076142131979695,
      0.005076142131979695,
      0.001692047377326565,
      0.00338409475465313,
      0.0025380710659898475,
      0.001692047377326565,
      0.0025380710659898475,
      0.001692047377326565,
      0.001692047377326565,
      0.00338409475465313
    ],
    [
      0.00676818950930626,
      0.004230118443316413,
      0.00338409475465313,
      0.004230118443316413,
      0.016074450084602367,
      0.018612521150592216,
      0.031302876480541454,
      0.021150592216582064,
      0.00338409475465313,
      0.02961082910321489,
      0.04145516074450085,
      0.043993231810490696,
      0.031302876480541454,
      0.0,
      0.0025380710659898475,
      0.0025380710659898475,
      0.0025380710659898475,
      0.012690355329949238,
      0.023688663282571912,
      0.001692047377326565,
      1.0,
      0.08037225042301184,
      0.02622673434856176,
      0.03299492385786802,
      0.04483925549915398,
      0.12013536379018612,
      0.08883248730964467,
      0.17766497461928935,
      0.28426395939086296,
      0.024534686971235193,
      0.017766497461928935,
      0.0194585448392555,
      0.03637901861252115,
      0.02622673434856176,
      0.0194585448392555,
      0.021996615905245348,
      0.024534686971235193,
      0.025380710659898477,
      0.007614213197969543,
      0.00338409475465313,
      0.001692047377326565,
      0.0,
      0.001692047377326565,
      0.001692047377326565,
      0.0008460236886632825,
      0.005922165820642978
    ],
    [
      0.005922165820642978,
      0.005922165820642978,
      0.001692047377326565,
      0.007614213197969543,
      0.011844331641285956,
      0.024534686971235193,
      0.021996615905245348,
      0.028764805414551606,
      0.005076142131979695,
      0.011844331641285956,
      0.016074450084602367,
      0.027918781725888325,
      0.01353637901861252,
      0.001692047377326565,
      0.005922165820642978,
      0.001692047377326565,
      0.005076142131979695,
      0.024534686971235193,
      0.011844331641285956,
      0.001692047377326565,
      0.08037225042301184,
      1.0,
      0.012690355329949238,
      0.015228426395939087,
      0.023688663282571912,
      0.07191201353637902,
      0.15905245346869712,
      0.16159052453468697,
      0.08121827411167512,
      0.027918781725888325,
      0.02707275803722504,
      0.018612521150592216,
      0.01692047377326565,
      0.015228426395939087,
      0.0194585448392555,
      0.014382402707275803,
      0.014382402707275803,
      0.018612521150592216,
      0.005076142131979695,
      0.0008460236886632825,
      0.0025380710659898475,
      0.001692047377326565,
      0.0008460236886632825,
      0.004230118443316413,
      0.00338409475465313,
      0.005076142131979695
    ],
    [
      0.009306260575296108,
      0.03468697123519458,
      0.0008460236886632825,
      0.03553299492385787,
      0.06091370558375635,
      0.13790186125211507,
      0.11505922165820642,
      0.15397631133671744,
      0.00338409475465313,
      0.005076142131979695,
      0.01015228426395939,
      0.04145516074450085,
      0.048223350253807105,
      0.00676818950930626,
      0.04230118443316413,
      0.005922165820642978,
      0.048223350253807105,
      0.005076142131979695,
      0.028764805414551606,
      0.004230118443316413,
      0.02622673434856176,
      0.012690355329949238,
      1.0,
      0.13028764805414553,
      0.12013536379018612,
      0.01692047377326565,
      0.01353637901861252,
      0.021150592216582064,
      0.025380710659898477,
      0.13705583756345177,
      0.13705583756345177,
      0.12098138747884941,
      0.1353637901861252,
      0.12013536379018612,
      0.11505922165820642,
      0.1412859560067682,
      0.1311336717428088,
      0.11336717428087986,
      0.005922165820642978,
      0.01015228426395939,
      0.011844331641285956,
      0.010998307952622674,
      0.02030456852791878,
      0.0008460236886632825,
      0.004230118443316413,
      0.014382402707275803
    ],
    [
      0.007614213197969543,
      0.01692047377326565,
      0.004230118443316413,
      0.023688663282571912,
      0.0532994923857868,
      0.10998307952622674,
      0.12859560067681894,
      0.12351945854483926,
      0.004230118443316413,
      0.0194585448392555,
      0.024534686971235193,
      0.08206429780033841,
      0.05668358714043993,
      0.008460236886632826,
      0.01692047377326565,
      0.00676818950930626,
      0.02622673434856176,
      0.008460236886632826,
      0.03553299492385787,
      0.00338409475465313,
      0.03299492385786802,
      0.015228426395939087,
      0.13028764805414553,
      1.0,
      0.23688663282571912,
      0.015228426395939087,
      0.016074450084602367,
      0.024534686971235193,
      0.02622673434856176,
      0.11421319796954314,
      0.11928934010152284,
      0.13367174280879865,
      0.14890016920473773,
      0.10575296108291032,
      0.11252115059221658,
      0.12013536379018612,
      0.24957698815566837,
      0.13028764805414553,
      0.00338409475465313,
      0.016074450084602367,
      0.011844331641285956,
      0.01353637901861252,
      0.012690355329949238,
      0.00338409475465313,
      0.007614213197969543,
      0.021996615905245348
    ],
    [
      0.007614213197969543,
      0.02030456852791878,
      0.0025380710659898475,
      0.018612521150592216,
      0.05922165820642978,
      0.11421319796954314,
      0.1319796954314721,
      0.13028764805414553,
      0.005076142131979695,
      0.038917089678511,
      0.05414551607445008,
      0.08206429780033841,
      0.07529610829103214,
      0.005922165820642978,
      0.017766497461928935,
      0.005076142131979695,
      0.02707275803722504,
      0.014382402707275803,
      0.04314720812182741,
      0.004230118443316413,
      0.04483925549915398,
      0.023688663282571912,
      0.12013536379018612,
      0.23688663282571912,
      1.0,
      0.02961082910321489,
      0.0338409475465313,
      0.04230118443316413,
      0.049069373942470386,
      0.14213197969543148,
      0.1404399323181049,
      0.11505922165820642,
      0.16751269035532995,
      0.10913705583756345,
      0.13790186125211507,
      0.11759729272419628,
      0.233502538071066,
      0.15651438240270726,
      0.005076142131979695,
      0.009306260575296108,
      0.007614213197969543,
      0.00676818950930626,
      0.009306260575296108,
      0.001692047377326565,
      0.005922165820642978,
      0.02707275803722504
    ],
    [
      0.00338409475465313,
      0.0008460236886632825,
      0.0008460236886632825,
      0.0025380710659898475,
      0.008460236886632826,
      0.00338409475465313,
      0.014382402707275803,
      0.0025380710659898475,
      0.001692047377326565,
      0.01353637901861252,
      0.021150592216582064,
      0.028764805414551606,
      0.009306260575296108,
      0.0008460236886632825,
      0.00338409475465313,
      0.0008460236886632825,
      0.001692047377326565,
      0.0194585448392555,
      0.01015228426395939,
      0.0,
      0.12013536379018612,
      0.07191201353637902,
      0.01692047377326565,
      0.015228426395939087,
      0.02961082910321489,
      1.0,
      0.18697123519458544,
      0.08883248730964467,
      0.08544839255499154,
      0.008460236886632826,
      0.00676818950930626,
      0.007614213197969543,
      0.02030456852791878,
      0.00676818950930626,
      0.008460236886632826,
      0.017766497461928935,
      0.012690355329949238,
      0.007614213197969543,
      0.001692047377326565,
      0.001692047377326565,
      0.0008460236886632825,
      0.0,
      0.0,
      0.005076142131979695,
      0.001692047377326565,
      0.001692047377326565
    ],
    [
      0.00338409475465313,
      0.00338409475465313,
      0.0,
      0.004230118443316413,
      0.007614213197969543,
      0.02030456852791878,
      0.02030456852791878,
      0.0194585448392555,
      0.0025380710659898475,
      0.010998307952622674,
      0.021996615905245348,
      0.02707275803722504,
      0.010998307952622674,
      0.0,
      0.001692047377326565,
      0.0,
      0.001692047377326565,
      0.02030456852791878,
      0.00676818950930626,
      0.0008460236886632825,
      0.08883248730964467,
      0.15905245346869712,
      0.01353637901861252,
      0.016074450084602367,
      0.0338409475465313,
      0.18697123519458544,
      1.0,
      0.13028764805414553,
      0.07106598984771574,
      0.02622673434856176,
      0.021996615905245348,
      0.010998307952622674,
      0.018612521150592216,
      0.01015228426395939,
      0.01353637901861252,
      0.01015228426395939,
      0.012690355329949238,
      0.016074450084602367,
      0.0008460236886632825,
      0.0008460236886632825,
      0.0,
      0.0,
      0.0,
      0.00338409475465313,
      0.0008460236886632825,
      0.001692047377326565
    ],
    [
      0.005922165820642978,
      0.004230118443316413,
      0.00338409475465313,
      0.007614213197969543,
      0.01692047377326565,
      0.024534686971235193,
      0.02961082910321489,
      0.02622673434856176,
      0.005076142131979695,
      0.021996615905245348,
      0.03299492385786802,
      0.04314720812182741,
      0.025380710659898477,
      0.001692047377326565,
      0.004230118443316413,
      0.0008460236886632825,
      0.00338409475465313,
      0.021996615905245348,
      0.014382402707275803,
      0.001692047377326565,
      0.17766497461928935,
      0.16159052453468697,
      0.021150592216582064,
      0.024534686971235193,
      0.04230118443316413,
      0.08883248730964467,
      0.13028764805414553,
      1.0,
      0.19373942470389172,
      0.0338409475465313,
      0.028764805414551606,
      0.02622673434856176,
      0.02707275803722504,
      0.021150592216582064,
      0.021150592216582064,
      0.031302876480541454,
      0.030456852791878174,
      0.030456852791878174,
      0.005922165820642978,
      0.00676818950930626,
      0.00338409475465313,
      0.001692047377326565,
      0.001692047377326565,
      0.0008460236886632825,
      0.0025380710659898475,
      0.0008460236886632825
    ],
    [
      0.004230118443316413,
      0.00338409475465313,
      0.0025380710659898475,
      0.008460236886632826,
      0.021150592216582064,
      0.04145516074450085,
      0.03722504230118443,
      0.03976311336717428,
      0.0025380710659898475,
      0.030456852791878174,
      0.03553299492385787,
      0.03553299492385787,
      0.04568527918781726,
      0.0025380710659898475,
      0.005076142131979695,
      0.00338409475465313,
      0.005076142131979695,
      0.017766497461928935,
      0.021150592216582064,
      0.0025380710659898475,
      0.28426395939086296,
      0.08121827411167512,
      0.025380710659898477,
      0.02622673434856176,
      0.049069373942470386,
      0.08544839255499154,
      0.07106598984771574,
      0.19373942470389172,
      1.0,
      0.04991539763113367,
      0.04483925549915398,
      0.024534686971235193,
      0.04314720812182741,
      0.030456852791878174,
      0.03807106598984772,
      0.025380710659898477,
      0.03637901861252115,
      0.04483925549915398,
      0.008460236886632826,
      0.007614213197969543,
      0.00676818950930626,
      0.00338409475465313,
      0.0008460236886632825,
      0.005922165820642978,
      0.00338409475465313,
      0.005922165820642978
    ],
    [
      0.007614213197969543,
      0.04314720812182741,
      0.00676818950930626,
      0.03722504230118443,
      0.11421319796954314,
      0.35109983079526225,
      0.2521150592216582,
      0.3637901861252115,
      0.004230118443316413,
      0.12351945854483926,
      0.12013536379018612,
      0.08037225042301184,
      0.18274111675126903,
      0.005922165820642978,
      0.0532994923857868,
      0.008460236886632826,
      0.05922165820642978,
      0.00338409475465313,
      0.038917089678511,
      0.00338409475465313,
      0.024534686971235193,
      0.027918781725888325,
      0.13705583756345177,
      0.11421319796954314,
      0.14213197969543148,
      0.008460236886632826,
      0.02622673434856176,
      0.0338409475465313,
      0.04991539763113367,
      1.0,
      0.5406091370558376,
      0.1260575296108291,
      0.16074450084602368,
      0.11844331641285956,
      0.13959390862944163,
      0.11252115059221658,
      0.13790186125211507,
      0.1353637901861252,
      0.00676818950930626,
      0.00676818950930626,
      0.00676818950930626,
      0.005076142131979695,
      0.007614213197969543,
      0.0025380710659898475,
      0.0025380710659898475,
      0.021150592216582064
    ],
    [
      0.005076142131979695,
      0.04060913705583756,
      0.004230118443316413,
      0.03722504230118443,
      0.10913705583756345,
      0.3544839255499154,
      0.23604060913705585,
      0.37817258883248733,
      0.00338409475465313,
      0.0829103214890017,
      0.08714043993231811,
      0.06260575296108291,
      0.1446700507614213,
      0.005076142131979695,
      0.048223350253807105,
      0.00676818950930626,
      0.0532994923857868,
      0.0025380710659898475,
      0.04145516074450085,
      0.00338409475465313,
      0.017766497461928935,
      0.02707275803722504,
      0.13705583756345177,
      0.11928934010152284,
      0.1404399323181049,
      0.00676818950930626,
      0.021996615905245348,
      0.028764805414551606,
      0.04483925549915398,
      0.5406091370558376,
      1.0,
      0.12944162436548223,
      0.16328257191201354,
      0.13028764805414553,
      0.1455160744500846,
      0.1218274111675127,
      0.1455160744500846,
      0.1412859560067682,
      0.005076142131979695,
      0.005922165820642978,
      0.005076142131979695,
      0.005076142131979695,
      0.007614213197969543,
      0.0008460236886632825,
      0.001692047377326565,
      0.021996615905245348
    ],
    [
      0.01015228426395939,
      0.021150592216582064,
      0.005922165820642978,
      0.02284263959390863,
      0.050761421319796954,
      0.11759729272419628,
      0.11928934010152284,
      0.12944162436548223,
      0.005076142131979695,
      0.011844331641285956,
      0.016074450084602367,
      0.03553299492385787,
      0.0676818950930626,
      0.005922165820642978,
      0.02622673434856176,
      0.005922165820642978,
      0.025380710659898477,
      0.009306260575296108,
      0.025380710659898477,
      0.005076142131979695,
      0.0194585448392555,
      0.018612521150592216,
      0.12098138747884941,
