{
  "model": "Qwen/Qwen2.5-72B-Instruct",
  "sign": "positive",
  "percentage": 5.0,
  "component": "neurons",
  "tasks": [
    "MD/add_sub_2op_symbolic",
    "MD/add_sub_2op_verbal",
    "MD/add_sub_3op_symbolic",
    "MD/add_sub_3op_verbal",
    "MD/code_A",
    "MD/code_B",
    "MD/code_conditional",
    "MD/code_list",
    "MD/code_loop",
    "MD/logic_propositional_1",
    "MD/logic_propositional_symbolic",
    "MD/logic_syllogism_1",
    "MD/logic_syllogism_symbolic",
    "MD/mul_div_2op_symbolic",
    "MD/mul_div_2op_verbal",
    "MD/mul_div_3op_symbolic",
    "MD/mul_div_3op_verbal",
    "MD/number_sequence",
    "MD/number_sorting",
    "MD/simple_equation",
    "ToM/agent",
    "ToM/desires_goals",
    "ToM/emotion_fewshot",
    "ToM/norm_appropriate",
    "ToM/norm_moral",
    "ToM/primary_emotions",
    "ToM/secondary_emotions",
    "ToM/social_interactions",
    "ToM/social_relations",
    "phys/phys_newton",
    "phys/phys_prost",
    "phys/physics_brightness",
    "phys/physics_buoyancy",
    "phys/physics_elasticity",
    "phys/physics_solubility",
    "phys/physics_speed",
    "phys/physics_stability",
    "phys/physics_temperature",
    "Lan/anaphor_gender_agreement",
    "Lan/det_noun_agreement_irregular",
    "Lan/det_noun_agreement_regular",
    "Lan/det_noun_agreement_with_adjective",
    "Lan/hypernymy",
    "Lan/npi",
    "Lan/subject_verb_agreement",
    "Lan/wug"
  ],
  "overlap_matrix": [
    [
      1.0,
      0.25369487283549785,
      0.2800662878787879,
      0.22318046536796537,
      0.20189055735930736,
      0.16982041396103897,
      0.15441524621212122,
      0.16229538690476192,
      0.21667850378787878,
      0.05005411255411255,
      0.054915787337662336,
      0.1422483766233766,
      0.1457826028138528,
      0.2733106737012987,
      0.22163318452380953,
      0.25614684794372294,
      0.21967160443722944,
      0.041599025974025976,
      0.16276887175324675,
      0.2552844291125541,
      0.10046333874458875,
      0.046333874458874456,
      0.19010416666666666,
      0.1755360524891775,
      0.1716128923160173,
      0.057342397186147184,
      0.0446682224025974,
      0.08034023268398269,
      0.08318114177489178,
      0.10725277326839827,
      0.1328716856060606,
      0.17461444805194806,
      0.17463135822510822,
      0.18204646915584416,
      0.16820549242424243,
      0.18058373917748918,
      0.1793154761904762,
      0.18071056547619047,
      0.033482142857142856,
      0.058509199134199136,
      0.05947307900432901,
      0.08226799242424243,
      0.1273927895021645,
      0.07400737283549784,
      0.08330796807359307,
      0.1345119724025974
    ],
    [
      0.25369487283549785,
      1.0,
      0.2200774485930736,
      0.27971117424242425,
      0.19225175865800867,
      0.1780472132034632,
      0.16206709956709955,
      0.16937229437229437,
      0.19261532738095238,
      0.06053841991341991,
      0.0629988501082251,
      0.1477949134199134,
      0.14885179924242425,
      0.2155455221861472,
      0.2695143398268398,
      0.21476765422077923,
      0.25797314664502163,
      0.04426237824675325,
      0.15533685064935066,
      0.21689833603896103,
      0.10962019751082251,
      0.05232007575757576,
      0.1869250541125541,
      0.1757305194805195,
      0.1717481737012987,
      0.06286356872294373,
      0.052709009740259744,
      0.08712121212121213,
      0.09159395292207792,
      0.1196394751082251,
      0.14498782467532467,
      0.17230620941558442,
      0.17501183712121213,
      0.18129396645021645,
      0.16869588744588745,
      0.17901109307359309,
      0.18033854166666666,
      0.1820211038961039,
      0.03694027326839827,
      0.06233089826839827,
      0.06233089826839827,
      0.08422111742424243,
      0.1250507305194805,
      0.07837865259740259,
      0.08548938041125541,
      0.1390438988095238
    ],
    [
      0.2800662878787879,
      0.2200774485930736,
      1.0,
      0.23096760010822512,
      0.19125405844155843,
      0.16440915854978355,
      0.15351055194805194,
      0.16133150703463203,
      0.20857853084415584,
      0.048337729978354976,
      0.053579883658008656,
      0.14514847132034633,
      0.14381256764069264,
      0.24076704545454544,
      0.20984679383116883,
      0.24390388257575757,
      0.2115716314935065,
      0.03891030844155844,
      0.16796875,
      0.2275686553030303,
      0.10595068993506493,
      0.045040246212121215,
      0.1835261093073593,
      0.17102103625541126,
      0.1711732278138528,
      0.0577736066017316,
      0.04359442640692641,
      0.08483833874458875,
      0.08647862554112554,
      0.10803909632034632,
      0.13480790043290045,
      0.17139306006493507,
      0.17360829274891776,
      0.17725243506493507,
      0.16384266774891776,
      0.17693959686147187,
      0.17341382575757575,
      0.17681277056277056,
      0.034057088744588744,
      0.05896577380952381,
      0.0594138933982684,
      0.08067843614718614,
      0.12122903138528139,
      0.07738095238095238,
      0.0864363501082251,
      0.1328125
    ],
    [
      0.22318046536796537,
      0.27971117424242425,
      0.23096760010822512,
      1.0,
      0.18508184523809523,
      0.1682224025974026,
      0.15710396374458874,
      0.1633015422077922,
      0.18998579545454544,
      0.059396983225108224,
      0.062009604978354976,
      0.14721996753246752,
      0.1451738365800866,
      0.20736945346320346,
      0.24529051677489178,
      0.2125608766233766,
      0.24816524621212122,
      0.04341686958874459,
      0.15879498106060605,
      0.20683678300865802,
      0.11026278409090909,
      0.05267518939393939,
      0.1816490800865801,
      0.17037844967532467,
      0.1693469291125541,
      0.06294811958874459,
      0.052049512987012984,
      0.08752705627705627,
      0.09128111471861472,
      0.11539502164502165,
      0.13812229437229437,
      0.1698626893939394,
      0.1735660173160173,
      0.17637310606060605,
      0.16582115800865802,
      0.17549377705627706,
      0.1757305194805195,
      0.1757897050865801,
      0.03633996212121212,
      0.06267755681818182,
      0.06421638257575757,
      0.08462696158008658,
      0.12234510281385282,
      0.07891132305194805,
      0.08582758387445888,
      0.13424140963203463
    ],
    [
      0.20189055735930736,
      0.19225175865800867,
      0.19125405844155843,
      0.18508184523809523,
      1.0,
      0.2242880817099567,
      0.4779660443722944,
      0.2126285173160173,
      0.32173295454545453,
      0.08896442099567099,
      0.08863467261904762,
      0.18593580898268397,
      0.16338609307359309,
      0.19647084686147187,
      0.1864346590909091,
      0.20049546807359309,
      0.19018026244588745,
      0.046021036255411256,
      0.15833840638528138,
      0.2067860524891775,
      0.12863568722943722,
      0.058619115259740256,
      0.17454680735930736,
      0.1739549512987013,
      0.1747666396103896,
      0.06888359036796536,
      0.059075689935064936,
      0.10265320616883117,
      0.10598451028138528,
      0.15913318452380953,
      0.18174208603896103,
      0.16735998376623376,
      0.1750202922077922,
      0.1708096590909091,
      0.16371584145021645,
      0.17589116612554112,
      0.17724397997835498,
      0.1706236471861472,
      0.03947679924242424,
      0.06280438311688312,
      0.06304958062770563,
      0.08162540584415584,
      0.11169169372294373,
      0.08509199134199134,
      0.08213271103896104,
      0.14098011363636365
    ],
    [
      0.16982041396103897,
      0.1780472132034632,
      0.16440915854978355,
      0.1682224025974026,
      0.2242880817099567,
      1.0,
      0.24948423971861472,
      0.45535714285714285,
      0.16323390151515152,
      0.08832183441558442,
      0.08581912878787878,
      0.1587780708874459,
      0.16240530303030304,
      0.1657027867965368,
      0.17202719155844157,
      0.16112858495670995,
      0.17165516774891776,
      0.0443553841991342,
      0.14953666125541126,
      0.16768973214285715,
      0.13126521915584416,
      0.060513054653679656,
      0.16957521645021645,
      0.16851833062770563,
      0.16990496482683984,
      0.06820718344155845,
      0.059177150974025976,
      0.10572240259740259,
      0.11047416125541125,
      0.18345001352813853,
      0.20351393398268397,
      0.16383421266233766,
      0.17555296266233766,
      0.16964285714285715,
      0.16464590097402598,
      0.1699134199134199,
      0.17106331168831168,
      0.1728304247835498,
      0.04133691829004329,
      0.06830018939393939,
      0.07125101461038962,
      0.09145021645021645,
      0.12305533008658008,
      0.08626724837662338,
      0.08325723755411256,
      0.15352746212121213
    ],
    [
      0.15441524621212122,
      0.16206709956709955,
      0.15351055194805194,
      0.15710396374458874,
      0.4779660443722944,
      0.24948423971861472,
      1.0,
      0.2394734172077922,
      0.15369656385281386,
      0.10639035443722944,
      0.09945718344155845,
      0.1962510146103896,
      0.16270123106060605,
      0.14858969155844157,
      0.155565137987013,
      0.14770190746753248,
      0.15464353354978355,
      0.04245298971861472,
      0.1429078733766234,
      0.15216619318181818,
      0.1402614312770563,
      0.06693892045454546,
      0.16098484848484848,
      0.16562669101731603,
      0.1673346185064935,
      0.07702583874458875,
      0.06891741071428571,
      0.11158177759740259,
      0.11657027867965368,
      0.17178199404761904,
      0.1900196158008658,
      0.15622463474025974,
      0.16776582792207792,
      0.15906554383116883,
      0.1556158685064935,
      0.1655759604978355,
      0.16787574404761904,
      0.15953902867965367,
      0.042934929653679656,
      0.06507034632034632,
      0.06625405844155845,
      0.08395900974025974,
      0.10685538419913419,
      0.0902242288961039,
      0.08013731060606061,
      0.13915381493506493
    ],
    [
      0.16229538690476192,
      0.16937229437229437,
      0.16133150703463203,
      0.1633015422077922,
      0.2126285173160173,
      0.45535714285714285,
      0.2394734172077922,
      1.0,
      0.1613484172077922,
      0.09328497023809523,
      0.08805972673160173,
      0.15933610660173161,
      0.15768736471861472,
      0.1593952922077922,
      0.16514475108225107,
      0.15929383116883117,
      0.1669034090909091,
      0.04267282196969697,
      0.1454866747835498,
      0.1594629329004329,
      0.1340046672077922,
      0.061603760822510824,
      0.16768973214285715,
      0.1649502840909091,
      0.16603253517316016,
      0.0706337932900433,
      0.06198423971861472,
      0.1069822104978355,
      0.11157332251082251,
      0.18595271915584416,
      0.20758928571428573,
      0.16121313582251082,
      0.1712324134199134,
      0.16542376893939395,
      0.15905708874458874,
      0.16262513528138528,
      0.16688649891774893,
      0.16930465367965367,
      0.04203023538961039,
      0.06665990259740259,
      0.06974600919913419,
      0.08877840909090909,
      0.12152495941558442,
      0.08669845779220779,
      0.08292748917748918,
      0.14816693722943722
    ],
    [
      0.21667850378787878,
      0.19261532738095238,
      0.20857853084415584,
      0.18998579545454544,
      0.32173295454545453,
      0.16323390151515152,
      0.15369656385281386,
      0.1613484172077922,
      1.0,
      0.05510179924242424,
      0.056623714826839824,
      0.14607853084415584,
      0.14207081980519481,
      0.22084686147186147,
      0.20027563582251082,
      0.23145799512987014,
      0.20683678300865802,
      0.036821902056277056,
      0.16662439123376624,
      0.2230198187229437,
      0.1028899485930736,
      0.04198795995670996,
      0.17410714285714285,
      0.16382575757575757,
      0.16611708603896103,
      0.05540618235930736,
      0.04064360119047619,
      0.08041632846320346,
      0.08289366883116883,
      0.10909598214285714,
      0.13536593614718614,
      0.1646374458874459,
      0.16683576839826839,
      0.16841686958874458,
      0.15677421536796537,
      0.16938074945887446,
      0.16582115800865802,
      0.16909327651515152,
      0.03356669372294372,
      0.057173295454545456,
      0.05773133116883117,
      0.07708502435064934,
      0.11795691287878787,
      0.07607041396103896,
      0.08386600378787878,
      0.12870332792207792
    ],
    [
      0.05005411255411255,
      0.06053841991341991,
      0.048337729978354976,
      0.059396983225108224,
      0.08896442099567099,
      0.08832183441558442,
      0.10639035443722944,
      0.09328497023809523,
      0.05510179924242424,
      1.0,
      0.206346387987013,
      0.11566558441558442,
      0.19294507575757575,
      0.03566355519480519,
      0.04230079816017316,
      0.027081642316017316,
      0.039696631493506496,
      0.08564157196969698,
      0.06368371212121213,
      0.045454545454545456,
      0.12943046536796537,
      0.11216517857142858,
      0.041150906385281384,
      0.058111810064935064,
      0.0640134604978355,
      0.11147186147186147,
      0.12116139069264069,
      0.11974093614718614,
      0.11948728354978355,
      0.1878212932900433,
      0.14279795725108224,
      0.060166396103896104,
      0.06406419101731602,
      0.053469967532467536,
      0.06403882575757576,
      0.0550003382034632,
      0.0589065882034632,
      0.05123782467532467,
      0.07288284632034632,
      0.07510653409090909,
      0.07605350378787878,
      0.07377063041125541,
      0.04760213744588745,
      0.10228963744588744,
      0.05628551136363636,
      0.0784378382034632
    ],
    [
      0.054915787337662336,
      0.0629988501082251,
      0.053579883658008656,
      0.062009604978354976,
      0.08863467261904762,
      0.08581912878787878,
      0.09945718344155845,
      0.08805972673160173,
      0.056623714826839824,
      0.206346387987013,
      1.0,
      0.10449641504329005,
      0.1256933170995671,
      0.042317708333333336,
      0.049217058982683984,
      0.03555363906926407,
      0.04786424512987013,
      0.10163859577922078,
      0.07061688311688312,
      0.050848890692640696,
      0.12300459956709957,
      0.11985930735930736,
      0.04852374188311688,
      0.0636414366883117,
      0.06994047619047619,
      0.11545420725108226,
      0.12455188041125541,
      0.12426440746753246,
      0.12097537878787878,
      0.15626691017316016,
      0.12494081439393939,
      0.06409801136363637,
      0.06683745941558442,
      0.05849228896103896,
      0.06763223755411256,
      0.06034395292207792,
      0.06315949675324675,
      0.055845846861471864,
      0.07726258116883117,
      0.07607041396103896,
      0.07546164772727272,
      0.07111573322510822,
      0.04979200487012987,
      0.09101055194805195,
      0.06045386904761905,
      0.07325487012987013
    ],
    [
      0.1422483766233766,
      0.1477949134199134,
      0.14514847132034633,
      0.14721996753246752,
      0.18593580898268397,
      0.1587780708874459,
      0.1962510146103896,
      0.15933610660173161,
      0.14607853084415584,
      0.11566558441558442,
      0.10449641504329005,
      1.0,
      0.14911390692640691,
      0.1376065340909091,
      0.1409378382034632,
      0.13865496482683984,
      0.14206236471861472,
      0.049217058982683984,
      0.1366680194805195,
      0.14073491612554112,
      0.147169237012987,
      0.07514035443722944,
      0.143846387987013,
      0.1571377840909091,
      0.15427996482683984,
      0.08507508116883117,
      0.07868303571428571,
      0.12009604978354978,
      0.12108529491341992,
      0.15479572510822512,
      0.16281960227272727,
      0.14276413690476192,
      0.15105857683982685,
      0.14336444805194806,
      0.13971185064935066,
      0.14841213474025974,
      0.15282568993506493,
      0.14109848484848486,
      0.04637614989177489,
      0.06646543560606061,
      0.06775060876623376,
      0.08292748917748918,
      0.09787608225108226,
      0.09446868235930736,
      0.07806581439393939,
      0.12766335227272727
    ],
    [
      0.1457826028138528,
      0.14885179924242425,
      0.14381256764069264,
      0.1451738365800866,
      0.16338609307359309,
      0.16240530303030304,
      0.16270123106060605,
      0.15768736471861472,
      0.14207081980519481,
      0.19294507575757575,
      0.1256933170995671,
      0.14911390692640691,
      1.0,
      0.14406622023809523,
      0.14300087932900432,
      0.14034598214285715,
      0.14354200487012986,
      0.04980045995670996,
      0.13152732683982685,
      0.1472368777056277,
      0.12248038419913419,
      0.06914569805194805,
      0.1465351055194805,
      0.14558813582251082,
      0.1474228896103896,
      0.07706811417748918,
      0.07192742153679654,
      0.10381155303030302,
      0.10655100108225109,
      0.17775128517316016,
      0.16989650974025974,
      0.14152969426406928,
      0.14809929653679654,
      0.14538521374458874,
      0.14054890422077923,
      0.14437060335497837,
      0.14803165584415584,
      0.14432832792207792,
      0.04472740800865801,
      0.06693892045454546,
      0.06706574675324675,
      0.08295285443722944,
      0.10490225919913419,
      0.08985220508658008,
      0.07671300054112554,
      0.1253804788961039
    ],
    [
      0.2733106737012987,
      0.2155455221861472,
      0.24076704545454544,
      0.20736945346320346,
      0.19647084686147187,
      0.1657027867965368,
      0.14858969155844157,
      0.1593952922077922,
      0.22084686147186147,
      0.03566355519480519,
      0.042317708333333336,
      0.1376065340909091,
      0.14406622023809523,
      1.0,
      0.25727137445887444,
      0.3110626352813853,
      0.23984544101731603,
      0.036627435064935064,
      0.16365665584415584,
      0.267578125,
      0.09050324675324675,
      0.039502164502164504,
      0.1968259604978355,
      0.1787320752164502,
      0.1731348079004329,
      0.049885010822510824,
      0.03788724296536797,
      0.07246854707792208,
      0.0748444264069264,
      0.09718276515151515,
      0.12687702922077923,
      0.17665212391774893,
      0.17801339285714285,
      0.18673058712121213,
      0.17012479707792208,
      0.1848451028138528,
      0.18093039772727273,
      0.18673058712121213,
      0.029668898809523808,
      0.057596049783549784,
      0.05709719967532467,
      0.08042478354978355,
      0.13214454816017315,
      0.06978828463203464,
      0.08591213474025974,
      0.13361573322510822
    ],
    [
      0.22163318452380953,
      0.2695143398268398,
      0.20984679383116883,
      0.24529051677489178,
      0.1864346590909091,
      0.17202719155844157,
      0.155565137987013,
      0.16514475108225107,
      0.20027563582251082,
      0.04230079816017316,
      0.049217058982683984,
      0.1409378382034632,
      0.14300087932900432,
      0.25727137445887444,
      1.0,
      0.24724364177489178,
      0.2982785443722944,
      0.038673566017316016,
      0.1617458062770563,
      0.22421198593073594,
      0.09810436958874459,
      0.04578429383116883,
      0.19290280032467533,
      0.1774130817099567,
      0.17228084415584416,
      0.056107954545454544,
      0.04334077380952381,
      0.07942708333333333,
      0.08163386093073594,
      0.10902834145021645,
      0.13742897727272727,
      0.17612790854978355,
      0.17832623106060605,
      0.18308644480519481,
      0.1706828327922078,
      0.18215638528138528,
      0.18104876893939395,
      0.18539468344155843,
      0.033786525974025976,
      0.06020021645021645,
      0.060783617424242424,
      0.08455086580086581,
      0.12937127976190477,
      0.07464995941558442,
      0.08605587121212122,
      0.1386042343073593
    ],
    [
      0.25614684794372294,
      0.21476765422077923,
      0.24390388257575757,
      0.2125608766233766,
      0.20049546807359309,
      0.16112858495670995,
      0.14770190746753248,
      0.15929383116883117,
      0.23145799512987014,
      0.027081642316017316,
      0.03555363906926407,
      0.13865496482683984,
      0.14034598214285715,
      0.3110626352813853,
      0.24724364177489178,
      1.0,
      0.2697172619047619,
      0.030370670995670996,
      0.17131696428571427,
      0.2663859577922078,
      0.09056243235930736,
      0.032670454545454544,
      0.19728253517316016,
      0.1786728896103896,
      0.17628855519480519,
      0.04667207792207792,
      0.03063277867965368,
      0.06884131493506493,
      0.07148775703463203,
      0.09215198863636363,
      0.12516910173160173,
      0.1805752840909091,
      0.17972132034632035,
      0.1868574134199134,
      0.17121550324675325,
      0.18745772456709955,
      0.18325554653679654,
      0.18943621482683984,
      0.028239989177489176,
      0.054712865259740256,
      0.05565983495670996,
      0.08032332251082251,
      0.13206845238095238,
      0.06850311147186147,
      0.08740868506493507,
      0.13238129058441558
    ],
    [
      0.21967160443722944,
      0.25797314664502163,
      0.2115716314935065,
      0.24816524621212122,
      0.19018026244588745,
      0.17165516774891776,
      0.15464353354978355,
      0.1669034090909091,
      0.20683678300865802,
      0.039696631493506496,
      0.04786424512987013,
      0.14206236471861472,
      0.14354200487012986,
      0.23984544101731603,
      0.2982785443722944,
      0.2697172619047619,
      1.0,
      0.037658955627705624,
      0.16555905032467533,
      0.22950487012987014,
      0.09889069264069264,
      0.043662067099567096,
      0.19603118235930736,
      0.17821631493506493,
      0.17599262716450217,
      0.055431547619047616,
      0.04185267857142857,
      0.07794744318181818,
      0.08145630411255411,
      0.10859713203463203,
      0.13643127705627706,
      0.17927320075757575,
      0.18129396645021645,
      0.18722943722943722,
      0.17232311958874458,
      0.18463372564935066,
      0.18310335497835498,
      0.18701806006493507,
      0.0323829816017316,
      0.05854301948051948,
      0.060056479978354976,
      0.08353625541125541,
      0.13006459686147187,
      0.072265625,
      0.08586985930735931,
      0.1377249053030303
    ],
    [
      0.041599025974025976,
      0.04426237824675325,
      0.03891030844155844,
      0.04341686958874459,
      0.046021036255411256,
      0.0443553841991342,
      0.04245298971861472,
      0.04267282196969697,
      0.036821902056277056,
      0.08564157196969698,
      0.10163859577922078,
      0.049217058982683984,
      0.04980045995670996,
      0.036627435064935064,
      0.038673566017316016,
      0.030370670995670996,
      0.037658955627705624,
      1.0,
      0.050755884740259744,
      0.03956135010822511,
      0.07911424512987013,
      0.12680938852813853,
      0.032763460497835496,
      0.03716856060606061,
      0.04030539772727273,
      0.11210599296536797,
      0.12284395292207792,
      0.10019277597402597,
      0.09625270562770563,
      0.05976900703463203,
      0.048811214826839824,
      0.044321563852813856,
      0.040423768939393936,
      0.0376758658008658,
      0.04595339556277056,
      0.040271577380952384,
      0.03617931547619048,
      0.03678808170995671,
      0.09134875541125541,
      0.07474296536796536,
      0.07425257034632035,
      0.06039468344155844,
      0.03993337391774892,
      0.06583130411255411,
      0.059126420454545456,
      0.042740462662337664
    ],
    [
      0.16276887175324675,
      0.15533685064935066,
      0.16796875,
      0.15879498106060605,
      0.15833840638528138,
      0.14953666125541126,
      0.1429078733766234,
      0.1454866747835498,
      0.16662439123376624,
      0.06368371212121213,
      0.07061688311688312,
      0.1366680194805195,
      0.13152732683982685,
      0.16365665584415584,
      0.1617458062770563,
      0.17131696428571427,
      0.16555905032467533,
      0.050755884740259744,
      1.0,
      0.16183881222943722,
      0.11739042207792208,
      0.058661390692640696,
      0.1563091856060606,
      0.14928300865800867,
      0.15251285173160173,
      0.07180059523809523,
      0.058830492424242424,
      0.09805363906926406,
      0.10116511093073594,
      0.11316287878787878,
      0.12919372294372294,
      0.1509571158008658,
      0.1539755817099567,
      0.14997632575757575,
      0.14298396915584416,
      0.15628382034632035,
      0.15150669642857142,
      0.15021306818181818,
      0.043974905303030304,
      0.06053841991341991,
      0.06245772456709957,
      0.07772761093073594,
      0.1039552895021645,
      0.08090672348484848,
      0.08325723755411256,
      0.11911525974025974
    ],
    [
      0.2552844291125541,
      0.21689833603896103,
      0.2275686553030303,
      0.20683678300865802,
      0.2067860524891775,
      0.16768973214285715,
      0.15216619318181818,
      0.1594629329004329,
      0.2230198187229437,
      0.045454545454545456,
      0.050848890692640696,
      0.14073491612554112,
      0.1472368777056277,
      0.267578125,
      0.22421198593073594,
      0.2663859577922078,
      0.22950487012987014,
      0.03956135010822511,
      0.16183881222943722,
      1.0,
      0.09661627435064934,
      0.043662067099567096,
      0.19231094426406928,
      0.18166599025974026,
      0.17525703463203463,
      0.05339387175324675,
      0.04182731331168831,
      0.07662844967532467,
      0.08012040043290043,
      0.1026954816017316,
      0.13088474025974026,
      0.1751471185064935,
      0.17960294913419914,
      0.18519176136363635,
      0.17027698863636365,
      0.18420251623376624,
      0.18451535443722944,
      0.18726325757575757,
      0.03135991612554113,
      0.05874594155844156,
      0.058729031385281384,
      0.08064461580086581,
      0.12977712391774893,
      0.0719443317099567,
      0.08362080627705627,
      0.13160342261904762
    ],
    [
      0.10046333874458875,
      0.10962019751082251,
      0.10595068993506493,
      0.11026278409090909,
      0.12863568722943722,
      0.13126521915584416,
      0.1402614312770563,
      0.1340046672077922,
      0.1028899485930736,
      0.12943046536796537,
      0.12300459956709957,
      0.147169237012987,
      0.12248038419913419,
      0.09050324675324675,
      0.09810436958874459,
      0.09056243235930736,
      0.09889069264069264,
      0.07911424512987013,
      0.11739042207792208,
      0.09661627435064934,
      1.0,
      0.11921672077922078,
      0.10618743235930736,
      0.12051034902597403,
      0.1279677353896104,
      0.15658820346320346,
      0.131544237012987,
      0.23062939664502163,
      0.2609747023809524,
      0.15119385822510822,
      0.14715232683982685,
      0.11540347673160173,
      0.12219291125541125,
      0.11117593344155845,
      0.11743269751082251,
      0.11530201569264069,
      0.11761870941558442,
      0.10973856872294373,
      0.06304112554112554,
      0.07697510822510822,
      0.07808272456709957,
      0.08318959686147186,
      0.0764847132034632,
      0.10136803300865802,
      0.07733022186147186,
      0.10916362283549784
    ],
    [
      0.046333874458874456,
      0.05232007575757576,
      0.045040246212121215,
      0.05267518939393939,
      0.058619115259740256,
      0.060513054653679656,
      0.06693892045454546,
      0.061603760822510824,
      0.04198795995670996,
      0.11216517857142858,
      0.11985930735930736,
      0.07514035443722944,
      0.06914569805194805,
      0.039502164502164504,
      0.04578429383116883,
      0.032670454545454544,
      0.043662067099567096,
      0.12680938852813853,
      0.058661390692640696,
      0.043662067099567096,
      0.11921672077922078,
      1.0,
      0.046697443181818184,
      0.054569128787878785,
      0.05900804924242424,
      0.1409970238095238,
      0.1799326975108225,
      0.15318925865800867,
      0.13239820075757575,
      0.09295522186147186,
      0.07738095238095238,
      0.0608005275974026,
      0.058001893939393936,
      0.052041057900432904,
      0.06258455086580086,
      0.05668290043290043,
      0.05379971590909091,
      0.05202414772727273,
      0.0883979301948052,
      0.0803909632034632,
      0.08027259199134198,
      0.07054078733766234,
      0.04963981331168831,
      0.08145630411255411,
      0.06498579545454546,
      0.05809489989177489
    ],
    [
      0.19010416666666666,
      0.1869250541125541,
      0.1835261093073593,
      0.1816490800865801,
      0.17454680735930736,
      0.16957521645021645,
      0.16098484848484848,
      0.16768973214285715,
      0.17410714285714285,
      0.041150906385281384,
      0.04852374188311688,
      0.143846387987013,
      0.1465351055194805,
      0.1968259604978355,
      0.19290280032467533,
      0.19728253517316016,
      0.19603118235930736,
      0.032763460497835496,
      0.1563091856060606,
      0.19231094426406928,
      0.10618743235930736,
      0.046697443181818184,
      1.0,
      0.21007508116883117,
      0.20597436417748918,
      0.06656689664502165,
      0.05011329816017316,
      0.08575994318181818,
      0.08598823051948051,
      0.11374627976190477,
      0.13994859307359309,
      0.19887209145021645,
      0.20202583874458874,
      0.2087307224025974,
      0.19258996212121213,
      0.21053165584415584,
      0.20827414772727273,
      0.20543323863636365,
      0.032103963744588744,
      0.05956608495670996,
      0.06079207251082251,
      0.08737486471861472,
      0.13933982683982685,
      0.07257000811688312,
      0.08584449404761904,
      0.13846049783549783
    ],
    [
      0.1755360524891775,
      0.1757305194805195,
      0.17102103625541126,
      0.17037844967532467,
      0.1739549512987013,
      0.16851833062770563,
      0.16562669101731603,
      0.1649502840909091,
      0.16382575757575757,
      0.058111810064935064,
      0.0636414366883117,
      0.1571377840909091,
      0.14558813582251082,
      0.1787320752164502,
      0.1774130817099567,
      0.1786728896103896,
      0.17821631493506493,
      0.03716856060606061,
      0.14928300865800867,
      0.18166599025974026,
      0.12051034902597403,
      0.054569128787878785,
      0.21007508116883117,
      1.0,
      0.2597148944805195,
      0.06840165043290043,
      0.058881222943722944,
      0.09906824945887446,
      0.09907670454545454,
      0.12471252705627706,
      0.14741443452380953,
      0.18677286255411255,
      0.2002333603896104,
      0.19025635822510822,
      0.1816913555194805,
      0.19441626082251082,
      0.24833434794372294,
      0.19097504058441558,
      0.035232345779220776,
      0.06274519751082251,
      0.06323559253246754,
      0.08526109307359307,
      0.1289738906926407,
      0.07956236471861472,
      0.08553165584415584,
      0.13859577922077923
    ],
    [
      0.1716128923160173,
      0.1717481737012987,
      0.1711732278138528,
      0.1693469291125541,
      0.1747666396103896,
      0.16990496482683984,
      0.1673346185064935,
      0.16603253517316016,
      0.16611708603896103,
      0.0640134604978355,
      0.06994047619047619,
      0.15427996482683984,
      0.1474228896103896,
      0.1731348079004329,
      0.17228084415584416,
      0.17628855519480519,
      0.17599262716450217,
      0.04030539772727273,
      0.15251285173160173,
      0.17525703463203463,
      0.1279677353896104,
      0.05900804924242424,
      0.20597436417748918,
      0.2597148944805195,
      1.0,
      0.07296739718614718,
      0.06263528138528139,
      0.10490225919913419,
      0.10555330086580086,
      0.1306057224025974,
      0.15105012175324675,
      0.1851833062770563,
      0.19718107413419914,
      0.1910765016233766,
      0.18311181006493507,
      0.1913386093073593,
      0.22627502705627706,
      0.19419642857142858,
      0.03633996212121212,
      0.06355688582251082,
      0.0631933170995671,
      0.08652090097402597,
      0.12680093344155843,
      0.08269920183982683,
      0.08418729707792208,
      0.13522219967532467
    ],
    [
      0.057342397186147184,
      0.06286356872294373,
      0.0577736066017316,
      0.06294811958874459,
      0.06888359036796536,
      0.06820718344155845,
      0.07702583874458875,
      0.0706337932900433,
      0.05540618235930736,
      0.11147186147186147,
      0.11545420725108226,
      0.08507508116883117,
      0.07706811417748918,
      0.049885010822510824,
      0.056107954545454544,
      0.04667207792207792,
      0.055431547619047616,
      0.11210599296536797,
      0.07180059523809523,
      0.05339387175324675,
      0.15658820346320346,
      0.1409970238095238,
      0.06656689664502165,
      0.06840165043290043,
      0.07296739718614718,
      1.0,
      0.2564935064935065,
      0.1611032196969697,
      0.14419304653679654,
      0.09779998647186147,
      0.0866308170995671,
      0.06713338744588744,
      0.06855384199134198,
      0.062220982142857144,
      0.07030404491341992,
      0.06715029761904762,
      0.06525635822510822,
      0.06151920995670996,
      0.08293594426406926,
      0.08109273538961038,
      0.07814191017316018,
      0.07346624729437229,
      0.054400027056277056,
      0.08638561958874459,
      0.06737858495670995,
      0.06488433441558442
    ],
    [
      0.0446682224025974,
      0.052709009740259744,
      0.04359442640692641,
      0.052049512987012984,
      0.059075689935064936,
      0.059177150974025976,
      0.06891741071428571,
      0.06198423971861472,
      0.04064360119047619,
      0.12116139069264069,
      0.12455188041125541,
      0.07868303571428571,
      0.07192742153679654,
      0.03788724296536797,
      0.04334077380952381,
      0.03063277867965368,
      0.04185267857142857,
      0.12284395292207792,
      0.058830492424242424,
      0.04182731331168831,
      0.131544237012987,
      0.1799326975108225,
      0.05011329816017316,
      0.058881222943722944,
      0.06263528138528139,
      0.2564935064935065,
      1.0,
      0.15832149621212122,
      0.1318147997835498,
      0.09650635822510822,
      0.08147321428571429,
      0.06162067099567099,
      0.05940543831168831,
      0.05139847132034632,
      0.06420792748917749,
      0.05642079274891775,
      0.05611640963203463,
      0.051778950216450216,
      0.08676609848484848,
      0.08001893939393939,
      0.0790719696969697,
      0.07054924242424243,
      0.047619047619047616,
      0.08324878246753246,
      0.06375135281385282,
      0.057739786255411256
    ],
    [
      0.08034023268398269,
      0.08712121212121213,
      0.08483833874458875,
      0.08752705627705627,
      0.10265320616883117,
      0.10572240259740259,
      0.11158177759740259,
      0.1069822104978355,
      0.08041632846320346,
      0.11974093614718614,
      0.12426440746753246,
      0.12009604978354978,
      0.10381155303030302,
      0.07246854707792208,
      0.07942708333333333,
      0.06884131493506493,
      0.07794744318181818,
      0.10019277597402597,
      0.09805363906926406,
      0.07662844967532467,
      0.23062939664502163,
      0.15318925865800867,
      0.08575994318181818,
      0.09906824945887446,
      0.10490225919913419,
      0.1611032196969697,
      0.15832149621212122,
      1.0,
      0.21227340367965367,
      0.13025060876623376,
      0.12245501893939394,
      0.09595677759740259,
      0.10019277597402597,
      0.08922652867965368,
      0.09695447781385282,
      0.09495062229437229,
      0.09495062229437229,
      0.08855857683982683,
      0.07406655844155845,
      0.07913961038961038,
      0.08081371753246754,
      0.0799512987012987,
      0.06681209415584416,
      0.09449404761904762,
      0.0729589420995671,
      0.09046097132034632
    ],
    [
      0.08318114177489178,
      0.09159395292207792,
      0.08647862554112554,
      0.09128111471861472,
      0.10598451028138528,
      0.11047416125541125,
      0.11657027867965368,
      0.11157332251082251,
      0.08289366883116883,
      0.11948728354978355,
      0.12097537878787878,
      0.12108529491341992,
      0.10655100108225109,
      0.0748444264069264,
      0.08163386093073594,
      0.07148775703463203,
      0.08145630411255411,
      0.09625270562770563,
      0.10116511093073594,
      0.08012040043290043,
      0.2609747023809524,
      0.13239820075757575,
      0.08598823051948051,
      0.09907670454545454,
      0.10555330086580086,
      0.14419304653679654,
      0.1318147997835498,
      0.21227340367965367,
      1.0,
      0.1319247159090909,
      0.12480553300865802,
      0.09686147186147186,
      0.10272930194805195,
      0.0916700487012987,
      0.09769007034632035,
      0.09568621482683982,
      0.09665854978354978,
      0.09120501893939394,
      0.07236708603896104,
      0.07836174242424243,
      0.07984138257575757,
      0.07982447240259741,
      0.07098045183982683,
      0.09380918560606061,
      0.07378754058441558,
      0.0927438446969697
    ],
    [
      0.10725277326839827,
      0.1196394751082251,
      0.10803909632034632,
      0.11539502164502165,
      0.15913318452380953,
      0.18345001352813853,
      0.17178199404761904,
      0.18595271915584416,
      0.10909598214285714,
      0.1878212932900433,
      0.15626691017316016,
      0.15479572510822512,
      0.17775128517316016,
      0.09718276515151515,
      0.10902834145021645,
      0.09215198863636363,
      0.10859713203463203,
      0.05976900703463203,
      0.11316287878787878,
      0.1026954816017316,
      0.15119385822510822,
      0.09295522186147186,
      0.11374627976190477,
      0.12471252705627706,
      0.1306057224025974,
      0.09779998647186147,
      0.09650635822510822,
      0.13025060876623376,
      0.1319247159090909,
      1.0,
      0.3536931818181818,
      0.1234865395021645,
      0.13721760010822512,
      0.1224127435064935,
      0.12473789231601731,
      0.12004531926406926,
      0.12565949675324675,
      0.11980857683982683,
      0.05839928300865801,
      0.07624797077922078,
      0.07942708333333333,
      0.09161931818181818,
      0.1000490395021645,
      0.10080999729437229,
      0.0737114448051948,
      0.12706304112554112
    ],
    [
      0.1328716856060606,
      0.14498782467532467,
      0.13480790043290045,
      0.13812229437229437,
      0.18174208603896103,
      0.20351393398268397,
      0.1900196158008658,
      0.20758928571428573,
      0.13536593614718614,
      0.14279795725108224,
      0.12494081439393939,
      0.16281960227272727,
      0.16989650974025974,
      0.12687702922077923,
      0.13742897727272727,
      0.12516910173160173,
      0.13643127705627706,
      0.048811214826839824,
      0.12919372294372294,
      0.13088474025974026,
      0.14715232683982685,
      0.07738095238095238,
      0.13994859307359309,
      0.14741443452380953,
      0.15105012175324675,
      0.0866308170995671,
      0.08147321428571429,
      0.12245501893939394,
      0.12480553300865802,
      0.3536931818181818,
      1.0,
      0.14782027867965367,
      0.15765354437229437,
      0.14721151244588745,
      0.14392248376623376,
      0.1485051406926407,
      0.15176034902597402,
      0.14678030303030304,
      0.049682088744588744,
      0.07304349296536797,
      0.07427793560606061,
      0.09200825216450216,
      0.11585159632034632,
      0.09369926948051949,
      0.07821800595238096,
      0.13498545725108224
    ],
    [
      0.17461444805194806,
      0.17230620941558442,
      0.17139306006493507,
      0.1698626893939394,
      0.16735998376623376,
      0.16383421266233766,
      0.15622463474025974,
      0.16121313582251082,
      0.1646374458874459,
      0.060166396103896104,
      0.06409801136363637,
      0.14276413690476192,
      0.14152969426406928,
