,MD/add_sub_2op_symbolic,MD/add_sub_2op_verbal,MD/add_sub_3op_symbolic,MD/add_sub_3op_verbal,MD/code_A,MD/code_B,MD/code_conditional,MD/code_list,MD/code_loop,MD/logic_propositional_1,MD/logic_propositional_symbolic,MD/logic_syllogism_1,MD/logic_syllogism_symbolic,MD/mul_div_2op_symbolic,MD/mul_div_2op_verbal,MD/mul_div_3op_symbolic,MD/mul_div_3op_verbal,MD/number_sequence,MD/number_sorting,MD/simple_equation,ToM/agent,ToM/desires_goals,ToM/emotion_fewshot,ToM/norm_appropriate,ToM/norm_moral,ToM/primary_emotions,ToM/secondary_emotions,ToM/social_interactions,ToM/social_relations,phys/phys_newton,phys/phys_prost,phys/physics_brightness,phys/physics_buoyancy,phys/physics_elasticity,phys/physics_solubility,phys/physics_speed,phys/physics_stability,phys/physics_temperature,Lan/anaphor_gender_agreement,Lan/det_noun_agreement_irregular,Lan/det_noun_agreement_regular,Lan/det_noun_agreement_with_adjective,Lan/hypernymy,Lan/npi,Lan/subject_verb_agreement,Lan/wug
MD/add_sub_2op_symbolic,0.000000,0.099922,0.129490,0.096480,0.056588,0.002637,0.001170,0.001275,0.088661,0.000000,0.001142,0.002560,0.002342,0.092834,0.065050,0.090202,0.060463,0.046367,0.017042,0.103782,0.002384,0.002782,0.002661,0.001939,0.001712,0.001807,0.001506,0.002044,0.001366,0.001307,0.000937,0.002783,0.001256,0.001638,0.002373,0.001622,0.002150,0.002653,0.000000,0.000747,0.000907,0.000510,0.001765,0.000000,0.000000,0.003146
MD/add_sub_2op_verbal,0.099922,0.000000,0.098669,0.120151,0.045204,0.012212,0.008874,0.011090,0.061954,0.000000,0.000000,0.006559,0.002806,0.064876,0.087454,0.062759,0.084759,0.039951,0.015064,0.074289,0.001471,0.002778,0.009915,0.004306,0.004567,0.000425,0.001504,0.001453,0.001104,0.007402,0.007453,0.005777,0.008272,0.007042,0.006904,0.009529,0.006441,0.009454,0.001030,0.000507,0.000453,0.000000,0.001763,0.000000,0.001621,0.002237
MD/add_sub_3op_symbolic,0.129490,0.098669,0.000000,0.113575,0.055323,0.002035,0.001689,0.001072,0.086425,0.000000,0.001280,0.001283,0.001049,0.092865,0.063000,0.092408,0.061137,0.044180,0.019091,0.099641,0.001336,0.000898,0.000256,0.001201,0.000631,0.000476,0.000000,0.001320,0.000911,0.001310,0.000865,0.001804,0.001407,0.001835,0.000972,0.001294,0.002408,0.001224,0.002454,0.001405,0.001523,0.001142,0.000000,0.003446,0.003637,0.002031
MD/add_sub_3op_verbal,0.096480,0.120151,0.113575,0.000000,0.043697,0.010862,0.008222,0.010430,0.059152,0.000467,0.001731,0.005404,0.003377,0.065767,0.079193,0.065828,0.080483,0.037978,0.014627,0.072362,0.001641,0.003993,0.011318,0.006738,0.004669,0.001481,0.002073,0.002935,0.003081,0.007129,0.007620,0.006933,0.007427,0.007331,0.005771,0.008825,0.007857,0.007853,0.001149,0.000832,0.000505,0.000267,0.000926,0.000000,0.000851,0.001010
MD/code_A,0.056588,0.045204,0.055323,0.043697,0.000000,0.026833,0.057887,0.022984,0.086897,0.010905,0.010507,0.026251,0.010833,0.055590,0.042482,0.055427,0.043238,0.052863,0.032494,0.062540,0.004955,0.004883,0.015295,0.011937,0.011705,0.003966,0.002954,0.005140,0.006052,0.017238,0.017603,0.012167,0.011868,0.010916,0.009293,0.016944,0.013737,0.010432,0.002828,0.000891,0.000796,0.000211,0.000000,0.002700,0.001425,0.005524
MD/code_B,0.002637,0.012212,0.002035,0.010862,0.026833,0.000000,0.072313,0.132286,0.002704,0.005499,0.014844,0.024125,0.026818,0.002175,0.011844,0.001370,0.012638,0.012010,0.030199,0.002200,0.007357,0.013030,0.044508,0.031661,0.029019,0.002039,0.010142,0.009577,0.015225,0.068109,0.073509,0.036199,0.035165,0.033132,0.039915,0.035424,0.029780,0.037462,0.007414,0.000842,0.000511,0.000271,0.008902,0.003469,0.000862,0.020875
MD/code_conditional,0.001170,0.008874,0.001689,0.008222,0.057887,0.072313,0.000000,0.068537,0.001830,0.034044,0.033651,0.067239,0.036570,0.002048,0.008655,0.001555,0.009041,0.004907,0.029543,0.001198,0.012571,0.011880,0.037721,0.037584,0.034059,0.008768,0.010298,0.011748,0.013858,0.049658,0.049690,0.037288,0.033829,0.030398,0.025949,0.042363,0.038764,0.028983,0.007528,0.000582,0.000519,0.000584,0.000952,0.005181,0.003719,0.016554
MD/code_list,0.001275,0.011090,0.001072,0.010430,0.022984,0.132286,0.068537,0.000000,0.001731,0.006700,0.012126,0.025939,0.029034,0.001291,0.011517,0.001141,0.013073,0.002866,0.026380,0.001306,0.008052,0.014708,0.047729,0.034134,0.031795,0.001440,0.009355,0.009834,0.014021,0.067768,0.075306,0.038248,0.036489,0.037137,0.038799,0.035773,0.033479,0.040508,0.007119,0.001100,0.000982,0.000552,0.011473,0.001568,0.000827,0.021027
MD/code_loop,0.088661,0.061954,0.086425,0.059152,0.086897,0.002704,0.001830,0.001731,0.000000,0.000569,0.003162,0.004250,0.002542,0.097408,0.069671,0.105393,0.075024,0.069417,0.022501,0.110304,0.001618,0.003263,0.001320,0.001454,0.001559,0.001226,0.001503,0.002398,0.001103,0.000980,0.000848,0.001889,0.001705,0.001582,0.001177,0.001567,0.001318,0.001800,0.002973,0.002391,0.001520,0.001017,0.001127,0.006138,0.003239,0.003691
MD/logic_propositional_1,0.000000,0.000000,0.000000,0.000467,0.010905,0.005499,0.034044,0.006700,0.000569,0.000000,0.278564,0.068106,0.164367,0.000000,0.000000,0.000432,0.000411,0.008010,0.013246,0.000000,0.031419,0.016841,0.004417,0.015062,0.026527,0.021724,0.014748,0.023077,0.030029,0.064292,0.046131,0.009747,0.016373,0.003530,0.009113,0.013402,0.021904,0.008030,0.000000,0.000000,0.000000,0.000000,0.000000,0.032313,0.000000,0.000000
MD/logic_propositional_symbolic,0.001142,0.000000,0.001280,0.001731,0.010507,0.014844,0.033651,0.012126,0.003162,0.278564,0.000000,0.057851,0.101469,0.001573,0.000349,0.000801,0.000000,0.029588,0.025673,0.001169,0.038395,0.020028,0.007700,0.016494,0.032156,0.029735,0.025709,0.030171,0.030464,0.054495,0.042245,0.011592,0.017136,0.004981,0.009087,0.014148,0.021165,0.006999,0.000000,0.000000,0.000563,0.000000,0.000000,0.008115,0.002016,0.001126
MD/logic_syllogism_1,0.002560,0.006559,0.001283,0.005404,0.026251,0.024125,0.067239,0.025939,0.004250,0.068106,0.057851,0.000000,0.039005,0.001739,0.004342,0.001459,0.005877,0.014458,0.036952,0.000862,0.030007,0.025583,0.023094,0.040743,0.035971,0.029776,0.023344,0.029047,0.022456,0.026891,0.022381,0.018841,0.031185,0.023757,0.023519,0.043909,0.038037,0.023115,0.010527,0.003950,0.004823,0.003440,0.017167,0.023927,0.010957,0.019292
MD/logic_syllogism_symbolic,0.002342,0.002806,0.001049,0.003377,0.010833,0.026818,0.036570,0.029034,0.002542,0.164367,0.101469,0.039005,0.000000,0.000948,0.003551,0.001193,0.002754,0.011826,0.038009,0.001664,0.017460,0.010125,0.021939,0.023015,0.026985,0.007865,0.007750,0.014002,0.023645,0.049982,0.042315,0.029389,0.020054,0.023539,0.026421,0.021085,0.023646,0.023789,0.012095,0.006841,0.004666,0.004865,0.020979,0.031659,0.007747,0.017986
MD/mul_div_2op_symbolic,0.092834,0.064876,0.092865,0.065767,0.055590,0.002175,0.002048,0.001291,0.097408,0.000000,0.001573,0.001739,0.000948,0.000000,0.104078,0.126325,0.086928,0.050188,0.018241,0.104912,0.000000,0.000811,0.001970,0.002195,0.001345,0.000430,0.000000,0.000596,0.000823,0.001027,0.000949,0.001630,0.001272,0.001180,0.000878,0.000946,0.001778,0.001790,0.002218,0.000756,0.000675,0.000243,0.002628,0.001465,0.000773,0.001835
MD/mul_div_2op_verbal,0.065050,0.087454,0.063000,0.079193,0.042482,0.011844,0.008655,0.011517,0.069671,0.000000,0.000349,0.004342,0.003551,0.104078,0.000000,0.094778,0.109700,0.043793,0.019076,0.075196,0.000837,0.002656,0.011557,0.004118,0.003829,0.001726,0.000719,0.001390,0.001584,0.008752,0.008460,0.006827,0.008092,0.006733,0.006602,0.009321,0.006733,0.008617,0.002092,0.000485,0.000433,0.000000,0.000000,0.001382,0.000729,0.002597
MD/mul_div_3op_symbolic,0.090202,0.062759,0.092408,0.065828,0.055427,0.001370,0.001555,0.001141,0.105393,0.000432,0.000801,0.001459,0.001193,0.126325,0.094778,0.000000,0.100114,0.046713,0.016565,0.106260,0.000904,0.000827,0.001741,0.001789,0.001185,0.000439,0.000000,0.000286,0.001140,0.001507,0.001289,0.001660,0.001493,0.001947,0.001342,0.000709,0.001812,0.002038,0.001063,0.000524,0.000467,0.000526,0.000000,0.001493,0.000788,0.002310
MD/mul_div_3op_verbal,0.060463,0.084759,0.061137,0.080483,0.043238,0.012638,0.009041,0.013073,0.075024,0.000411,0.000000,0.005877,0.002754,0.086928,0.109700,0.100114,0.000000,0.042857,0.017664,0.073371,0.000859,0.002357,0.013519,0.006553,0.005984,0.000886,0.000738,0.001155,0.001626,0.009980,0.009604,0.006794,0.008662,0.009443,0.008453,0.010485,0.008634,0.010579,0.000000,0.000234,0.000209,0.000235,0.000814,0.000000,0.000000,0.002666
MD/number_sequence,0.046367,0.039951,0.044180,0.037978,0.052863,0.012010,0.004907,0.002866,0.069417,0.008010,0.029588,0.014458,0.011826,0.050188,0.043793,0.046713,0.042857,0.000000,0.093835,0.059466,0.016201,0.042022,0.005309,0.007890,0.011801,0.037711,0.032709,0.027734,0.021061,0.002127,0.001672,0.009232,0.005268,0.003434,0.007054,0.010204,0.003532,0.004825,0.023910,0.004563,0.002425,0.000000,0.000000,0.005265,0.002779,0.000000
MD/number_sorting,0.017042,0.015064,0.019091,0.014627,0.032494,0.030199,0.029543,0.026380,0.022501,0.013246,0.025673,0.036952,0.038009,0.018241,0.019076,0.016565,0.017664,0.093835,0.000000,0.018449,0.027629,0.018496,0.027397,0.030116,0.032280,0.018027,0.010013,0.016590,0.022924,0.022241,0.025363,0.023044,0.036530,0.021875,0.030875,0.030901,0.027284,0.018330,0.017995,0.001688,0.001507,0.000000,0.002762,0.010226,0.010794,0.010461
MD/simple_equation,0.103782,0.074289,0.099641,0.072362,0.062540,0.002200,0.001198,0.001306,0.110304,0.000000,0.001169,0.000862,0.001664,0.104912,0.075196,0.106260,0.073371,0.059466,0.018449,0.000000,0.000610,0.000821,0.001230,0.000888,0.000969,0.000000,0.000363,0.000603,0.000832,0.000599,0.000640,0.001425,0.001482,0.001677,0.001332,0.001182,0.001207,0.001358,0.002243,0.001040,0.000682,0.000522,0.002658,0.003149,0.001662,0.001856
ToM/agent,0.002384,0.001471,0.001336,0.001641,0.004955,0.007357,0.012571,0.008052,0.001618,0.031419,0.038395,0.030007,0.017460,0.000000,0.000837,0.000904,0.000859,0.016201,0.027629,0.000610,0.000000,0.076754,0.015179,0.017050,0.020435,0.129274,0.079637,0.124684,0.187232,0.008531,0.006626,0.010775,0.015695,0.014728,0.010073,0.012250,0.011468,0.013376,0.019831,0.002056,0.000918,0.000000,0.003575,0.006228,0.001547,0.006371
ToM/desires_goals,0.002782,0.002778,0.000898,0.003993,0.004883,0.013030,0.011880,0.014708,0.003263,0.016841,0.020028,0.025583,0.010125,0.000811,0.002656,0.000827,0.002357,0.042022,0.018496,0.000821,0.076754,0.000000,0.009893,0.010559,0.014535,0.104057,0.191844,0.152453,0.071901,0.013063,0.013563,0.013818,0.009797,0.011488,0.013544,0.010781,0.009063,0.013169,0.017893,0.000650,0.001815,0.001388,0.002262,0.020687,0.008839,0.007405
ToM/emotion_fewshot,0.002661,0.009915,0.000256,0.011318,0.015295,0.044508,0.037721,0.047729,0.001320,0.004417,0.007700,0.023094,0.021939,0.001970,0.011557,0.001741,0.013519,0.005309,0.027397,0.001230,0.015179,0.009893,0.000000,0.054934,0.044702,0.014844,0.009879,0.012138,0.013650,0.038956,0.041641,0.054556,0.047638,0.055089,0.048518,0.064200,0.050075,0.048728,0.012563,0.005033,0.005199,0.005449,0.034830,0.002391,0.006627,0.012689
ToM/norm_appropriate,0.001939,0.004306,0.001201,0.006738,0.011937,0.031661,0.037584,0.034134,0.001454,0.015062,0.016494,0.040743,0.023015,0.002195,0.004118,0.001789,0.006553,0.007890,0.030116,0.000888,0.017050,0.010559,0.054934,0.000000,0.078634,0.011906,0.010507,0.012509,0.012556,0.028938,0.032314,0.053758,0.046718,0.043278,0.042290,0.048662,0.085020,0.049931,0.006456,0.007085,0.004636,0.005964,0.019432,0.009064,0.010693,0.017288
ToM/norm_moral,0.001712,0.004567,0.000631,0.004669,0.011705,0.029019,0.034059,0.031795,0.001559,0.026527,0.032156,0.035971,0.026985,0.001345,0.003829,0.001185,0.005984,0.011801,0.032280,0.000969,0.020435,0.014535,0.044702,0.078634,0.000000,0.020469,0.019474,0.019068,0.020774,0.031789,0.033574,0.040858,0.046398,0.039400,0.045766,0.042068,0.070219,0.052945,0.008550,0.003613,0.002636,0.002652,0.012563,0.004001,0.007329,0.018801
ToM/primary_emotions,0.001807,0.000425,0.000476,0.001481,0.003966,0.002039,0.008768,0.001440,0.001226,0.021724,0.029735,0.029776,0.007865,0.000430,0.001726,0.000439,0.000886,0.037711,0.018027,0.000000,0.129274,0.104057,0.014844,0.011906,0.020469,0.000000,0.254241,0.094457,0.085263,0.004487,0.003837,0.006366,0.013269,0.005795,0.006657,0.015025,0.009012,0.006067,0.006725,0.001559,0.000655,0.000000,0.000000,0.028324,0.004983,0.002783
ToM/secondary_emotions,0.001506,0.001504,0.000000,0.002073,0.002954,0.010142,0.010298,0.009355,0.001503,0.014748,0.025709,0.023344,0.007750,0.000000,0.000719,0.000000,0.000738,0.032709,0.010013,0.000363,0.079637,0.191844,0.009879,0.010507,0.019474,0.254241,0.000000,0.115478,0.059143,0.011524,0.010343,0.007677,0.010130,0.007242,0.008809,0.007174,0.007509,0.010709,0.002637,0.000611,0.000000,0.000000,0.000000,0.015732,0.001954,0.002319
ToM/social_interactions,0.002044,0.001453,0.001320,0.002935,0.005140,0.009577,0.011748,0.009834,0.002398,0.023077,0.030171,0.029047,0.014002,0.000596,0.001390,0.000286,0.001155,0.027734,0.016590,0.000603,0.124684,0.152453,0.012138,0.012509,0.019068,0.094457,0.115478,0.000000,0.126062,0.011631,0.010594,0.014306,0.011547,0.011777,0.010823,0.017223,0.014109,0.015872,0.015214,0.004064,0.001814,0.001020,0.003532,0.002896,0.004777,0.000854
ToM/social_relations,0.001366,0.001104,0.000911,0.003081,0.006052,0.015225,0.013858,0.014021,0.001103,0.030029,0.030464,0.022456,0.023645,0.000823,0.001584,0.001140,0.001626,0.021061,0.022924,0.000832,0.187232,0.071901,0.013650,0.012556,0.020774,0.085263,0.059143,0.126062,0.000000,0.016117,0.015467,0.012556,0.017237,0.015903,0.018256,0.013118,0.015804,0.021882,0.020573,0.004263,0.003406,0.001915,0.001560,0.020048,0.006098,0.005910
phys/phys_newton,0.001307,0.007402,0.001310,0.007129,0.017238,0.068109,0.049658,0.067768,0.000980,0.064292,0.054495,0.026891,0.049982,0.001027,0.008752,0.001507,0.009980,0.002127,0.022241,0.000599,0.008531,0.013063,0.038956,0.028938,0.031789,0.004487,0.011524,0.011631,0.016117,0.000000,0.098688,0.034172,0.033982,0.032642,0.035369,0.030722,0.031658,0.034969,0.008702,0.002017,0.001801,0.001518,0.007837,0.004492,0.002371,0.011228
phys/phys_prost,0.000937,0.007453,0.000865,0.007620,0.017603,0.073509,0.049690,0.075306,0.000848,0.046131,0.042245,0.022381,0.042315,0.000949,0.008460,0.001289,0.009604,0.001672,0.025363,0.000640,0.006626,0.013563,0.041641,0.032314,0.033574,0.003837,0.010343,0.010594,0.015467,0.098688,0.000000,0.037483,0.036912,0.038399,0.039404,0.035554,0.035705,0.039008,0.006977,0.001870,0.001444,0.001623,0.008378,0.001536,0.001723,0.012454
phys/physics_brightness,0.002783,0.005777,0.001804,0.006933,0.012167,0.036199,0.037288,0.038248,0.001889,0.009747,0.011592,0.018841,0.029389,0.001630,0.006827,0.001660,0.006794,0.009232,0.023044,0.001425,0.010775,0.013818,0.054556,0.053758,0.040858,0.006366,0.007677,0.014306,0.012556,0.034172,0.037483,0.000000,0.054493,0.059232,0.061549,0.050612,0.052711,0.055816,0.010356,0.005553,0.007479,0.007984,0.022090,0.007127,0.017755,0.037648
phys/physics_buoyancy,0.001256,0.008272,0.001407,0.007427,0.011868,0.035165,0.033829,0.036489,0.001705,0.016373,0.017136,0.031185,0.020054,0.001272,0.008092,0.001493,0.008662,0.005268,0.036530,0.001482,0.015695,0.009797,0.047638,0.046718,0.046398,0.013269,0.010130,0.011547,0.017237,0.033982,0.036912,0.054493,0.000000,0.058612,0.065565,0.057212,0.050996,0.055739,0.005388,0.004958,0.004427,0.005604,0.013024,0.007564,0.014912,0.027214
phys/physics_elasticity,0.001638,0.007042,0.001835,0.007331,0.010916,0.033132,0.030398,0.037137,0.001582,0.003530,0.004981,0.023757,0.023539,0.001180,0.006733,0.001947,0.009443,0.003434,0.021875,0.001677,0.014728,0.011488,0.055089,0.043278,0.039400,0.005795,0.007242,0.011777,0.015903,0.032642,0.038399,0.059232,0.058612,0.000000,0.060571,0.044745,0.043286,0.061370,0.015701,0.008905,0.007609,0.009373,0.039453,0.007251,0.038882,0.036164
phys/physics_solubility,0.002373,0.006904,0.000972,0.005771,0.009293,0.039915,0.025949,0.038799,0.001177,0.009113,0.009087,0.023519,0.026421,0.000878,0.006602,0.001342,0.008453,0.007054,0.030875,0.001332,0.010073,0.013544,0.048518,0.042290,0.045766,0.006657,0.008809,0.010823,0.018256,0.035369,0.039404,0.061549,0.065565,0.060571,0.000000,0.050397,0.043491,0.067088,0.006455,0.007832,0.007307,0.008216,0.018052,0.013593,0.022649,0.031899
phys/physics_speed,0.001622,0.009529,0.001294,0.008825,0.016944,0.035424,0.042363,0.035773,0.001567,0.013402,0.014148,0.043909,0.021085,0.000946,0.009321,0.000709,0.010485,0.010204,0.030901,0.001182,0.012250,0.010781,0.064200,0.048662,0.042068,0.015025,0.007174,0.017223,0.013118,0.030722,0.035554,0.050612,0.057212,0.044745,0.050397,0.000000,0.063029,0.051704,0.010436,0.005217,0.003599,0.004428,0.030670,0.002298,0.006369,0.012872
phys/physics_stability,0.002150,0.006441,0.002408,0.007857,0.013737,0.029780,0.038764,0.033479,0.001318,0.021904,0.021165,0.038037,0.023646,0.001778,0.006733,0.001812,0.008634,0.003532,0.027284,0.001207,0.011468,0.009063,0.050075,0.085020,0.070219,0.009012,0.007509,0.014109,0.015804,0.031658,0.035705,0.052711,0.050996,0.043286,0.043491,0.063029,0.000000,0.044056,0.008774,0.006419,0.005126,0.006084,0.022318,0.006038,0.004334,0.012031
phys/physics_temperature,0.002653,0.009454,0.001224,0.007853,0.010432,0.037462,0.028983,0.040508,0.001800,0.008030,0.006999,0.023115,0.023789,0.001790,0.008617,0.002038,0.010579,0.004825,0.018330,0.001358,0.013376,0.013169,0.048728,0.049931,0.052945,0.006067,0.010709,0.015872,0.021882,0.034969,0.039008,0.055816,0.055739,0.061370,0.067088,0.051704,0.044056,0.000000,0.013160,0.005292,0.003404,0.006484,0.035556,0.006793,0.013337,0.023707
Lan/anaphor_gender_agreement,0.000000,0.001030,0.002454,0.001149,0.002828,0.007414,0.007528,0.007119,0.002973,0.000000,0.000000,0.010527,0.012095,0.002218,0.002092,0.001063,0.000000,0.023910,0.017995,0.002243,0.019831,0.017893,0.012563,0.006456,0.008550,0.006725,0.002637,0.015214,0.020573,0.008702,0.006977,0.010356,0.005388,0.015701,0.006455,0.010436,0.008774,0.013160,0.000000,0.064007,0.043656,0.030120,0.098139,0.285423,0.150645,0.026987
Lan/det_noun_agreement_irregular,0.000747,0.000507,0.001405,0.000832,0.000891,0.000842,0.000582,0.001100,0.002391,0.000000,0.000000,0.003950,0.006841,0.000756,0.000485,0.000524,0.000234,0.004563,0.001688,0.001040,0.002056,0.000650,0.005033,0.007085,0.003613,0.001559,0.000611,0.004064,0.004263,0.002017,0.001870,0.005553,0.004958,0.008905,0.007832,0.005217,0.006419,0.005292,0.064007,0.000000,0.258726,0.228804,0.098497,0.044930,0.097491,0.101171
Lan/det_noun_agreement_regular,0.000907,0.000453,0.001523,0.000505,0.000796,0.000511,0.000519,0.000982,0.001520,0.000000,0.000563,0.004823,0.004666,0.000675,0.000433,0.000467,0.000209,0.002425,0.001507,0.000682,0.000918,0.001815,0.005199,0.004636,0.002636,0.000655,0.000000,0.001814,0.003406,0.001801,0.001444,0.007479,0.004427,0.007609,0.007307,0.003599,0.005126,0.003404,0.043656,0.258726,0.000000,0.248011,0.106813,0.054325,0.093369,0.107659
Lan/det_noun_agreement_with_adjective,0.000510,0.000000,0.001142,0.000267,0.000211,0.000271,0.000584,0.000552,0.001017,0.000000,0.000000,0.003440,0.004865,0.000243,0.000000,0.000526,0.000235,0.000000,0.000000,0.000522,0.000000,0.001388,0.005449,0.005964,0.002652,0.000000,0.000000,0.001020,0.001915,0.001518,0.001623,0.007984,0.005604,0.009373,0.008216,0.004428,0.006084,0.006484,0.030120,0.228804,0.248011,0.000000,0.129266,0.042287,0.100683,0.136745
Lan/hypernymy,0.001765,0.001763,0.000000,0.000926,0.000000,0.008902,0.000952,0.011473,0.001127,0.000000,0.000000,0.017167,0.020979,0.002628,0.000000,0.000000,0.000814,0.000000,0.002762,0.002658,0.003575,0.002262,0.034830,0.019432,0.012563,0.000000,0.000000,0.003532,0.001560,0.007837,0.008378,0.022090,0.013024,0.039453,0.018052,0.030670,0.022318,0.035556,0.098139,0.098497,0.106813,0.129266,0.000000,0.064008,0.067566,0.086663
Lan/npi,0.000000,0.000000,0.003446,0.000000,0.002700,0.003469,0.005181,0.001568,0.006138,0.032313,0.008115,0.023927,0.031659,0.001465,0.001382,0.001493,0.000000,0.005265,0.010226,0.003149,0.006228,0.020687,0.002391,0.009064,0.004001,0.028324,0.015732,0.002896,0.020048,0.004492,0.001536,0.007127,0.007564,0.007251,0.013593,0.002298,0.006038,0.006793,0.285423,0.044930,0.054325,0.042287,0.064008,0.000000,0.168597,0.032873
Lan/subject_verb_agreement,0.000000,0.001621,0.003637,0.000851,0.001425,0.000862,0.003719,0.000827,0.003239,0.000000,0.002016,0.010957,0.007747,0.000773,0.000729,0.000788,0.000000,0.002779,0.010794,0.001662,0.001547,0.008839,0.006627,0.010693,0.007329,0.004983,0.001954,0.004777,0.006098,0.002371,0.001723,0.017755,0.014912,0.038882,0.022649,0.006369,0.004334,0.013337,0.150645,0.097491,0.093369,0.100683,0.067566,0.168597,0.000000,0.092044
Lan/wug,0.003146,0.002237,0.002031,0.001010,0.005524,0.020875,0.016554,0.021027,0.003691,0.000000,0.001126,0.019292,0.017986,0.001835,0.002597,0.002310,0.002666,0.000000,0.010461,0.001856,0.006371,0.007405,0.012689,0.017288,0.018801,0.002783,0.002319,0.000854,0.005910,0.011228,0.012454,0.037648,0.027214,0.036164,0.031899,0.012872,0.012031,0.023707,0.026987,0.101171,0.107659,0.136745,0.086663,0.032873,0.092044,0.000000
