{
  "model": "Qwen/Qwen2.5-72B-Instruct",
  "sign": "positive",
  "percentage": 1.0,
  "component": "neurons",
  "tasks": [
    "MD/add_sub_2op_symbolic",
    "MD/add_sub_2op_verbal",
    "MD/add_sub_3op_symbolic",
    "MD/add_sub_3op_verbal",
    "MD/code_A",
    "MD/code_B",
    "MD/code_conditional",
    "MD/code_list",
    "MD/code_loop",
    "MD/logic_propositional_1",
    "MD/logic_propositional_symbolic",
    "MD/logic_syllogism_1",
    "MD/logic_syllogism_symbolic",
    "MD/mul_div_2op_symbolic",
    "MD/mul_div_2op_verbal",
    "MD/mul_div_3op_symbolic",
    "MD/mul_div_3op_verbal",
    "MD/number_sequence",
    "MD/number_sorting",
    "MD/simple_equation",
    "ToM/agent",
    "ToM/desires_goals",
    "ToM/emotion_fewshot",
    "ToM/norm_appropriate",
    "ToM/norm_moral",
    "ToM/primary_emotions",
    "ToM/secondary_emotions",
    "ToM/social_interactions",
    "ToM/social_relations",
    "phys/phys_newton",
    "phys/phys_prost",
    "phys/physics_brightness",
    "phys/physics_buoyancy",
    "phys/physics_elasticity",
    "phys/physics_solubility",
    "phys/physics_speed",
    "phys/physics_stability",
    "phys/physics_temperature",
    "Lan/anaphor_gender_agreement",
    "Lan/det_noun_agreement_irregular",
    "Lan/det_noun_agreement_regular",
    "Lan/det_noun_agreement_with_adjective",
    "Lan/hypernymy",
    "Lan/npi",
    "Lan/subject_verb_agreement",
    "Lan/wug"
  ],
  "overlap_matrix": [
    [
      1.0,
      0.22148473831064514,
      0.22947493024435614,
      0.17844761985287902,
      0.1894394182802063,
      0.10480257038978608,
      0.07787266424283419,
      0.09224655449395451,
      0.15625264225923735,
      0.021645387672275303,
      0.03022744567515008,
      0.06611989515515346,
      0.0715735182210197,
      0.24025534793269637,
      0.1744736619599222,
      0.20258730024520166,
      0.172402130717849,
      0.03606155407119303,
      0.07651982751331698,
      0.22326033651813645,
      0.04100786336349032,
      0.027056734590344127,
      0.07292635495053691,
      0.0725881457681576,
      0.06840280713621374,
      0.02409740424452524,
      0.022364082184831317,
      0.040500549589921366,
      0.04210704320622305,
      0.06459795383444661,
      0.06675403737211465,
      0.07144668977762746,
      0.07546292381838167,
      0.07415236323666187,
      0.07064344296947662,
      0.07313773568952397,
      0.07271497421154985,
      0.07580113300076097,
      0.012175530565654857,
      0.024942927200473492,
      0.025873002452016573,
      0.027944533694089793,
      0.033313604464361206,
      0.022194977593641668,
      0.023336433584171812,
      0.050985034243679714
    ],
    [
      0.22148473831064514,
      1.0,
      0.1718102646486852,
      0.28401116090301853,
      0.18584594571742624,
      0.1361291959076689,
      0.10306924833009216,
      0.11964149826667794,
      0.129787773738057,
      0.026549420816775176,
      0.03318677602096897,
      0.07973281474592035,
      0.0848905047772047,
      0.16825906823370254,
      0.27986809841887206,
      0.15371607339139257,
      0.25813815845100196,
      0.03610383021899045,
      0.07677348440010147,
      0.18098418872072378,
      0.05271835630337364,
      0.03225670076942589,
      0.09863025281136382,
      0.0965164454214932,
      0.08806121586201066,
      0.029043713536822526,
      0.02785998139849497,
      0.04819480848905048,
      0.05309884163355035,
      0.0875539020884417,
      0.09562864631774752,
      0.087892111270821,
      0.09440263803162256,
      0.09427580958823031,
      0.09262703982413123,
      0.095882303204532,
      0.09237338293734675,
      0.09313435359770018,
      0.014458442546715144,
      0.031030692483300922,
      0.030185169527352666,
      0.03217214847383106,
      0.03952819819058087,
      0.027183563033736365,
      0.027437219920520842,
      0.06751500803246809
    ],
    [
      0.22947493024435614,
      0.1718102646486852,
      1.0,
      0.17193709309207744,
      0.1568445083284011,
      0.08522871395958401,
      0.06869874017079564,
      0.07465967701023082,
      0.1334657985964319,
      0.018559228883064174,
      0.025788450156421748,
      0.06163862348862772,
      0.06409064006087765,
      0.17887038133085315,
      0.14475353005834107,
      0.17417772892534034,
      0.14331614103322904,
      0.029846960344973365,
      0.07292635495053691,
      0.1724866830134438,
      0.04083875877230067,
      0.022110425298046844,
      0.061976832671007016,
      0.062061384966601844,
      0.06155407119303289,
      0.02194132070685719,
      0.019277923395620192,
      0.03656886784476199,
      0.03775259998308954,
      0.052211042529804685,
      0.0575801133000761,
      0.0648938868690285,
      0.06294918407034751,
      0.06311828866153717,
      0.057918322482455396,
      0.06480933457343367,
      0.06320284095713198,
      0.06273780333136045,
      0.010103999323581636,
      0.02143400693328824,
      0.02240635833262873,
      0.023759195062145938,
      0.030438826414137143,
      0.021814492263464953,
      0.022321806037033907,
      0.044643612074067814
    ],
    [
      0.17844761985287902,
      0.28401116090301853,
      0.17193709309207744,
      1.0,
      0.15811279276232348,
      0.11308869535807897,
      0.08869535807897184,
      0.10171641160057496,
      0.11609030185169528,
      0.02240635833262873,
      0.030523378709731968,
      0.07165807051661452,
      0.07516699078379978,
      0.14851610721231082,
      0.2286294072884079,
      0.14390800710239282,
      0.22359854570051577,
      0.032129872326033655,
      0.07072799526507145,
      0.1568022321806037,
      0.05102731039147713,
      0.02988923649277078,
      0.08675065528029086,
      0.08535554240297624,
      0.08045150925847637,
      0.02802908598968462,
      0.027648600659507905,
      0.047391561680899634,
      0.04967447366195992,
      0.07516699078379978,
      0.08112792762323497,
      0.0805360615540712,
      0.0818888982835884,
      0.08108565147543756,
      0.08167751754460134,
      0.08649699839350639,
      0.08539781855077365,
      0.08307263042191596,
      0.012725120487021223,
      0.030565654857529382,
      0.02879005665003805,
      0.0316225585524647,
      0.03809080916546884,
      0.026084383191003636,
      0.024351061131309713,
      0.05724190411769679
    ],
    [
      0.1894394182802063,
      0.18584594571742624,
      0.1568445083284011,
      0.15811279276232348,
      1.0,
      0.2044051746004904,
      0.44017925086666104,
      0.18969307516699077,
      0.27213156337194555,
      0.06163862348862772,
      0.06654265663312758,
      0.13232434260590176,
      0.1181618330937685,
      0.16808996364251289,
      0.1613680561427243,
      0.16102984696034497,
      0.16301682590682337,
      0.03973957892956794,
      0.08983681406950199,
      0.18132239790310306,
      0.06573940982497675,
      0.033482709055550855,
      0.09474084721400186,
      0.10459118965079901,
      0.09943349961951467,
      0.032848566838589666,
      0.03246808150841295,
      0.05990530142893379,
      0.0635833262873087,
      0.14754375581297033,
      0.1574363743975649,
      0.09461401877060963,
      0.10459118965079901,
      0.09389532425805361,
      0.09216200219835968,
      0.10226600152194132,
      0.10763507229221274,
      0.09199289760717004,
      0.011795045235478143,
      0.02257546292381838,
      0.02426650883571489,
      0.024985203348270906,
      0.030988416335503508,
      0.02802908598968462,
      0.02266001521941321,
      0.06734590344127843
    ],
    [
      0.10480257038978608,
      0.1361291959076689,
      0.08522871395958401,
      0.11308869535807897,
      0.2044051746004904,
      1.0,
      0.2326879174769595,
      0.47581804345987994,
      0.07127758518643781,
      0.04980130210535216,
      0.055635410501395116,
      0.09245793523294157,
      0.11723175784222542,
      0.08873763422676925,
      0.11194723936754883,
      0.07613934218314027,
      0.11313097150587638,
      0.02760632451171049,
      0.07275725035934726,
      0.09042868013866577,
      0.06239959414898114,
      0.03741439080071024,
      0.09998308954088103,
      0.09871480510695865,
      0.09824976748118712,
      0.026422592373382937,
      0.03259490995180519,
      0.05842563625602435,
      0.06455567768664919,
      0.1940475183901243,
      0.20727995265071447,
      0.1011668216792086,
      0.10898790902172995,
      0.10717003466644119,
      0.1055212649023421,
      0.09600913164792424,
      0.0995603280629069,
      0.10869197598714805,
      0.014289337955525493,
      0.033313604464361206,
      0.035258307263042195,
      0.0396127504861757,
      0.054240297624080495,
      0.024942927200473492,
      0.02473154646148643,
      0.09913756658493278
    ],
    [
      0.07787266424283419,
      0.10306924833009216,
      0.06869874017079564,
      0.08869535807897184,
      0.44017925086666104,
      0.2326879174769595,
      1.0,
      0.22812209351483892,
      0.054071193032890846,
      0.07504016234040754,
      0.07372960175868774,
      0.13858121247991884,
      0.11782362391138919,
      0.06328739325272681,
      0.08243848820495477,
      0.05343705081592965,
      0.0792255009723514,
      0.020292550942758097,
      0.06607761900735605,
      0.07030523378709733,
      0.0755897522617739,
      0.036526591696964573,
      0.08937177644373044,
      0.10133592627039824,
      0.09972943265409656,
      0.03809080916546884,
      0.03978185507736535,
      0.06759956032806291,
      0.07047433837828697,
      0.15862010653589245,
      0.16969645725881458,
      0.09114737465122177,
      0.1015473070093853,
      0.08848397733998478,
      0.08945632873932527,
      0.10036357487105775,
      0.10640906400608777,
      0.08768073053183394,
      0.011414559905301429,
      0.024985203348270906,
      0.025957554747611397,
      0.028536399763253572,
      0.0342859558637017,
      0.031030692483300922,
      0.022025873002452016,
      0.0685719117274034
    ],
    [
      0.09224655449395451,
      0.11964149826667794,
      0.07465967701023082,
      0.10171641160057496,
      0.18969307516699077,
      0.47581804345987994,
      0.22812209351483892,
      1.0,
      0.06379470702629576,
      0.0552549251712184,
      0.058594740847214,
      0.09279614441532087,
      0.11473746512217807,
      0.07791494039063161,
      0.10264648685211804,
      0.06730362729348102,
      0.10095544094022153,
      0.022829119810602858,
      0.06476705842563625,
      0.07952143400693329,
      0.0655703052337871,
      0.04037372114652913,
      0.09791155829880781,
      0.09368394351906655,
      0.09605140779572166,
      0.028494123615456158,
      0.03356726135114568,
      0.060962205123869115,
      0.06743045573687326,
      0.19379386150333983,
      0.21049293988331783,
      0.09846114822017418,
      0.1058594740847214,
      0.09685465460387249,
      0.10015219413207069,
      0.08839942504438995,
      0.09613596009131647,
      0.1055212649023421,
      0.013655195738564302,
      0.03344043290775345,
      0.03572334488881373,
      0.03999323581635241,
      0.054240297624080495,
      0.02709901073814154,
      0.024689270313689015,
      0.08932950029593303
    ],
    [
      0.15625264225923735,
      0.129787773738057,
      0.1334657985964319,
      0.11609030185169528,
      0.27213156337194555,
      0.07127758518643781,
      0.054071193032890846,
      0.06379470702629576,
      1.0,
      0.016064936163016828,
      0.02054620782954257,
      0.04756066627208929,
      0.05022406358332629,
      0.15621036611143993,
      0.13257799949268623,
      0.16534201403568108,
      0.13929990699247485,
      0.027310391477128604,
      0.066584932780925,
      0.16157943688171134,
      0.02612665933880105,
      0.014458442546715144,
      0.05212649023420986,
      0.045277754291029,
      0.047983427750063416,
      0.01158366449649108,
      0.01221780671345227,
      0.023674642766551113,
      0.025027479496068317,
      0.03872495138243003,
      0.043163946901158365,
      0.04984357825314957,
      0.0509427580958823,
      0.05073137735689524,
      0.04701107635072292,
      0.05445167836306756,
      0.04684197175953327,
      0.05326794622474,
      0.007482878160142048,
      0.015557622389447873,
      0.016529973788788364,
      0.01737549674473662,
      0.027141286885938955,
      0.0179673628139004,
      0.020334827090555507,
      0.03289084298638708
    ],
    [
      0.021645387672275303,
      0.026549420816775176,
      0.018559228883064174,
      0.02240635833262873,
      0.06163862348862772,
      0.04980130210535216,
      0.07504016234040754,
      0.0552549251712184,
      0.016064936163016828,
      1.0,
      0.14509173924072039,
      0.0759279614441532,
      0.16563794707026297,
      0.011625940644288492,
      0.01302105352160311,
      0.007694258899129111,
      0.013486091147374651,
      0.020588483977339984,
      0.022152701445844254,
      0.015642174685042698,
      0.05922888306417519,
      0.04121924410247738,
      0.014627547137904795,
      0.02612665933880105,
      0.03301767142977932,
      0.04016234040754207,
      0.04337532764014543,
      0.05631182886615372,
      0.053606155407119306,
      0.13858121247991884,
      0.10793100532679462,
      0.024646994165891604,
      0.03200304388264141,
      0.019193371100025367,
      0.02646486852118035,
      0.023463262027564047,
      0.03005834108396043,
      0.017333220596939206,
      0.013824300329753953,
      0.015092584763676333,
      0.014331614103322905,
      0.013443814999577239,
      0.005876384543840365,
      0.028409571319861333,
      0.009004819480848905,
      0.019996617908176206
    ],
    [
      0.03022744567515008,
      0.03318677602096897,
      0.025788450156421748,
      0.030523378709731968,
      0.06654265663312758,
      0.055635410501395116,
      0.07372960175868774,
      0.058594740847214,
      0.02054620782954257,
      0.14509173924072039,
      1.0,
      0.07148896592542488,
      0.09799611059440264,
      0.01847467658746935,
      0.020165722499365858,
      0.014965756320284096,
      0.019827513316986557,
      0.036611143992559395,
      0.03149573010907246,
      0.023336433584171812,
      0.06755728418026549,
      0.05529720131901581,
      0.02206814915024943,
      0.03289084298638708,
      0.04037372114652913,
      0.048321636932442714,
      0.05538175361461064,
      0.06633127589414052,
      0.06265325103576562,
      0.114526084383191,
      0.09875708125475606,
      0.031664834700262115,
      0.03771032383529213,
      0.027310391477128604,
      0.03251035765621037,
      0.02879005665003805,
      0.03711845776612835,
      0.023463262027564047,
      0.014923480172486682,
      0.01754460133592627,
      0.015134860911473747,
      0.01268284433922381,
      0.007990191933711,
      0.02616893548659846,
      0.011076350722922127,
      0.022448634480426142
    ],
    [
      0.06611989515515346,
      0.07973281474592035,
      0.06163862348862772,
      0.07165807051661452,
      0.13232434260590176,
      0.09245793523294157,
      0.13858121247991884,
      0.09279614441532087,
      0.04756066627208929,
      0.0759279614441532,
      0.07148896592542488,
      1.0,
      0.09490995180519152,
      0.0529297370423607,
      0.06438657309545955,
      0.04916715988839097,
      0.06514754375581297,
      0.02299822440179251,
      0.053141117781347766,
      0.05622727657055889,
      0.087892111270821,
      0.04447450748287816,
      0.06611989515515346,
      0.08531326625517882,
      0.0859051323243426,
      0.045193201995434175,
      0.04671514331614103,
      0.07512471463600237,
      0.0769003128434937,
      0.10717003466644119,
      0.10755051999661791,
      0.06510526760801556,
      0.07639299906992475,
      0.06472478227783884,
      0.06628899974634311,
      0.07339139257630845,
      0.08353766804768749,
      0.057918322482455396,
      0.012260082861249683,
      0.025154307939460555,
      0.022786843662805444,
      0.024308784983512303,
      0.026972182294749302,
      0.03458188889828359,
      0.01991206561258138,
      0.046419210281559146
    ],
    [
      0.0715735182210197,
      0.0848905047772047,
      0.06409064006087765,
      0.07516699078379978,
      0.1181618330937685,
      0.11723175784222542,
      0.11782362391138919,
      0.11473746512217807,
      0.05022406358332629,
      0.16563794707026297,
      0.09799611059440264,
      0.09490995180519152,
      1.0,
      0.06362560243510611,
      0.06967109157013612,
      0.056607761900735604,
      0.07377187790648516,
      0.021053521603111525,
      0.05703052337870973,
      0.06620444745074829,
      0.06540120064259744,
      0.03521603111524478,
      0.06937515853555425,
      0.0792255009723514,
      0.08011330007609707,
      0.03382091823793016,
      0.0359347256278008,
      0.05922888306417519,
      0.06472478227783884,
      0.15519573856430202,
      0.1448803585017333,
      0.07516699078379978,
      0.07837997801640315,
      0.07326456413291621,
      0.07385643020207999,
      0.0718694512556016,
      0.0805360615540712,
      0.06912150164876976,
      0.01158366449649108,
      0.026718525407964825,
      0.025112031791663145,
      0.02832501902426651,
      0.03415912742030946,
      0.032383529212818125,
      0.022617739071615794,
      0.056438657309545955
    ],
    [
      0.24025534793269637,
      0.16825906823370254,
      0.17887038133085315,
      0.14851610721231082,
      0.16808996364251289,
      0.08873763422676925,
      0.06328739325272681,
      0.07791494039063161,
      0.15621036611143993,
      0.011625940644288492,
      0.01847467658746935,
      0.0529297370423607,
      0.06362560243510611,
      1.0,
      0.20461655533947748,
      0.24685042698909276,
      0.18318254840618922,
      0.030311997970744905,
      0.07005157690031284,
      0.22140018601505032,
      0.032848566838589666,
      0.021307178489896002,
      0.07584340914855839,
      0.06874101631859306,
      0.06404836391308023,
      0.018136467405090048,
      0.018136467405090048,
      0.030481102561934557,
      0.031749386995856936,
      0.050815929652490065,
      0.05415574532848567,
      0.06633127589414052,
      0.06874101631859306,
      0.07038978608269214,
      0.0656125813815845,
      0.06937515853555425,
      0.06637355204193794,
      0.07237676502917054,
      0.009765790141202334,
      0.022744567515008033,
      0.022617739071615794,
      0.02604210704320622,
      0.03601927792339562,
      0.019193371100025367,
      0.023843747357740763,
      0.04713790479411516
    ],
    [
      0.1744736619599222,
      0.27986809841887206,
      0.14475353005834107,
      0.2286294072884079,
      0.1613680561427243,
      0.11194723936754883,
      0.08243848820495477,
      0.10264648685211804,
      0.13257799949268623,
      0.01302105352160311,
      0.020165722499365858,
      0.06438657309545955,
      0.06967109157013612,
      0.20461655533947748,
      1.0,
      0.1814492263464953,
      0.2966940052422423,
      0.030269721822947494,
      0.06683858966770947,
      0.17832079140948676,
      0.040585101885516194,
      0.027352667624926018,
      0.09296524900651053,
      0.08429863870804093,
      0.08015557622389448,
      0.023547814323158875,
      0.022955948253995096,
      0.040965587215692906,
      0.04121924410247738,
      0.07284180265494208,
      0.0812124799188298,
      0.08184662213579098,
      0.08438319100363575,
      0.0875539020884417,
      0.08374904878667455,
      0.0862433415067219,
      0.08594740847214002,
      0.08928722414813563,
      0.011921873678870381,
      0.027014458442546716,
      0.026718525407964825,
      0.029846960344973365,
      0.03889405597361968,
      0.023209605140779573,
      0.024520165722499366,
      0.057918322482455396
    ],
    [
      0.20258730024520166,
      0.15371607339139257,
      0.17417772892534034,
      0.14390800710239282,
      0.16102984696034497,
      0.07613934218314027,
      0.05343705081592965,
      0.06730362729348102,
      0.16534201403568108,
      0.007694258899129111,
      0.014965756320284096,
      0.04916715988839097,
      0.056607761900735604,
      0.24685042698909276,
      0.1814492263464953,
      1.0,
      0.19692229644034837,
      0.026676249260167414,
      0.07005157690031284,
      0.21463600236746427,
      0.02912826583241735,
      0.016403145345396126,
      0.06506299146021814,
      0.06273780333136045,
      0.06079310053267946,
      0.014289337955525493,
      0.01285194893041346,
      0.026845353851357064,
      0.026676249260167414,
      0.04274118542318424,
      0.04781432315887376,
      0.06130041430624841,
      0.062357318001183736,
      0.06671176122431724,
      0.06011668216792086,
      0.0649361630168259,
      0.05960936839435191,
      0.06468250613004144,
      0.007947915785913588,
      0.020207998647163272,
      0.020334827090555507,
      0.022110425298046844,
      0.03158028240466729,
      0.016825906823370256,
      0.020926693159719286,
      0.03758349539189989
    ],
    [
      0.172402130717849,
      0.25813815845100196,
      0.14331614103322904,
      0.22359854570051577,
      0.16301682590682337,
      0.11313097150587638,
      0.0792255009723514,
      0.10095544094022153,
      0.13929990699247485,
      0.013486091147374651,
      0.019827513316986557,
      0.06514754375581297,
      0.07377187790648516,
      0.18318254840618922,
      0.2966940052422423,
      0.19692229644034837,
      1.0,
      0.03086158789211127,
      0.06979792001352837,
      0.17603787942842647,
      0.04100786336349032,
      0.025873002452016573,
      0.087892111270821,
      0.08260759279614442,
      0.07808404498182125,
      0.02206814915024943,
      0.021307178489896002,
      0.039866407372960176,
      0.038936332121417096,
      0.0722499365857783,
      0.07964826245032552,
      0.08362222034328232,
      0.08560919928976071,
      0.08996364251289422,
      0.08319945886530819,
      0.08607423691553226,
      0.08429863870804093,
      0.08776528282742876,
      0.010611313097150587,
      0.026803077703559653,
      0.027437219920520842,
      0.02925509427580959,
      0.037837152278684366,
      0.023251881288576984,
      0.02536568867844762,
      0.05669231419633043
    ],
    [
      0.03606155407119303,
      0.03610383021899045,
      0.029846960344973365,
      0.032129872326033655,
      0.03973957892956794,
      0.02760632451171049,
      0.020292550942758097,
      0.022829119810602858,
      0.027310391477128604,
      0.020588483977339984,
      0.036611143992559395,
      0.02299822440179251,
      0.021053521603111525,
      0.030311997970744905,
      0.030269721822947494,
      0.026676249260167414,
      0.03086158789211127,
      1.0,
      0.024055128096727826,
      0.03365181364674051,
      0.033694089794537925,
      0.055889067388179586,
      0.015430793946055635,
      0.01741777289253403,
      0.021222626194301174,
      0.044559059778472986,
      0.0509427580958823,
      0.04388264141371438,
      0.039950959668555004,
      0.022025873002452016,
      0.019362475691215016,
      0.018728333474253827,
      0.02101124545531411,
      0.016107212310814238,
      0.019151094952227953,
      0.018770609622051238,
      0.016868182971167666,
      0.015219413207068572,
      0.02316732899298216,
      0.016191764606409063,
      0.01585355542402976,
      0.01111862687071954,
      0.008328401116090301,
      0.015092584763676333,
      0.012556015895831572,
      0.01158366449649108
    ],
    [
      0.07651982751331698,
      0.07677348440010147,
      0.07292635495053691,
      0.07072799526507145,
      0.08983681406950199,
      0.07275725035934726,
      0.06607761900735605,
      0.06476705842563625,
      0.066584932780925,
      0.022152701445844254,
      0.03149573010907246,
      0.053141117781347766,
      0.05703052337870973,
      0.07005157690031284,
      0.06683858966770947,
      0.07005157690031284,
      0.06979792001352837,
      0.024055128096727826,
      1.0,
      0.07068571911727403,
      0.04772977086327894,
      0.022364082184831317,
      0.053310222372537415,
      0.05352160311152448,
      0.05838336010822694,
      0.02413968039232265,
      0.02223725374143908,
      0.039485922042783464,
      0.04329077534455061,
      0.05102731039147713,
      0.05483216369324427,
      0.05656548575293819,
      0.05944026380316226,
      0.05352160311152448,
      0.050604548913503,
      0.06015895831571827,
      0.05483216369324427,
      0.05166145260843832,
      0.009638961697810096,
      0.018390124291874525,
      0.017586877483723683,
      0.01860150503086159,
      0.024646994165891604,
      0.024351061131309713,
      0.022913672106197682,
      0.03453961275048618
    ],
    [
      0.22326033651813645,
      0.18098418872072378,
      0.1724866830134438,
      0.1568022321806037,
      0.18132239790310306,
      0.09042868013866577,
      0.07030523378709733,
      0.07952143400693329,
      0.16157943688171134,
      0.015642174685042698,
      0.023336433584171812,
      0.05622727657055889,
      0.06620444745074829,
      0.22140018601505032,
      0.17832079140948676,
      0.21463600236746427,
      0.17603787942842647,
      0.03365181364674051,
      0.07068571911727403,
      1.0,
      0.036357487105774924,
      0.022490910628223556,
      0.08070516614526084,
      0.07550519996617908,
      0.07174262281220935,
      0.019996617908176206,
      0.019700684873594318,
      0.03382091823793016,
      0.03614610636678786,
      0.056269552718356305,
      0.061046757419463936,
      0.07068571911727403,
      0.0752092669315972,
      0.07964826245032552,
      0.07093937600405852,
      0.07884501564217468,
      0.0735604971674981,
      0.07880273949437727,
      0.010780417688340238,
      0.022829119810602858,
      0.023378709731969222,
      0.0262957639299907,
      0.03327132831656379,
      0.01953158028240467,
      0.02460471801809419,
      0.043544432231335084
    ],
    [
      0.04100786336349032,
      0.05271835630337364,
      0.04083875877230067,
      0.05102731039147713,
      0.06573940982497675,
      0.06239959414898114,
      0.0755897522617739,
      0.0655703052337871,
      0.02612665933880105,
      0.05922888306417519,
      0.06755728418026549,
      0.087892111270821,
      0.06540120064259744,
      0.032848566838589666,
      0.040585101885516194,
      0.02912826583241735,
      0.04100786336349032,
      0.033694089794537925,
      0.04772977086327894,
      0.036357487105774924,
      1.0,
      0.08696203601927792,
      0.04916715988839097,
      0.062061384966601844,
      0.07072799526507145,
      0.11334235224486344,
      0.09550181787435529,
      0.20854823708463685,
      0.24380654434767904,
      0.0818888982835884,
      0.07964826245032552,
      0.05639638116174854,
      0.06239959414898114,
      0.05073137735689524,
      0.05605817197936924,
      0.05711507567430456,
      0.061258138158451,
      0.04730700938530481,
      0.017164116005749557,
      0.029508751162594063,
      0.027437219920520842,
      0.02566162171302951,
      0.02084214086412446,
      0.036991629322736114,
      0.022829119810602858,
      0.03466644119387841
    ],
    [
      0.027056734590344127,
      0.03225670076942589,
      0.022110425298046844,
      0.02988923649277078,
      0.033482709055550855,
      0.03741439080071024,
      0.036526591696964573,
      0.04037372114652913,
      0.014458442546715144,
      0.04121924410247738,
      0.05529720131901581,
      0.04447450748287816,
      0.03521603111524478,
      0.021307178489896002,
      0.027352667624926018,
      0.016403145345396126,
      0.025873002452016573,
      0.055889067388179586,
      0.022364082184831317,
      0.022490910628223556,
      0.08696203601927792,
      1.0,
      0.026972182294749302,
      0.03153800625686987,
      0.03610383021899045,
      0.0922042783461571,
      0.14230151348609116,
      0.12391138919421663,
      0.09478312336179927,
      0.04950536907077027,
      0.04679969561173586,
      0.03352498520334827,
      0.03492009808066289,
      0.028747780502240635,
      0.03437050815929653,
      0.03119979707449057,
      0.031368901665680224,
      0.02625348778219329,
      0.022279529889236493,
      0.025492517121839857,
      0.02409740424452524,
      0.019362475691215016,
      0.013190158112792762,
      0.027014458442546716,
      0.01893971421324089,
      0.021264902342098588
    ],
    [
      0.07292635495053691,
      0.09863025281136382,
      0.061976832671007016,
      0.08675065528029086,
      0.09474084721400186,
      0.09998308954088103,
      0.08937177644373044,
      0.09791155829880781,
      0.05212649023420986,
      0.014627547137904795,
      0.02206814915024943,
      0.06611989515515346,
      0.06937515853555425,
      0.07584340914855839,
      0.09296524900651053,
      0.06506299146021814,
      0.087892111270821,
      0.015430793946055635,
      0.053310222372537415,
      0.08070516614526084,
      0.04916715988839097,
      0.026972182294749302,
      1.0,
      0.12437642681998816,
      0.12247400016910459,
      0.037076181618330935,
      0.03251035765621037,
      0.04950536907077027,
      0.04422085059609369,
      0.08493278092500212,
      0.09211972605056228,
      0.11448380823539359,
      0.11346918068825569,
      0.11976832671007018,
      0.11330007609706604,
      0.12403821763760886,
      0.12412276993320369,
      0.11672444406865647,
      0.009934894732391985,
      0.029677855753783716,
      0.026380316225585523,
      0.035807897184408556,
      0.05276063245117105,
      0.022152701445844254,
      0.027056734590344127,
      0.05584679124038218
    ],
    [
      0.0725881457681576,
      0.0965164454214932,
      0.062061384966601844,
      0.08535554240297624,
      0.10459118965079901,
      0.09871480510695865,
      0.10133592627039824,
      0.09368394351906655,
      0.045277754291029,
      0.02612665933880105,
      0.03289084298638708,
      0.08531326625517882,
      0.0792255009723514,
      0.06874101631859306,
      0.08429863870804093,
      0.06273780333136045,
      0.08260759279614442,
      0.01741777289253403,
      0.05352160311152448,
      0.07550519996617908,
      0.062061384966601844,
      0.03153800625686987,
      0.12437642681998816,
      1.0,
      0.177728925340323,
      0.03449733660268876,
      0.033778642090132746,
      0.05998985372452862,
      0.05512809672782616,
      0.08763845438403653,
      0.09626278853470872,
      0.10881880443054029,
      0.11938784137989346,
      0.1082269383613765,
      0.10581719793692398,
      0.11456836053098841,
      0.1724866830134438,
      0.10814238606578169,
      0.009343028663228206,
      0.02616893548659846,
      0.026507144668977762,
      0.03305994757757673,
      0.04443223133508075,
      0.02599983089540881,
      0.02583072630421916,
      0.05711507567430456
    ],
    [
      0.06840280713621374,
      0.08806121586201066,
      0.06155407119303289,
      0.08045150925847637,
      0.09943349961951467,
      0.09824976748118712,
      0.09972943265409656,
      0.09605140779572166,
      0.047983427750063416,
      0.03301767142977932,
      0.04037372114652913,
      0.0859051323243426,
      0.08011330007609707,
      0.06404836391308023,
      0.08015557622389448,
      0.06079310053267946,
      0.07808404498182125,
      0.021222626194301174,
      0.05838336010822694,
      0.07174262281220935,
      0.07072799526507145,
      0.03610383021899045,
      0.12247400016910459,
      0.177728925340323,
      1.0,
      0.04045827344212395,
      0.042233871649615284,
      0.06683858966770947,
      0.06218821340999408,
      0.09326118204109242,
      0.10243510611313097,
      0.10615540711930328,
      0.12340407542064767,
      0.1081846622135791,
      0.10864969983935063,
      0.11528705504354443,
      0.15692906062399595,
      0.11203179166314366,
      0.01001944702798681,
      0.026084383191003636,
      0.02604210704320622,
      0.030523378709731968,
      0.04523547814323159,
      0.02570389786082692,
      0.023970575801133,
      0.05508582058002875
    ],
    [
      0.02409740424452524,
      0.029043713536822526,
      0.02194132070685719,
      0.02802908598968462,
      0.032848566838589666,
      0.026422592373382937,
      0.03809080916546884,
      0.028494123615456158,
      0.01158366449649108,
      0.04016234040754207,
      0.048321636932442714,
      0.045193201995434175,
      0.03382091823793016,
      0.018136467405090048,
      0.023547814323158875,
      0.014289337955525493,
      0.02206814915024943,
      0.044559059778472986,
      0.02413968039232265,
      0.019996617908176206,
      0.11334235224486344,
      0.0922042783461571,
      0.037076181618330935,
      0.03449733660268876,
      0.04045827344212395,
      1.0,
      0.2020799864716327,
      0.11769679546799695,
      0.09922211888052761,
      0.041768834023843744,
      0.03914771286040416,
      0.031030692483300922,
      0.03483554578506806,
      0.02769087680730532,
      0.030185169527352666,
      0.03158028240466729,
      0.03327132831656379,
      0.02426650883571489,
      0.021899044559059777,
      0.023843747357740763,
      0.02266001521941321,
      0.01957385643020208,
      0.013486091147374651,
      0.02726811532933119,
      0.01910881880443054,
      0.017925086666102985
    ],
    [
      0.022364082184831317,
      0.02785998139849497,
      0.019277923395620192,
      0.027648600659507905,
      0.03246808150841295,
      0.03259490995180519,
      0.03978185507736535,
      0.03356726135114568,
      0.01221780671345227,
      0.04337532764014543,
      0.05538175361461064,
      0.04671514331614103,
      0.0359347256278008,
      0.018136467405090048,
      0.022955948253995096,
      0.01285194893041346,
      0.021307178489896002,
      0.0509427580958823,
      0.02223725374143908,
      0.019700684873594318,
      0.09550181787435529,
      0.14230151348609116,
      0.03251035765621037,
      0.033778642090132746,
      0.042233871649615284,
      0.2020799864716327,
      1.0,
      0.1268707195400355,
      0.09110509850342437,
      0.04950536907077027,
      0.044094022152701445,
      0.03390547053352499,
      0.0369493531749387,
      0.026676249260167414,
      0.03563879259321891,
      0.03289084298638708,
      0.03538513570643443,
      0.025027479496068317,
      0.020757588568529637,
      0.022321806037033907,
      0.0206307601251374,
      0.017586877483723683,
      0.010695865392745413,
      0.02409740424452524,
      0.015515346241650461,
      0.016529973788788364
    ],
    [
      0.040500549589921366,
      0.04819480848905048,
      0.03656886784476199,
      0.047391561680899634,
      0.05990530142893379,
      0.05842563625602435,
      0.06759956032806291,
      0.060962205123869115,
      0.023674642766551113,
      0.05631182886615372,
      0.06633127589414052,
      0.07512471463600237,
      0.05922888306417519,
      0.030481102561934557,
      0.040965587215692906,
      0.026845353851357064,
      0.039866407372960176,
      0.04388264141371438,
      0.039485922042783464,
      0.03382091823793016,
      0.20854823708463685,
      0.12391138919421663,
      0.04950536907077027,
      0.05998985372452862,
      0.06683858966770947,
      0.11769679546799695,
      0.1268707195400355,
      1.0,
      0.19430117527690877,
      0.07626617062653251,
      0.07368732561089034,
      0.05271835630337364,
      0.05931343535977002,
      0.047391561680899634,
      0.05390208844170119,
      0.05115413883486937,
      0.05703052337870973,
      0.04312167075336095,
      0.018136467405090048,
      0.02976240804937854,
      0.029001437389025112,
      0.02553479326963727,
      0.020419379386150335,
      0.03255263380400778,
      0.021814492263464953,
      0.03234125306502072
    ],
    [
      0.04210704320622305,
      0.05309884163355035,
      0.03775259998308954,
      0.04967447366195992,
      0.0635833262873087,
      0.06455567768664919,
      0.07047433837828697,
      0.06743045573687326,
      0.025027479496068317,
      0.053606155407119306,
      0.06265325103576562,
      0.0769003128434937,
      0.06472478227783884,
      0.031749386995856936,
      0.04121924410247738,
      0.026676249260167414,
      0.038936332121417096,
      0.039950959668555004,
      0.04329077534455061,
      0.03614610636678786,
      0.24380654434767904,
      0.09478312336179927,
      0.04422085059609369,
      0.05512809672782616,
      0.06218821340999408,
      0.09922211888052761,
      0.09110509850342437,
      0.19430117527690877,
      1.0,
      0.07897184408556693,
      0.07542064767058426,
      0.051280967278261605,
      0.05922888306417519,
      0.04756066627208929,
      0.05322567007694259,
      0.050646825061300416,
      0.05508582058002875,
      0.04498182125644711,
      0.018221019700684873,
      0.02807136213748203,
      0.02769087680730532,
      0.02506975564386573,
      0.021264902342098588,
      0.033398156759956034,
      0.022786843662805444,
      0.03403229897691722
    ],
    [
      0.06459795383444661,
      0.0875539020884417,
      0.052211042529804685,
      0.07516699078379978,
      0.14754375581297033,
      0.1940475183901243,
      0.15862010653589245,
      0.19379386150333983,
      0.03872495138243003,
      0.13858121247991884,
      0.114526084383191,
      0.10717003466644119,
      0.15519573856430202,
      0.050815929652490065,
      0.07284180265494208,
      0.04274118542318424,
      0.0722499365857783,
      0.022025873002452016,
      0.05102731039147713,
      0.056269552718356305,
      0.0818888982835884,
      0.04950536907077027,
      0.08493278092500212,
      0.08763845438403653,
      0.09326118204109242,
      0.041768834023843744,
      0.04950536907077027,
      0.07626617062653251,
      0.07897184408556693,
      1.0,
      0.39456328739325275,
      0.0875116259406443,
      0.10163185930498013,
      0.08746934979284687,
      0.09034412784307094,
      0.08146613680561428,
      0.09292297285871312,
      0.08573602773315296,
      0.016360869197598715,
      0.03141117781347764,
      0.03399002282911981,
      0.03906316056480934,
      0.05199966179081762,
      0.031749386995856936,
      0.019362475691215016,
      0.0712353090386404
    ],
    [
      0.06675403737211465,
      0.09562864631774752,
      0.0575801133000761,
      0.08112792762323497,
      0.1574363743975649,
      0.20727995265071447,
      0.16969645725881458,
      0.21049293988331783,
      0.043163946901158365,
      0.10793100532679462,
      0.09875708125475606,
      0.10755051999661791,
      0.1448803585017333,
      0.05415574532848567,
      0.0812124799188298,
      0.04781432315887376,
      0.07964826245032552,
      0.019362475691215016,
      0.05483216369324427,
      0.061046757419463936,
      0.07964826245032552,
      0.04679969561173586,
      0.09211972605056228,
      0.09626278853470872,
      0.10243510611313097,
      0.03914771286040416,
      0.044094022152701445,
      0.07368732561089034,
      0.07542064767058426,
      0.39456328739325275,
      1.0,
      0.10209689693075168,
      0.11325779994926863,
      0.10180096389616979,
      0.10129365012260083,
      0.09630506468250613,
      0.10497167498097573,
      0.09829204362898453,
      0.015050308615878921,
      0.03500465037625772,
      0.035892449480003384,
      0.04341760378794284,
      0.06168089963642513,
      0.02866322820664581,
      0.020419379386150335,
