{
  "model": "Qwen/Qwen2.5-72B-Instruct",
  "sign": "positive",
  "percentage": 0.1,
  "component": "neurons",
  "tasks": [
    "MD/add_sub_2op_symbolic",
    "MD/add_sub_2op_verbal",
    "MD/add_sub_3op_symbolic",
    "MD/add_sub_3op_verbal",
    "MD/code_A",
    "MD/code_B",
    "MD/code_conditional",
    "MD/code_list",
    "MD/code_loop",
    "MD/logic_propositional_1",
    "MD/logic_propositional_symbolic",
    "MD/logic_syllogism_1",
    "MD/logic_syllogism_symbolic",
    "MD/mul_div_2op_symbolic",
    "MD/mul_div_2op_verbal",
    "MD/mul_div_3op_symbolic",
    "MD/mul_div_3op_verbal",
    "MD/number_sequence",
    "MD/number_sorting",
    "MD/simple_equation",
    "ToM/agent",
    "ToM/desires_goals",
    "ToM/emotion_fewshot",
    "ToM/norm_appropriate",
    "ToM/norm_moral",
    "ToM/primary_emotions",
    "ToM/secondary_emotions",
    "ToM/social_interactions",
    "ToM/social_relations",
    "phys/phys_newton",
    "phys/phys_prost",
    "phys/physics_brightness",
    "phys/physics_buoyancy",
    "phys/physics_elasticity",
    "phys/physics_solubility",
    "phys/physics_speed",
    "phys/physics_stability",
    "phys/physics_temperature",
    "Lan/anaphor_gender_agreement",
    "Lan/det_noun_agreement_irregular",
    "Lan/det_noun_agreement_regular",
    "Lan/det_noun_agreement_with_adjective",
    "Lan/hypernymy",
    "Lan/npi",
    "Lan/subject_verb_agreement",
    "Lan/wug"
  ],
  "overlap_matrix": [
    [
      1.0,
      0.5040169133192389,
      0.5678646934460888,
      0.40042283298097253,
      0.3585623678646934,
      0.03763213530655391,
      0.022832980972515855,
      0.02959830866807611,
      0.34376321353065536,
      0.004228329809725159,
      0.010570824524312896,
      0.03044397463002114,
      0.02748414376321353,
      0.533615221987315,
      0.37378435517970404,
      0.49471458773784355,
      0.34587737843551797,
      0.07019027484143764,
      0.05200845665961945,
      0.5534883720930233,
      0.014799154334038054,
      0.01014799154334038,
      0.029175475687103596,
      0.027061310782241013,
      0.024101479915433405,
      0.005919661733615222,
      0.006342494714587738,
      0.011839323467230444,
      0.01649048625792812,
      0.02156448202959831,
      0.019027484143763214,
      0.027906976744186046,
      0.024947145877378434,
      0.024947145877378434,
      0.024101479915433405,
      0.02241014799154334,
      0.026215644820295984,
      0.030866807610993658,
      0.004651162790697674,
      0.009725158562367865,
      0.008456659619450317,
      0.005919661733615222,
      0.01226215644820296,
      0.002959830866807611,
      0.005919661733615222,
      0.019027484143763214
    ],
    [
      0.5040169133192389,
      1.0,
      0.41183932346723046,
      0.53276955602537,
      0.31797040169133195,
      0.10274841437632136,
      0.07822410147991543,
      0.09682875264270613,
      0.24693446088794926,
      0.004228329809725159,
      0.005919661733615222,
      0.04566596194503171,
      0.03551797040169133,
      0.3670190274841438,
      0.5196617336152219,
      0.34334038054968286,
      0.4799154334038055,
      0.06046511627906977,
      0.04820295983086681,
      0.3885835095137421,
      0.016067653276955602,
      0.01733615221987315,
      0.06892177589852008,
      0.05454545454545454,
      0.05243128964059197,
      0.005919661733615222,
      0.008456659619450317,
      0.019873150105708247,
      0.019873150105708247,
      0.07272727272727272,
      0.07315010570824525,
      0.04820295983086681,
      0.06046511627906977,
      0.06427061310782241,
      0.054122621564482026,
      0.06469344608879493,
      0.06257928118393234,
      0.06342494714587738,
      0.005919661733615222,
      0.01226215644820296,
      0.009725158562367865,
      0.008033826638477801,
      0.010570824524312896,
      0.004228329809725159,
      0.004651162790697674,
      0.02029598308668076
    ],
    [
      0.5678646934460888,
      0.41183932346723046,
      1.0,
      0.4080338266384778,
      0.3192389006342495,
      0.035940803382663845,
      0.022832980972515855,
      0.02536997885835095,
      0.29725158562367865,
      0.005919661733615222,
      0.009302325581395349,
      0.02536997885835095,
      0.02536997885835095,
      0.45750528541226215,
      0.3285412262156448,
      0.4456659619450317,
      0.30782241014799155,
      0.05581395348837209,
      0.052854122621564484,
      0.45665961945031713,
      0.01437632135306554,
      0.008456659619450317,
      0.023678646934460888,
      0.025792811839323467,
      0.01945031712473573,
      0.006765327695560253,
      0.0054968287526427064,
      0.01226215644820296,
      0.014799154334038054,
      0.017758985200845664,
      0.015644820295983086,
      0.02241014799154334,
      0.026215644820295984,
      0.026215644820295984,
      0.01818181818181818,
      0.024947145877378434,
      0.021987315010570826,
      0.03044397463002114,
      0.0054968287526427064,
      0.009302325581395349,
      0.009725158562367865,
      0.007610993657505285,
      0.01014799154334038,
      0.0054968287526427064,
      0.00507399577167019,
      0.014799154334038054
    ],
    [
      0.40042283298097253,
      0.53276955602537,
      0.4080338266384778,
      1.0,
      0.26004228329809725,
      0.08372093023255814,
      0.06257928118393234,
      0.07484143763213531,
      0.20507399577167018,
      0.002959830866807611,
      0.008879492600422832,
      0.048625792811839326,
      0.035940803382663845,
      0.31585623678646935,
      0.42241014799154336,
      0.30570824524312895,
      0.40887949260042283,
      0.0507399577167019,
      0.042283298097251586,
      0.3285412262156448,
      0.01818181818181818,
      0.019027484143763214,
      0.0668076109936575,
      0.053276955602537,
      0.042283298097251586,
      0.01226215644820296,
      0.010993657505285413,
      0.021987315010570826,
      0.022832980972515855,
      0.061733615221987316,
      0.05919661733615222,
      0.05116279069767442,
      0.051585623678646934,
      0.05750528541226216,
      0.047357293868921777,
      0.05200845665961945,
      0.0587737843551797,
      0.06046511627906977,
      0.004651162790697674,
      0.010993657505285413,
      0.009302325581395349,
      0.005919661733615222,
      0.01522198731501057,
      0.0016913319238900633,
      0.0038054968287526427,
      0.016913319238900635
    ],
    [
      0.3585623678646934,
      0.31797040169133195,
      0.3192389006342495,
      0.26004228329809725,
      1.0,
      0.20338266384778012,
      0.39323467230443976,
      0.17251585623678647,
      0.3682875264270613,
      0.037209302325581395,
      0.03932346723044398,
      0.11374207188160676,
      0.07906976744186046,
      0.3391120507399577,
      0.29809725158562367,
      0.333615221987315,
      0.2854122621564482,
      0.07272727272727272,
      0.07568710359408033,
      0.36363636363636365,
      0.024101479915433405,
      0.01733615221987315,
      0.08372093023255814,
      0.08921775898520085,
      0.0854122621564482,
      0.012684989429175475,
      0.015644820295983086,
      0.023678646934460888,
      0.028329809725158563,
      0.1551797040169133,
      0.15602536997885835,
      0.07695560253699789,
      0.10274841437632136,
      0.06976744186046512,
      0.0638477801268499,
      0.09175475687103594,
      0.09809725158562368,
      0.07019027484143764,
      0.002959830866807611,
      0.004228329809725159,
      0.0038054968287526427,
      0.0016913319238900633,
      0.0021141649048625794,
      0.00507399577167019,
      0.002959830866807611,
      0.021987315010570826
    ],
    [
      0.03763213530655391,
      0.10274841437632136,
      0.035940803382663845,
      0.08372093023255814,
      0.20338266384778012,
      1.0,
      0.3095137420718816,
      0.5978858350951374,
      0.023678646934460888,
      0.021141649048625793,
      0.03805496828752643,
      0.07568710359408033,
      0.10993657505285412,
      0.03551797040169133,
      0.09513742071881606,
      0.03128964059196617,
      0.09682875264270613,
      0.022832980972515855,
      0.05369978858350952,
      0.03805496828752643,
      0.024101479915433405,
      0.03171247357293869,
      0.13403805496828752,
      0.11627906976744186,
      0.11374207188160676,
      0.006765327695560253,
      0.019873150105708247,
      0.027906976744186046,
      0.04312896405919662,
      0.33488372093023255,
      0.34418604651162793,
      0.11712473572938689,
      0.1331923890063425,
      0.12727272727272726,
      0.12938689217758986,
      0.11923890063424947,
      0.12219873150105708,
      0.13446088794926003,
      0.0038054968287526427,
      0.008456659619450317,
      0.008879492600422832,
      0.009302325581395349,
      0.01733615221987315,
      0.0021141649048625794,
      0.0033826638477801266,
      0.06004228329809725
    ],
    [
      0.022832980972515855,
      0.07822410147991543,
      0.022832980972515855,
      0.06257928118393234,
      0.39323467230443976,
      0.3095137420718816,
      1.0,
      0.29471458773784354,
      0.011416490486257928,
      0.06596194503171247,
      0.06976744186046512,
      0.1657505285412262,
      0.1306553911205074,
      0.02029598308668076,
      0.06892177589852008,
      0.015644820295983086,
      0.06046511627906977,
      0.01014799154334038,
      0.05200845665961945,
      0.02241014799154334,
      0.03932346723044398,
      0.026215644820295984,
      0.12558139534883722,
      0.1412262156448203,
      0.13953488372093023,
      0.018604651162790697,
      0.02241014799154334,
      0.03255813953488372,
      0.042283298097251586,
      0.22748414376321352,
      0.22959830866807612,
      0.12050739957716702,
      0.14545454545454545,
      0.1014799154334038,
      0.09809725158562368,
      0.1365750528541226,
      0.15391120507399578,
      0.1010570824524313,
      0.002959830866807611,
      0.00718816067653277,
      0.004651162790697674,
      0.002959830866807611,
      0.006765327695560253,
      0.00718816067653277,
      0.0038054968287526427,
      0.045243128964059194
    ],
    [
      0.02959830866807611,
      0.09682875264270613,
      0.02536997885835095,
      0.07484143763213531,
      0.17251585623678647,
      0.5978858350951374,
      0.29471458773784354,
      1.0,
      0.01437632135306554,
      0.020718816067653276,
      0.03932346723044398,
      0.08160676532769556,
      0.11966173361522199,
      0.021141649048625793,
      0.08414376321353066,
      0.02029598308668076,
      0.09006342494714588,
      0.010570824524312896,
      0.04482029598308668,
      0.023255813953488372,
      0.025792811839323467,
      0.03382663847780127,
      0.14334038054968287,
      0.13150105708245244,
      0.12642706131078224,
      0.006765327695560253,
      0.018604651162790697,
      0.03044397463002114,
      0.0427061310782241,
      0.3399577167019027,
      0.358985200845666,
      0.133615221987315,
      0.1463002114164905,
      0.133615221987315,
      0.13995771670190274,
      0.12727272727272726,
      0.13953488372093023,
      0.14334038054968287,
      0.006342494714587738,
      0.01014799154334038,
      0.01226215644820296,
      0.011839323467230444,
      0.021987315010570826,
      0.002536997885835095,
      0.004228329809725159,
      0.06046511627906977
    ],
    [
      0.34376321353065536,
      0.24693446088794926,
      0.29725158562367865,
      0.20507399577167018,
      0.3682875264270613,
      0.023678646934460888,
      0.011416490486257928,
      0.01437632135306554,
      1.0,
      0.0008456659619450317,
      0.006765327695560253,
      0.01649048625792812,
      0.016067653276955602,
      0.358985200845666,
      0.2668076109936575,
      0.3682875264270613,
      0.280338266384778,
      0.06046511627906977,
      0.04186046511627907,
      0.38097251585623676,
      0.00718816067653277,
      0.006342494714587738,
      0.01226215644820296,
      0.011416490486257928,
      0.010570824524312896,
      0.0033826638477801266,
      0.002959830866807611,
      0.006765327695560253,
      0.006765327695560253,
      0.006765327695560253,
      0.007610993657505285,
      0.008879492600422832,
      0.011839323467230444,
      0.013107822410147992,
      0.010993657505285413,
      0.010993657505285413,
      0.011416490486257928,
      0.013530655391120507,
      0.002959830866807611,
      0.00507399577167019,
      0.00507399577167019,
      0.002959830866807611,
      0.004651162790697674,
      0.002536997885835095,
      0.0038054968287526427,
      0.006765327695560253
    ],
    [
      0.004228329809725159,
      0.004228329809725159,
      0.005919661733615222,
      0.002959830866807611,
      0.037209302325581395,
      0.021141649048625793,
      0.06596194503171247,
      0.020718816067653276,
      0.0008456659619450317,
      1.0,
      0.1839323467230444,
      0.07441860465116279,
      0.19238900634249473,
      0.0016913319238900633,
      0.0016913319238900633,
      0.0016913319238900633,
      0.0012684989429175475,
      0.0054968287526427064,
      0.013530655391120507,
      0.0021141649048625794,
      0.03255813953488372,
      0.013530655391120507,
      0.007610993657505285,
      0.020718816067653276,
      0.03932346723044398,
      0.020718816067653276,
      0.019873150105708247,
      0.02452431289640592,
      0.034249471458773786,
      0.12854122621564482,
      0.0985200845665962,
      0.014799154334038054,
      0.030866807610993658,
      0.008456659619450317,
      0.01649048625792812,
      0.01945031712473573,
      0.030866807610993658,
      0.013530655391120507,
      0.0008456659619450317,
      0.00042283298097251583,
      0.0,
      0.00042283298097251583,
      0.00042283298097251583,
      0.008033826638477801,
      0.00042283298097251583,
      0.0012684989429175475
    ],
    [
      0.010570824524312896,
      0.005919661733615222,
      0.009302325581395349,
      0.008879492600422832,
      0.03932346723044398,
      0.03805496828752643,
      0.06976744186046512,
      0.03932346723044398,
      0.006765327695560253,
      0.1839323467230444,
      1.0,
      0.06892177589852008,
      0.12727272727272726,
      0.0054968287526427064,
      0.002536997885835095,
      0.005919661733615222,
      0.00507399577167019,
      0.021141649048625793,
      0.01945031712473573,
      0.006342494714587738,
      0.046511627906976744,
      0.019873150105708247,
      0.011839323467230444,
      0.030866807610993658,
      0.047357293868921777,
      0.02959830866807611,
      0.03171247357293869,
      0.03763213530655391,
      0.04566596194503171,
      0.12896405919661733,
      0.10274841437632136,
      0.01945031712473573,
      0.035940803382663845,
      0.014799154334038054,
      0.019873150105708247,
      0.022832980972515855,
      0.03340380549682875,
      0.019027484143763214,
      0.0021141649048625794,
      0.002536997885835095,
      0.0016913319238900633,
      0.0,
      0.00042283298097251583,
      0.004651162790697674,
      0.0016913319238900633,
      0.004228329809725159
    ],
    [
      0.03044397463002114,
      0.04566596194503171,
      0.02536997885835095,
      0.048625792811839326,
      0.11374207188160676,
      0.07568710359408033,
      0.1657505285412262,
      0.08160676532769556,
      0.01649048625792812,
      0.07441860465116279,
      0.06892177589852008,
      1.0,
      0.09344608879492601,
      0.024947145877378434,
      0.03551797040169133,
      0.02452431289640592,
      0.03255813953488372,
      0.01522198731501057,
      0.03678646934460888,
      0.021987315010570826,
      0.05835095137420719,
      0.030021141649048625,
      0.06046511627906977,
      0.09640591966173362,
      0.09471458773784355,
      0.030021141649048625,
      0.03171247357293869,
      0.04904862579281184,
      0.04608879492600423,
      0.08879492600422834,
      0.0828752642706131,
      0.05369978858350952,
      0.0828752642706131,
      0.06046511627906977,
      0.06300211416490487,
      0.08752642706131078,
      0.09725158562367865,
      0.05835095137420719,
      0.0054968287526427064,
      0.013530655391120507,
      0.010993657505285413,
      0.01014799154334038,
      0.01649048625792812,
      0.013530655391120507,
      0.006342494714587738,
      0.030021141649048625
    ],
    [
      0.02748414376321353,
      0.03551797040169133,
      0.02536997885835095,
      0.035940803382663845,
      0.07906976744186046,
      0.10993657505285412,
      0.1306553911205074,
      0.11966173361522199,
      0.016067653276955602,
      0.19238900634249473,
      0.12727272727272726,
      0.09344608879492601,
      1.0,
      0.02241014799154334,
      0.0346723044397463,
      0.021141649048625793,
      0.037209302325581395,
      0.011416490486257928,
      0.04439746300211417,
      0.02156448202959831,
      0.04312896405919662,
      0.023255813953488372,
      0.0613107822410148,
      0.07526427061310782,
      0.08752642706131078,
      0.013953488372093023,
      0.016913319238900635,
      0.03340380549682875,
      0.04904862579281184,
      0.19534883720930232,
      0.17167019027484143,
      0.07653276955602537,
      0.08372093023255814,
      0.06553911205073996,
      0.07103594080338266,
      0.0638477801268499,
      0.08414376321353066,
      0.06596194503171247,
      0.00718816067653277,
      0.01818181818181818,
      0.015644820295983086,
      0.01226215644820296,
      0.01945031712473573,
      0.011839323467230444,
      0.008879492600422832,
      0.032135306553911204
    ],
    [
      0.533615221987315,
      0.3670190274841438,
      0.45750528541226215,
      0.31585623678646935,
      0.3391120507399577,
      0.03551797040169133,
      0.02029598308668076,
      0.021141649048625793,
      0.358985200845666,
      0.0016913319238900633,
      0.0054968287526427064,
      0.024947145877378434,
      0.02241014799154334,
      1.0,
      0.5293868921775898,
      0.6287526427061311,
      0.45454545454545453,
      0.07019027484143764,
      0.04947145877378435,
      0.5479915433403806,
      0.01014799154334038,
      0.006342494714587738,
      0.02241014799154334,
      0.024947145877378434,
      0.018604651162790697,
      0.0054968287526427064,
      0.004228329809725159,
      0.009725158562367865,
      0.012684989429175475,
      0.01733615221987315,
      0.01818181818181818,
      0.022832980972515855,
      0.022832980972515855,
      0.0266384778012685,
      0.02536997885835095,
      0.019873150105708247,
      0.023678646934460888,
      0.024947145877378434,
      0.0038054968287526427,
      0.008456659619450317,
      0.008879492600422832,
      0.007610993657505285,
      0.01437632135306554,
      0.0021141649048625794,
      0.0038054968287526427,
      0.01437632135306554
    ],
    [
      0.37378435517970404,
      0.5196617336152219,
      0.3285412262156448,
      0.42241014799154336,
      0.29809725158562367,
      0.09513742071881606,
      0.06892177589852008,
      0.08414376321353066,
      0.2668076109936575,
      0.0016913319238900633,
      0.002536997885835095,
      0.03551797040169133,
      0.0346723044397463,
      0.5293868921775898,
      1.0,
      0.46807610993657506,
      0.6143763213530655,
      0.06088794926004228,
      0.046511627906976744,
      0.41014799154334036,
      0.013530655391120507,
      0.012684989429175475,
      0.07103594080338266,
      0.05369978858350952,
      0.045243128964059194,
      0.005919661733615222,
      0.0033826638477801266,
      0.014799154334038054,
      0.01945031712473573,
      0.07188160676532769,
      0.07441860465116279,
      0.04608879492600423,
      0.06004228329809725,
      0.05708245243128964,
      0.055391120507399576,
      0.059619450317124734,
      0.057928118393234675,
      0.056659619450317125,
      0.004651162790697674,
      0.007610993657505285,
      0.007610993657505285,
      0.0054968287526427064,
      0.009725158562367865,
      0.002959830866807611,
      0.004228329809725159,
      0.016913319238900635
    ],
    [
      0.49471458773784355,
      0.34334038054968286,
      0.4456659619450317,
      0.30570824524312895,
      0.333615221987315,
      0.03128964059196617,
      0.015644820295983086,
      0.02029598308668076,
      0.3682875264270613,
      0.0016913319238900633,
      0.005919661733615222,
      0.02452431289640592,
      0.021141649048625793,
      0.6287526427061311,
      0.46807610993657506,
      1.0,
      0.48372093023255813,
      0.06469344608879493,
      0.050317124735729385,
      0.5496828752642706,
      0.009725158562367865,
      0.007610993657505285,
      0.024101479915433405,
      0.024947145877378434,
      0.021141649048625793,
      0.005919661733615222,
      0.0038054968287526427,
      0.01226215644820296,
      0.012684989429175475,
      0.017758985200845664,
      0.017758985200845664,
      0.023255813953488372,
      0.023678646934460888,
      0.029175475687103596,
      0.02029598308668076,
      0.02029598308668076,
      0.01945031712473573,
      0.0266384778012685,
      0.002959830866807611,
      0.008456659619450317,
      0.008879492600422832,
      0.00718816067653277,
      0.011839323467230444,
      0.002959830866807611,
      0.004228329809725159,
      0.013530655391120507
    ],
    [
      0.34587737843551797,
      0.4799154334038055,
      0.30782241014799155,
      0.40887949260042283,
      0.2854122621564482,
      0.09682875264270613,
      0.06046511627906977,
      0.09006342494714588,
      0.280338266384778,
      0.0012684989429175475,
      0.00507399577167019,
      0.03255813953488372,
      0.037209302325581395,
      0.45454545454545453,
      0.6143763213530655,
      0.48372093023255813,
      1.0,
      0.05835095137420719,
      0.04608879492600423,
      0.386046511627907,
      0.013107822410147992,
      0.015644820295983086,
      0.07019027484143764,
      0.05750528541226216,
      0.05116279069767442,
      0.00507399577167019,
      0.004651162790697674,
      0.016067653276955602,
      0.02156448202959831,
      0.07610993657505286,
      0.07822410147991543,
      0.05116279069767442,
      0.061733615221987316,
      0.06553911205073996,
      0.055391120507399576,
      0.06004228329809725,
      0.06427061310782241,
      0.06046511627906977,
      0.0033826638477801266,
      0.006765327695560253,
      0.004651162790697674,
      0.007610993657505285,
      0.009725158562367865,
      0.002959830866807611,
      0.002959830866807611,
      0.01818181818181818
    ],
    [
      0.07019027484143764,
      0.06046511627906977,
      0.05581395348837209,
      0.0507399577167019,
      0.07272727272727272,
      0.022832980972515855,
      0.01014799154334038,
      0.010570824524312896,
      0.06046511627906977,
      0.0054968287526427064,
      0.021141649048625793,
      0.01522198731501057,
      0.011416490486257928,
      0.07019027484143764,
      0.06088794926004228,
      0.06469344608879493,
      0.05835095137420719,
      1.0,
      0.03932346723044398,
      0.07357293868921776,
      0.017758985200845664,
      0.03128964059196617,
      0.008033826638477801,
      0.013530655391120507,
      0.01733615221987315,
      0.02241014799154334,
      0.0266384778012685,
      0.02748414376321353,
      0.024101479915433405,
      0.005919661733615222,
      0.00507399577167019,
      0.012684989429175475,
      0.013953488372093023,
      0.01014799154334038,
      0.01733615221987315,
      0.011839323467230444,
      0.011839323467230444,
      0.013953488372093023,
      0.0038054968287526427,
      0.00507399577167019,
      0.004228329809725159,
      0.0016913319238900633,
      0.0008456659619450317,
      0.002536997885835095,
      0.002959830866807611,
      0.0008456659619450317
    ],
    [
      0.05200845665961945,
      0.04820295983086681,
      0.052854122621564484,
      0.042283298097251586,
      0.07568710359408033,
      0.05369978858350952,
      0.05200845665961945,
      0.04482029598308668,
      0.04186046511627907,
      0.013530655391120507,
      0.01945031712473573,
      0.03678646934460888,
      0.04439746300211417,
      0.04947145877378435,
      0.046511627906976744,
      0.050317124735729385,
      0.04608879492600423,
      0.03932346723044398,
      1.0,
      0.04820295983086681,
      0.0266384778012685,
      0.011839323467230444,
      0.03298097251585624,
      0.039746300211416494,
      0.05200845665961945,
      0.01226215644820296,
      0.010993657505285413,
      0.019027484143763214,
      0.030021141649048625,
      0.04482029598308668,
      0.04143763213530655,
      0.030866807610993658,
      0.05454545454545454,
      0.034249471458773786,
      0.03551797040169133,
      0.0427061310782241,
      0.03763213530655391,
      0.032135306553911204,
      0.006342494714587738,
      0.004651162790697674,
      0.0038054968287526427,
      0.0016913319238900633,
      0.0016913319238900633,
      0.0033826638477801266,
      0.006342494714587738,
      0.013107822410147992
    ],
    [
      0.5534883720930233,
      0.3885835095137421,
      0.45665961945031713,
      0.3285412262156448,
      0.36363636363636365,
      0.03805496828752643,
      0.02241014799154334,
      0.023255813953488372,
      0.38097251585623676,
      0.0021141649048625794,
      0.006342494714587738,
      0.021987315010570826,
      0.02156448202959831,
      0.5479915433403806,
      0.41014799154334036,
      0.5496828752642706,
      0.386046511627907,
      0.07357293868921776,
      0.04820295983086681,
      1.0,
      0.010993657505285413,
      0.008033826638477801,
      0.026215644820295984,
      0.02536997885835095,
      0.023678646934460888,
      0.00507399577167019,
      0.005919661733615222,
      0.011416490486257928,
      0.013530655391120507,
      0.018604651162790697,
      0.020718816067653276,
      0.021141649048625793,
      0.021141649048625793,
      0.025792811839323467,
      0.01818181818181818,
      0.02029598308668076,
      0.023255813953488372,
      0.028329809725158563,
      0.0054968287526427064,
      0.006765327695560253,
      0.005919661733615222,
      0.0038054968287526427,
      0.008456659619450317,
      0.0038054968287526427,
      0.002536997885835095,
      0.011416490486257928
    ],
    [
      0.014799154334038054,
      0.016067653276955602,
      0.01437632135306554,
      0.01818181818181818,
      0.024101479915433405,
      0.024101479915433405,
      0.03932346723044398,
      0.025792811839323467,
      0.00718816067653277,
      0.03255813953488372,
      0.046511627906976744,
      0.05835095137420719,
      0.04312896405919662,
      0.01014799154334038,
      0.013530655391120507,
      0.009725158562367865,
      0.013107822410147992,
      0.017758985200845664,
      0.0266384778012685,
      0.010993657505285413,
      1.0,
      0.08583509513742071,
      0.03678646934460888,
      0.04439746300211417,
      0.06046511627906977,
      0.11839323467230443,
      0.08837209302325581,
      0.1894291754756871,
      0.2900634249471459,
      0.03763213530655391,
      0.026215644820295984,
      0.03044397463002114,
      0.04778012684989429,
      0.03044397463002114,
      0.03298097251585624,
      0.034249471458773786,
      0.03298097251585624,
      0.03340380549682875,
      0.008033826638477801,
      0.006342494714587738,
      0.004651162790697674,
      0.0033826638477801266,
      0.004228329809725159,
      0.008033826638477801,
      0.0033826638477801266,
      0.009302325581395349
    ],
    [
      0.01014799154334038,
      0.01733615221987315,
      0.008456659619450317,
      0.019027484143763214,
      0.01733615221987315,
      0.03171247357293869,
      0.026215644820295984,
      0.03382663847780127,
      0.006342494714587738,
      0.013530655391120507,
      0.019873150105708247,
      0.030021141649048625,
      0.023255813953488372,
      0.006342494714587738,
      0.012684989429175475,
      0.007610993657505285,
      0.015644820295983086,
      0.03128964059196617,
      0.011839323467230444,
      0.008033826638477801,
      0.08583509513742071,
      1.0,
      0.023255813953488372,
      0.02241014799154334,
      0.028329809725158563,
      0.0824524312896406,
      0.1649048625792812,
      0.1492600422832981,
      0.09048625792811839,
      0.032135306553911204,
      0.028329809725158563,
      0.020718816067653276,
      0.023678646934460888,
      0.02241014799154334,
      0.024101479915433405,
      0.021141649048625793,
      0.024947145877378434,
      0.02156448202959831,
      0.008879492600422832,
      0.00718816067653277,
      0.002536997885835095,
      0.0038054968287526427,
      0.0012684989429175475,
      0.01014799154334038,
      0.0054968287526427064,
      0.00718816067653277
    ],
    [
      0.029175475687103596,
      0.06892177589852008,
      0.023678646934460888,
      0.0668076109936575,
      0.08372093023255814,
      0.13403805496828752,
      0.12558139534883722,
      0.14334038054968287,
      0.01226215644820296,
      0.007610993657505285,
      0.011839323467230444,
      0.06046511627906977,
      0.0613107822410148,
      0.02241014799154334,
      0.07103594080338266,
      0.024101479915433405,
      0.07019027484143764,
      0.008033826638477801,
      0.03298097251585624,
      0.026215644820295984,
      0.03678646934460888,
      0.023255813953488372,
      1.0,
      0.14418604651162792,
      0.13488372093023257,
      0.02875264270613108,
      0.024947145877378434,
      0.037209302325581395,
      0.03763213530655391,
      0.1281183932346723,
      0.1357293868921776,
      0.13192389006342495,
      0.1416490486257928,
      0.14249471458773785,
      0.12600422832980973,
      0.13784355179704016,
      0.14418604651162792,
      0.12600422832980973,
      0.00507399577167019,
      0.019027484143763214,
      0.01945031712473573,
      0.021987315010570826,
      0.03340380549682875,
      0.002536997885835095,
      0.008879492600422832,
      0.027906976744186046
    ],
    [
      0.027061310782241013,
      0.05454545454545454,
      0.025792811839323467,
      0.053276955602537,
      0.08921775898520085,
      0.11627906976744186,
      0.1412262156448203,
      0.13150105708245244,
      0.011416490486257928,
      0.020718816067653276,
      0.030866807610993658,
      0.09640591966173362,
      0.07526427061310782,
      0.024947145877378434,
      0.05369978858350952,
      0.024947145877378434,
      0.05750528541226216,
      0.013530655391120507,
      0.039746300211416494,
      0.02536997885835095,
      0.04439746300211417,
      0.02241014799154334,
      0.14418604651162792,
      1.0,
      0.23086680761099365,
      0.021987315010570826,
      0.02156448202959831,
      0.03678646934460888,
      0.04186046511627907,
      0.11670190274841438,
      0.1276955602536998,
      0.1365750528541226,
      0.16236786469344608,
      0.12473572938689217,
      0.1200845665961945,
      0.13911205073995772,
      0.24651162790697675,
      0.1331923890063425,
      0.006342494714587738,
      0.01818181818181818,
      0.018604651162790697,
      0.01733615221987315,
      0.022832980972515855,
      0.005919661733615222,
      0.008879492600422832,
      0.03128964059196617
    ],
    [
      0.024101479915433405,
      0.05243128964059197,
      0.01945031712473573,
      0.042283298097251586,
      0.0854122621564482,
      0.11374207188160676,
      0.13953488372093023,
      0.12642706131078224,
      0.010570824524312896,
      0.03932346723044398,
      0.047357293868921777,
      0.09471458773784355,
      0.08752642706131078,
      0.018604651162790697,
      0.045243128964059194,
      0.021141649048625793,
      0.05116279069767442,
      0.01733615221987315,
      0.05200845665961945,
      0.023678646934460888,
      0.06046511627906977,
      0.028329809725158563,
      0.13488372093023257,
      0.23086680761099365,
      1.0,
      0.03890063424947146,
      0.040169133192389,
      0.056659619450317125,
      0.05623678646934461,
      0.13911205073995772,
      0.14545454545454545,
      0.11923890063424947,
      0.17293868921775898,
      0.12050739957716702,
      0.13192389006342495,
      0.1306553911205074,
      0.2211416490486258,
      0.1517970401691332,
      0.005919661733615222,
      0.016913319238900635,
      0.01226215644820296,
      0.012684989429175475,
      0.017758985200845664,
      0.004651162790697674,
      0.006342494714587738,
      0.03382663847780127
    ],
    [
      0.005919661733615222,
      0.005919661733615222,
      0.006765327695560253,
      0.01226215644820296,
      0.012684989429175475,
      0.006765327695560253,
      0.018604651162790697,
      0.006765327695560253,
      0.0033826638477801266,
      0.020718816067653276,
      0.02959830866807611,
      0.030021141649048625,
      0.013953488372093023,
      0.0054968287526427064,
      0.005919661733615222,
      0.005919661733615222,
      0.00507399577167019,
      0.02241014799154334,
      0.01226215644820296,
      0.00507399577167019,
      0.11839323467230443,
      0.0824524312896406,
      0.02875264270613108,
      0.021987315010570826,
      0.03890063424947146,
      1.0,
      0.19408033826638477,
      0.10063424947145877,
      0.08921775898520085,
      0.01522198731501057,
      0.013530655391120507,
      0.016067653276955602,
      0.029175475687103596,
      0.010993657505285413,
      0.015644820295983086,
      0.01945031712473573,
      0.019027484143763214,
      0.013107822410147992,
      0.006765327695560253,
      0.005919661733615222,
      0.0038054968287526427,
      0.0016913319238900633,
      0.0008456659619450317,
      0.008456659619450317,
      0.004228329809725159,
      0.002959830866807611
    ],
    [
      0.006342494714587738,
      0.008456659619450317,
      0.0054968287526427064,
      0.010993657505285413,
      0.015644820295983086,
      0.019873150105708247,
      0.02241014799154334,
      0.018604651162790697,
      0.002959830866807611,
      0.019873150105708247,
      0.03171247357293869,
      0.03171247357293869,
      0.016913319238900635,
      0.004228329809725159,
      0.0033826638477801266,
      0.0038054968287526427,
      0.004651162790697674,
      0.0266384778012685,
      0.010993657505285413,
      0.005919661733615222,
      0.08837209302325581,
      0.1649048625792812,
      0.024947145877378434,
      0.02156448202959831,
      0.040169133192389,
      0.19408033826638477,
      1.0,
      0.12854122621564482,
      0.07610993657505286,
      0.029175475687103596,
      0.023678646934460888,
      0.019873150105708247,
      0.028329809725158563,
      0.013953488372093023,
      0.01649048625792812,
      0.019027484143763214,
      0.021987315010570826,
      0.017758985200845664,
      0.0033826638477801266,
      0.004651162790697674,
      0.0021141649048625794,
      0.0,
      0.0021141649048625794,
      0.008033826638477801,
      0.002536997885835095,
      0.005919661733615222
    ],
    [
      0.011839323467230444,
      0.019873150105708247,
      0.01226215644820296,
      0.021987315010570826,
      0.023678646934460888,
      0.027906976744186046,
      0.03255813953488372,
      0.03044397463002114,
      0.006765327695560253,
      0.02452431289640592,
      0.03763213530655391,
      0.04904862579281184,
      0.03340380549682875,
      0.009725158562367865,
      0.014799154334038054,
      0.01226215644820296,
      0.016067653276955602,
      0.02748414376321353,
      0.019027484143763214,
      0.011416490486257928,
      0.1894291754756871,
      0.1492600422832981,
      0.037209302325581395,
      0.03678646934460888,
      0.056659619450317125,
      0.10063424947145877,
      0.12854122621564482,
      1.0,
      0.1894291754756871,
      0.041014799154334036,
      0.03382663847780127,
      0.03171247357293869,
      0.04312896405919662,
      0.03171247357293869,
      0.030021141649048625,
      0.035940803382663845,
      0.04312896405919662,
      0.03255813953488372,
      0.006342494714587738,
      0.00718816067653277,
      0.004651162790697674,
      0.00507399577167019,
      0.00507399577167019,
      0.004651162790697674,
      0.004228329809725159,
      0.00718816067653277
    ],
    [
      0.01649048625792812,
      0.019873150105708247,
      0.014799154334038054,
      0.022832980972515855,
      0.028329809725158563,
      0.04312896405919662,
      0.042283298097251586,
      0.0427061310782241,
      0.006765327695560253,
      0.034249471458773786,
      0.04566596194503171,
      0.04608879492600423,
      0.04904862579281184,
      0.012684989429175475,
      0.01945031712473573,
      0.012684989429175475,
      0.02156448202959831,
      0.024101479915433405,
      0.030021141649048625,
      0.013530655391120507,
      0.2900634249471459,
      0.09048625792811839,
      0.03763213530655391,
      0.04186046511627907,
      0.05623678646934461,
      0.08921775898520085,
      0.07610993657505286,
      0.1894291754756871,
      1.0,
      0.055391120507399576,
      0.04566596194503171,
      0.03636363636363636,
      0.04947145877378435,
      0.03763213530655391,
      0.043551797040169135,
      0.040169133192389,
      0.04482029598308668,
      0.050317124735729385,
      0.008879492600422832,
      0.011416490486257928,
      0.007610993657505285,
      0.004651162790697674,
      0.0038054968287526427,
      0.00718816067653277,
      0.0054968287526427064,
      0.009302325581395349
    ],
    [
      0.02156448202959831,
      0.07272727272727272,
      0.017758985200845664,
      0.061733615221987316,
      0.1551797040169133,
      0.33488372093023255,
      0.22748414376321352,
      0.3399577167019027,
      0.006765327695560253,
      0.12854122621564482,
      0.12896405919661733,
      0.08879492600422834,
      0.19534883720930232,
      0.01733615221987315,
      0.07188160676532769,
      0.017758985200845664,
      0.07610993657505286,
      0.005919661733615222,
      0.04482029598308668,
      0.018604651162790697,
      0.03763213530655391,
      0.032135306553911204,
      0.1281183932346723,
      0.11670190274841438,
      0.13911205073995772,
      0.01522198731501057,
      0.029175475687103596,
      0.041014799154334036,
      0.055391120507399576,
      1.0,
      0.5416490486257928,
      0.11670190274841438,
      0.1463002114164905,
      0.12431289640591967,
      0.12727272727272726,
      0.11120507399577167,
      0.13784355179704016,
      0.13023255813953488,
      0.00718816067653277,
      0.012684989429175475,
      0.010570824524312896,
      0.010570824524312896,
      0.01437632135306554,
      0.00507399577167019,
      0.0038054968287526427,
      0.03509513742071882
    ],
    [
      0.019027484143763214,
      0.07315010570824525,
      0.015644820295983086,
      0.05919661733615222,
      0.15602536997885835,
      0.34418604651162793,
      0.22959830866807612,
      0.358985200845666,
      0.007610993657505285,
      0.0985200845665962,
      0.10274841437632136,
      0.0828752642706131,
      0.17167019027484143,
      0.01818181818181818,
      0.07441860465116279,
      0.017758985200845664,
      0.07822410147991543,
      0.00507399577167019,
      0.04143763213530655,
      0.020718816067653276,
      0.026215644820295984,
      0.028329809725158563,
      0.1357293868921776,
      0.1276955602536998,
      0.14545454545454545,
      0.013530655391120507,
      0.023678646934460888,
      0.03382663847780127,
      0.04566596194503171,
      0.5416490486257928,
      1.0,
      0.12642706131078224,
      0.15813953488372093,
      0.13234672304439746,
