,MD/add_sub_2op_symbolic,MD/add_sub_2op_verbal,MD/add_sub_3op_symbolic,MD/add_sub_3op_verbal,MD/code_A,MD/code_B,MD/code_conditional,MD/code_list,MD/code_loop,MD/logic_propositional_1,MD/logic_propositional_symbolic,MD/logic_syllogism_1,MD/logic_syllogism_symbolic,MD/mul_div_2op_symbolic,MD/mul_div_2op_verbal,MD/mul_div_3op_symbolic,MD/mul_div_3op_verbal,MD/number_sequence,MD/number_sorting,MD/simple_equation,ToM/agent,ToM/desires_goals,ToM/emotion_fewshot,ToM/norm_appropriate,ToM/norm_moral,ToM/primary_emotions,ToM/secondary_emotions,ToM/social_interactions,ToM/social_relations,phys/phys_newton,phys/phys_prost,phys/physics_brightness,phys/physics_buoyancy,phys/physics_elasticity,phys/physics_solubility,phys/physics_speed,phys/physics_stability,phys/physics_temperature,Lan/anaphor_gender_agreement,Lan/det_noun_agreement_irregular,Lan/det_noun_agreement_regular,Lan/det_noun_agreement_with_adjective,Lan/hypernymy,Lan/npi,Lan/subject_verb_agreement,Lan/wug
MD/add_sub_2op_symbolic,1.0000,0.5778,0.6675,0.5000,0.3723,0.0135,0.0059,0.0068,0.3773,0.0000,0.0025,0.0076,0.0085,0.5296,0.3934,0.5051,0.3562,0.0736,0.0296,0.5854,0.0068,0.0059,0.0093,0.0076,0.0076,0.0034,0.0034,0.0059,0.0042,0.0076,0.0051,0.0102,0.0059,0.0059,0.0093,0.0059,0.0093,0.0102,0.0000,0.0025,0.0034,0.0017,0.0017,0.0000,0.0000,0.0059
MD/add_sub_2op_verbal,0.5778,1.0000,0.5093,0.6235,0.2978,0.0626,0.0448,0.0592,0.2640,0.0000,0.0000,0.0195,0.0102,0.3706,0.5296,0.3519,0.5000,0.0635,0.0262,0.4196,0.0042,0.0059,0.0347,0.0169,0.0203,0.0008,0.0034,0.0042,0.0034,0.0431,0.0406,0.0212,0.0389,0.0254,0.0271,0.0347,0.0279,0.0364,0.0008,0.0017,0.0017,0.0000,0.0017,0.0000,0.0017,0.0042
MD/add_sub_3op_symbolic,0.6675,0.5093,1.0000,0.5254,0.3249,0.0093,0.0076,0.0051,0.3283,0.0000,0.0025,0.0034,0.0034,0.4729,0.3401,0.4619,0.3215,0.0626,0.0296,0.5017,0.0034,0.0017,0.0008,0.0042,0.0025,0.0008,0.0000,0.0034,0.0025,0.0068,0.0042,0.0059,0.0059,0.0059,0.0034,0.0042,0.0093,0.0042,0.0017,0.0042,0.0051,0.0034,0.0000,0.0017,0.0034,0.0034
MD/add_sub_3op_verbal,0.5000,0.6235,0.5254,1.0000,0.2580,0.0499,0.0372,0.0499,0.2259,0.0008,0.0034,0.0144,0.0110,0.3367,0.4298,0.3308,0.4255,0.0541,0.0228,0.3663,0.0042,0.0076,0.0355,0.0237,0.0186,0.0025,0.0042,0.0076,0.0085,0.0372,0.0372,0.0228,0.0313,0.0237,0.0203,0.0288,0.0305,0.0271,0.0008,0.0025,0.0017,0.0008,0.0008,0.0000,0.0008,0.0017
MD/code_A,0.3723,0.2978,0.3249,0.2580,1.0000,0.1565,0.3325,0.1396,0.4213,0.0237,0.0262,0.0888,0.0448,0.3613,0.2927,0.3536,0.2902,0.0956,0.0643,0.4019,0.0161,0.0118,0.0609,0.0533,0.0592,0.0085,0.0076,0.0169,0.0212,0.1142,0.1091,0.0508,0.0635,0.0448,0.0415,0.0702,0.0677,0.0457,0.0025,0.0034,0.0034,0.0008,0.0000,0.0017,0.0017,0.0118
MD/code_B,0.0135,0.0626,0.0093,0.0499,0.1565,1.0000,0.3232,0.6252,0.0102,0.0093,0.0288,0.0635,0.0863,0.0110,0.0635,0.0068,0.0660,0.0169,0.0465,0.0110,0.0186,0.0245,0.1379,0.1100,0.1142,0.0034,0.0203,0.0245,0.0415,0.3511,0.3545,0.1176,0.1464,0.1058,0.1387,0.1142,0.1142,0.1277,0.0051,0.0025,0.0017,0.0008,0.0076,0.0017,0.0008,0.0347
MD/code_conditional,0.0059,0.0448,0.0076,0.0372,0.3325,0.3232,1.0000,0.3190,0.0068,0.0567,0.0643,0.1743,0.1159,0.0102,0.0457,0.0076,0.0465,0.0068,0.0448,0.0059,0.0313,0.0220,0.1151,0.1286,0.1320,0.0144,0.0203,0.0296,0.0372,0.2521,0.2360,0.1193,0.1387,0.0956,0.0888,0.1345,0.1464,0.0973,0.0051,0.0017,0.0017,0.0017,0.0008,0.0025,0.0034,0.0271
MD/code_list,0.0068,0.0592,0.0051,0.0499,0.1396,0.6252,0.3190,1.0000,0.0068,0.0118,0.0245,0.0711,0.0973,0.0068,0.0643,0.0059,0.0711,0.0042,0.0423,0.0068,0.0212,0.0288,0.1540,0.1235,0.1303,0.0025,0.0195,0.0262,0.0398,0.3638,0.3782,0.1294,0.1582,0.1235,0.1404,0.1201,0.1337,0.1438,0.0051,0.0034,0.0034,0.0017,0.0102,0.0008,0.0008,0.0364
MD/code_loop,0.3773,0.2640,0.3283,0.2259,0.4213,0.0102,0.0068,0.0068,1.0000,0.0008,0.0051,0.0093,0.0068,0.4095,0.3105,0.4349,0.3257,0.0812,0.0288,0.4585,0.0034,0.0051,0.0034,0.0042,0.0051,0.0017,0.0025,0.0051,0.0025,0.0042,0.0034,0.0051,0.0059,0.0042,0.0034,0.0042,0.0042,0.0051,0.0017,0.0059,0.0042,0.0025,0.0008,0.0025,0.0025,0.0051
MD/logic_propositional_1,0.0000,0.0000,0.0000,0.0008,0.0237,0.0093,0.0567,0.0118,0.0008,1.0000,0.2014,0.0668,0.1971,0.0000,0.0000,0.0008,0.0008,0.0042,0.0076,0.0000,0.0296,0.0118,0.0051,0.0195,0.0389,0.0135,0.0110,0.0220,0.0305,0.1235,0.0829,0.0118,0.0254,0.0042,0.0118,0.0161,0.0313,0.0102,0.0000,0.0000,0.0000,0.0000,0.0000,0.0059,0.0000,0.0000
MD/logic_propositional_symbolic,0.0025,0.0000,0.0025,0.0034,0.0262,0.0288,0.0643,0.0245,0.0051,0.2014,1.0000,0.0651,0.1396,0.0034,0.0008,0.0017,0.0000,0.0178,0.0169,0.0025,0.0415,0.0161,0.0102,0.0245,0.0541,0.0212,0.0220,0.0330,0.0355,0.1201,0.0871,0.0161,0.0305,0.0068,0.0135,0.0195,0.0347,0.0102,0.0000,0.0000,0.0008,0.0000,0.0000,0.0017,0.0008,0.0008
MD/logic_syllogism_1,0.0076,0.0195,0.0034,0.0144,0.0888,0.0635,0.1743,0.0711,0.0093,0.0668,0.0651,1.0000,0.0728,0.0051,0.0135,0.0042,0.0178,0.0118,0.0330,0.0025,0.0440,0.0279,0.0415,0.0821,0.0821,0.0288,0.0271,0.0431,0.0355,0.0804,0.0626,0.0355,0.0753,0.0440,0.0474,0.0821,0.0846,0.0457,0.0042,0.0068,0.0093,0.0059,0.0085,0.0068,0.0059,0.0186
MD/logic_syllogism_symbolic,0.0085,0.0102,0.0034,0.0110,0.0448,0.0863,0.1159,0.0973,0.0068,0.1971,0.1396,0.0728,1.0000,0.0034,0.0135,0.0042,0.0102,0.0118,0.0415,0.0059,0.0313,0.0135,0.0482,0.0567,0.0753,0.0093,0.0110,0.0254,0.0457,0.1827,0.1447,0.0677,0.0592,0.0533,0.0651,0.0482,0.0643,0.0575,0.0059,0.0144,0.0110,0.0102,0.0127,0.0110,0.0051,0.0212
MD/mul_div_2op_symbolic,0.5296,0.3706,0.4729,0.3367,0.3613,0.0110,0.0102,0.0068,0.4095,0.0000,0.0034,0.0051,0.0034,1.0000,0.6218,0.6988,0.5059,0.0787,0.0313,0.5846,0.0000,0.0017,0.0068,0.0085,0.0059,0.0008,0.0000,0.0017,0.0025,0.0059,0.0051,0.0059,0.0059,0.0042,0.0034,0.0034,0.0076,0.0068,0.0017,0.0025,0.0025,0.0008,0.0025,0.0008,0.0008,0.0034
MD/mul_div_2op_verbal,0.3934,0.5296,0.3401,0.4298,0.2927,0.0635,0.0457,0.0643,0.3105,0.0000,0.0008,0.0135,0.0135,0.6218,1.0000,0.5558,0.6768,0.0728,0.0347,0.4442,0.0025,0.0059,0.0423,0.0169,0.0178,0.0034,0.0017,0.0042,0.0051,0.0533,0.0482,0.0262,0.0398,0.0254,0.0271,0.0355,0.0305,0.0347,0.0017,0.0017,0.0017,0.0000,0.0000,0.0008,0.0008,0.0051
MD/mul_div_3op_symbolic,0.5051,0.3519,0.4619,0.3308,0.3536,0.0068,0.0076,0.0059,0.4349,0.0008,0.0017,0.0042,0.0042,0.6988,0.5558,1.0000,0.5719,0.0719,0.0279,0.5812,0.0025,0.0017,0.0059,0.0068,0.0051,0.0008,0.0000,0.0008,0.0034,0.0085,0.0068,0.0059,0.0068,0.0068,0.0051,0.0025,0.0076,0.0076,0.0008,0.0017,0.0017,0.0017,0.0000,0.0008,0.0008,0.0042
MD/mul_div_3op_verbal,0.3562,0.5000,0.3215,0.4255,0.2902,0.0660,0.0465,0.0711,0.3257,0.0008,0.0000,0.0178,0.0102,0.5059,0.6768,0.5719,1.0000,0.0694,0.0313,0.4222,0.0025,0.0051,0.0482,0.0262,0.0271,0.0017,0.0017,0.0034,0.0051,0.0592,0.0533,0.0254,0.0415,0.0347,0.0338,0.0389,0.0381,0.0415,0.0000,0.0008,0.0008,0.0008,0.0008,0.0000,0.0000,0.0051
MD/number_sequence,0.0736,0.0635,0.0626,0.0541,0.0956,0.0169,0.0068,0.0042,0.0812,0.0042,0.0178,0.0118,0.0118,0.0787,0.0728,0.0719,0.0694,1.0000,0.0448,0.0922,0.0127,0.0245,0.0051,0.0085,0.0144,0.0195,0.0203,0.0220,0.0178,0.0034,0.0025,0.0093,0.0068,0.0034,0.0076,0.0102,0.0042,0.0051,0.0051,0.0042,0.0025,0.0000,0.0000,0.0008,0.0008,0.0000
MD/number_sorting,0.0296,0.0262,0.0296,0.0228,0.0643,0.0465,0.0448,0.0423,0.0288,0.0076,0.0169,0.0330,0.0415,0.0313,0.0347,0.0279,0.0313,0.0448,1.0000,0.0313,0.0237,0.0118,0.0288,0.0355,0.0431,0.0102,0.0068,0.0144,0.0212,0.0389,0.0415,0.0254,0.0516,0.0237,0.0364,0.0338,0.0355,0.0212,0.0042,0.0017,0.0017,0.0000,0.0008,0.0017,0.0034,0.0059
MD/simple_equation,0.5854,0.4196,0.5017,0.3663,0.4019,0.0110,0.0059,0.0068,0.4585,0.0000,0.0025,0.0025,0.0059,0.5846,0.4442,0.5812,0.4222,0.0922,0.0313,1.0000,0.0017,0.0017,0.0042,0.0034,0.0042,0.0000,0.0008,0.0017,0.0025,0.0034,0.0034,0.0051,0.0068,0.0059,0.0051,0.0042,0.0051,0.0051,0.0017,0.0034,0.0025,0.0017,0.0025,0.0017,0.0017,0.0034
ToM/agent,0.0068,0.0042,0.0034,0.0042,0.0161,0.0186,0.0313,0.0212,0.0034,0.0296,0.0415,0.0440,0.0313,0.0000,0.0025,0.0025,0.0025,0.0127,0.0237,0.0017,1.0000,0.0804,0.0262,0.0330,0.0448,0.1201,0.0888,0.1777,0.2843,0.0245,0.0178,0.0195,0.0364,0.0262,0.0195,0.0220,0.0245,0.0254,0.0076,0.0034,0.0017,0.0000,0.0017,0.0017,0.0008,0.0059
ToM/desires_goals,0.0059,0.0059,0.0017,0.0076,0.0118,0.0245,0.0220,0.0288,0.0051,0.0118,0.0161,0.0279,0.0135,0.0017,0.0059,0.0017,0.0051,0.0245,0.0118,0.0017,0.0804,1.0000,0.0127,0.0152,0.0237,0.0719,0.1591,0.1616,0.0812,0.0279,0.0271,0.0186,0.0169,0.0152,0.0195,0.0144,0.0144,0.0186,0.0051,0.0008,0.0025,0.0017,0.0008,0.0042,0.0034,0.0051
ToM/emotion_fewshot,0.0093,0.0347,0.0008,0.0355,0.0609,0.1379,0.1151,0.1540,0.0034,0.0051,0.0102,0.0415,0.0482,0.0068,0.0423,0.0059,0.0482,0.0051,0.0288,0.0042,0.0262,0.0127,1.0000,0.1303,0.1201,0.0169,0.0135,0.0212,0.0254,0.1371,0.1371,0.1210,0.1354,0.1201,0.1151,0.1413,0.1311,0.1134,0.0059,0.0102,0.0118,0.0110,0.0203,0.0008,0.0042,0.0144
ToM/norm_appropriate,0.0076,0.0169,0.0042,0.0237,0.0533,0.1100,0.1286,0.1235,0.0042,0.0195,0.0245,0.0821,0.0567,0.0085,0.0169,0.0068,0.0262,0.0085,0.0355,0.0034,0.0330,0.0152,0.1303,1.0000,0.2369,0.0152,0.0161,0.0245,0.0262,0.1142,0.1193,0.1337,0.1489,0.1058,0.1125,0.1201,0.2496,0.1303,0.0034,0.0161,0.0118,0.0135,0.0127,0.0034,0.0076,0.0220
ToM/norm_moral,0.0076,0.0203,0.0025,0.0186,0.0592,0.1142,0.1320,0.1303,0.0051,0.0389,0.0541,0.0821,0.0753,0.0059,0.0178,0.0051,0.0271,0.0144,0.0431,0.0042,0.0448,0.0237,0.1201,0.2369,1.0000,0.0296,0.0338,0.0423,0.0491,0.1421,0.1404,0.1151,0.1675,0.1091,0.1379,0.1176,0.2335,0.1565,0.0051,0.0093,0.0076,0.0068,0.0093,0.0017,0.0059,0.0271
ToM/primary_emotions,0.0034,0.0008,0.0008,0.0025,0.0085,0.0034,0.0144,0.0025,0.0017,0.0135,0.0212,0.0288,0.0093,0.0008,0.0034,0.0008,0.0017,0.0195,0.0102,0.0000,0.1201,0.0719,0.0169,0.0152,0.0296,1.0000,0.1870,0.0888,0.0854,0.0085,0.0068,0.0076,0.0203,0.0068,0.0085,0.0178,0.0127,0.0076,0.0017,0.0017,0.0008,0.0000,0.0000,0.0051,0.0017,0.0017
ToM/secondary_emotions,0.0034,0.0034,0.0000,0.0042,0.0076,0.0203,0.0203,0.0195,0.0025,0.0110,0.0220,0.0271,0.0110,0.0000,0.0017,0.0000,0.0017,0.0203,0.0068,0.0008,0.0888,0.1591,0.0135,0.0161,0.0338,0.1870,1.0000,0.1303,0.0711,0.0262,0.0220,0.0110,0.0186,0.0102,0.0135,0.0102,0.0127,0.0161,0.0008,0.0008,0.0000,0.0000,0.0000,0.0034,0.0008,0.0017
ToM/social_interactions,0.0059,0.0042,0.0034,0.0076,0.0169,0.0245,0.0296,0.0262,0.0051,0.0220,0.0330,0.0431,0.0254,0.0017,0.0042,0.0008,0.0034,0.0220,0.0144,0.0017,0.1777,0.1616,0.0212,0.0245,0.0423,0.0888,0.1303,1.0000,0.1937,0.0338,0.0288,0.0262,0.0271,0.0212,0.0212,0.0313,0.0305,0.0305,0.0059,0.0068,0.0034,0.0017,0.0017,0.0008,0.0025,0.0008
ToM/social_relations,0.0042,0.0034,0.0025,0.0085,0.0212,0.0415,0.0372,0.0398,0.0025,0.0305,0.0355,0.0355,0.0457,0.0025,0.0051,0.0034,0.0051,0.0178,0.0212,0.0025,0.2843,0.0812,0.0254,0.0262,0.0491,0.0854,0.0711,0.1937,1.0000,0.0499,0.0448,0.0245,0.0431,0.0305,0.0381,0.0254,0.0364,0.0448,0.0085,0.0076,0.0068,0.0034,0.0008,0.0059,0.0034,0.0059
phys/phys_newton,0.0076,0.0431,0.0068,0.0372,0.1142,0.3511,0.2521,0.3638,0.0042,0.1235,0.1201,0.0804,0.1827,0.0059,0.0533,0.0085,0.0592,0.0034,0.0389,0.0034,0.0245,0.0279,0.1371,0.1142,0.1421,0.0085,0.0262,0.0338,0.0499,1.0000,0.5406,0.1261,0.1607,0.1184,0.1396,0.1125,0.1379,0.1354,0.0068,0.0068,0.0068,0.0051,0.0076,0.0025,0.0025,0.0212
phys/phys_prost,0.0051,0.0406,0.0042,0.0372,0.1091,0.3545,0.2360,0.3782,0.0034,0.0829,0.0871,0.0626,0.1447,0.0051,0.0482,0.0068,0.0533,0.0025,0.0415,0.0034,0.0178,0.0271,0.1371,0.1193,0.1404,0.0068,0.0220,0.0288,0.0448,0.5406,1.0000,0.1294,0.1633,0.1303,0.1455,0.1218,0.1455,0.1413,0.0051,0.0059,0.0051,0.0051,0.0076,0.0008,0.0017,0.0220
phys/physics_brightness,0.0102,0.0212,0.0059,0.0228,0.0508,0.1176,0.1193,0.1294,0.0051,0.0118,0.0161,0.0355,0.0677,0.0059,0.0262,0.0059,0.0254,0.0093,0.0254,0.0051,0.0195,0.0186,0.1210,0.1337,0.1151,0.0076,0.0110,0.0262,0.0245,0.1261,0.1294,1.0000,0.1624,0.1354,0.1531,0.1168,0.1447,0.1362,0.0051,0.0118,0.0178,0.0169,0.0135,0.0025,0.0118,0.0448
phys/physics_buoyancy,0.0059,0.0389,0.0059,0.0313,0.0635,0.1464,0.1387,0.1582,0.0059,0.0254,0.0305,0.0753,0.0592,0.0059,0.0398,0.0068,0.0415,0.0068,0.0516,0.0068,0.0364,0.0169,0.1354,0.1489,0.1675,0.0203,0.0186,0.0271,0.0431,0.1607,0.1633,0.1624,1.0000,0.1717,0.2090,0.1692,0.1794,0.1743,0.0034,0.0135,0.0135,0.0152,0.0102,0.0034,0.0127,0.0415
phys/physics_elasticity,0.0059,0.0254,0.0059,0.0237,0.0448,0.1058,0.0956,0.1235,0.0042,0.0042,0.0068,0.0440,0.0533,0.0042,0.0254,0.0068,0.0347,0.0034,0.0237,0.0059,0.0262,0.0152,0.1201,0.1058,0.1091,0.0068,0.0102,0.0212,0.0305,0.1184,0.1303,0.1354,0.1717,1.0000,0.1481,0.1015,0.1168,0.1472,0.0076,0.0186,0.0178,0.0195,0.0237,0.0025,0.0254,0.0423
phys/physics_solubility,0.0093,0.0271,0.0034,0.0203,0.0415,0.1387,0.0888,0.1404,0.0034,0.0118,0.0135,0.0474,0.0651,0.0034,0.0271,0.0051,0.0338,0.0076,0.0364,0.0051,0.0195,0.0195,0.1151,0.1125,0.1379,0.0085,0.0135,0.0212,0.0381,0.1396,0.1455,0.1531,0.2090,0.1481,1.0000,0.1244,0.1277,0.1751,0.0034,0.0178,0.0186,0.0186,0.0118,0.0051,0.0161,0.0406
phys/physics_speed,0.0059,0.0347,0.0042,0.0288,0.0702,0.1142,0.1345,0.1201,0.0042,0.0161,0.0195,0.0821,0.0482,0.0034,0.0355,0.0025,0.0389,0.0102,0.0338,0.0042,0.0220,0.0144,0.1413,0.1201,0.1176,0.0178,0.0102,0.0313,0.0254,0.1125,0.1218,0.1168,0.1692,0.1015,0.1244,1.0000,0.1717,0.1252,0.0051,0.0110,0.0085,0.0093,0.0186,0.0008,0.0042,0.0152
phys/physics_stability,0.0093,0.0279,0.0093,0.0305,0.0677,0.1142,0.1464,0.1337,0.0042,0.0313,0.0347,0.0846,0.0643,0.0076,0.0305,0.0076,0.0381,0.0042,0.0355,0.0051,0.0245,0.0144,0.1311,0.2496,0.2335,0.0127,0.0127,0.0305,0.0364,0.1379,0.1455,0.1447,0.1794,0.1168,0.1277,0.1717,1.0000,0.1269,0.0051,0.0161,0.0144,0.0152,0.0161,0.0025,0.0034,0.0169
phys/physics_temperature,0.0102,0.0364,0.0042,0.0271,0.0457,0.1277,0.0973,0.1438,0.0051,0.0102,0.0102,0.0457,0.0575,0.0068,0.0347,0.0076,0.0415,0.0051,0.0212,0.0051,0.0254,0.0186,0.1134,0.1303,0.1565,0.0076,0.0161,0.0305,0.0448,0.1354,0.1413,0.1362,0.1743,0.1472,0.1751,0.1252,0.1269,1.0000,0.0068,0.0118,0.0085,0.0144,0.0228,0.0025,0.0093,0.0296
Lan/anaphor_gender_agreement,0.0000,0.0008,0.0017,0.0008,0.0025,0.0051,0.0051,0.0051,0.0017,0.0000,0.0000,0.0042,0.0059,0.0017,0.0017,0.0008,0.0000,0.0051,0.0042,0.0017,0.0076,0.0051,0.0059,0.0034,0.0051,0.0017,0.0008,0.0059,0.0085,0.0068,0.0051,0.0051,0.0034,0.0076,0.0034,0.0051,0.0051,0.0068,1.0000,0.0288,0.0220,0.0135,0.0127,0.0212,0.0212,0.0068
Lan/det_noun_agreement_irregular,0.0025,0.0017,0.0042,0.0025,0.0034,0.0025,0.0017,0.0034,0.0059,0.0000,0.0000,0.0068,0.0144,0.0025,0.0017,0.0017,0.0008,0.0042,0.0017,0.0034,0.0034,0.0008,0.0102,0.0161,0.0093,0.0017,0.0008,0.0068,0.0076,0.0068,0.0059,0.0118,0.0135,0.0186,0.0178,0.0110,0.0161,0.0118,0.0288,1.0000,0.5626,0.4425,0.0550,0.0144,0.0592,0.1100
Lan/det_noun_agreement_regular,0.0034,0.0017,0.0051,0.0017,0.0034,0.0017,0.0017,0.0034,0.0042,0.0000,0.0008,0.0093,0.0110,0.0025,0.0017,0.0017,0.0008,0.0025,0.0017,0.0025,0.0017,0.0025,0.0118,0.0118,0.0076,0.0008,0.0000,0.0034,0.0068,0.0068,0.0051,0.0178,0.0135,0.0178,0.0186,0.0085,0.0144,0.0085,0.0220,0.5626,1.0000,0.5372,0.0668,0.0195,0.0635,0.1311
Lan/det_noun_agreement_with_adjective,0.0017,0.0000,0.0034,0.0008,0.0008,0.0008,0.0017,0.0017,0.0025,0.0000,0.0000,0.0059,0.0102,0.0008,0.0000,0.0017,0.0008,0.0000,0.0000,0.0017,0.0000,0.0017,0.0110,0.0135,0.0068,0.0000,0.0000,0.0017,0.0034,0.0051,0.0051,0.0169,0.0152,0.0195,0.0186,0.0093,0.0152,0.0144,0.0135,0.4425,0.5372,1.0000,0.0719,0.0135,0.0609,0.1481
Lan/hypernymy,0.0017,0.0017,0.0000,0.0008,0.0000,0.0076,0.0008,0.0102,0.0008,0.0000,0.0000,0.0085,0.0127,0.0025,0.0000,0.0000,0.0008,0.0000,0.0008,0.0025,0.0017,0.0008,0.0203,0.0127,0.0093,0.0000,0.0000,0.0017,0.0008,0.0076,0.0076,0.0135,0.0102,0.0237,0.0118,0.0186,0.0161,0.0228,0.0127,0.0550,0.0668,0.0719,1.0000,0.0059,0.0118,0.0271
Lan/npi,0.0000,0.0000,0.0017,0.0000,0.0017,0.0017,0.0025,0.0008,0.0025,0.0059,0.0017,0.0068,0.0110,0.0008,0.0008,0.0008,0.0000,0.0008,0.0017,0.0017,0.0017,0.0042,0.0008,0.0034,0.0017,0.0051,0.0034,0.0008,0.0059,0.0025,0.0008,0.0025,0.0034,0.0025,0.0051,0.0008,0.0025,0.0025,0.0212,0.0144,0.0195,0.0135,0.0059,1.0000,0.0169,0.0059
Lan/subject_verb_agreement,0.0000,0.0017,0.0034,0.0008,0.0017,0.0008,0.0034,0.0008,0.0025,0.0000,0.0008,0.0059,0.0051,0.0008,0.0008,0.0008,0.0000,0.0008,0.0034,0.0017,0.0008,0.0034,0.0042,0.0076,0.0059,0.0017,0.0008,0.0025,0.0034,0.0025,0.0017,0.0118,0.0127,0.0254,0.0161,0.0042,0.0034,0.0093,0.0212,0.0592,0.0635,0.0609,0.0118,0.0169,1.0000,0.0313
Lan/wug,0.0059,0.0042,0.0034,0.0017,0.0118,0.0347,0.0271,0.0364,0.0051,0.0000,0.0008,0.0186,0.0212,0.0034,0.0051,0.0042,0.0051,0.0000,0.0059,0.0034,0.0059,0.0051,0.0144,0.0220,0.0271,0.0017,0.0017,0.0008,0.0059,0.0212,0.0220,0.0448,0.0415,0.0423,0.0406,0.0152,0.0169,0.0296,0.0068,0.1100,0.1311,0.1481,0.0271,0.0059,0.0313,1.0000
